#0. numberOfHosts, 1. slotCount, 2. SxSlots, 3. stdSxSlots, 4. ColSlots, 5. stdColSlots, 6. EmptySlots, 7. stdEmptySlots
70 256000 0.36695874 0.00093044150072 0.33072152 0.000535840743716 0.30231978 0.00118506769683
70 384000 0.36699045 0.000671047430545 0.33060993 0.000449874848029 0.30239955 0.000871616150978
70 449000 0.36696384 0.000701493222931 0.33062256 0.00043919895678 0.30241363 0.000923076133689
70 213000 0.3669115 0.00102524998183 0.33066809 0.000605897099224 0.30242042 0.00134311974526
70 170000 0.36692766 0.00116248399333 0.33077981 0.000703557478214 0.30229263 0.00152613947928
70 71000 0.36645735 0.00177703548037 0.33088198 0.00108276511886 0.3026607 0.00220846644767
70 446000 0.36696147 0.000702980673542 0.33062983 0.000445905730287 0.30240872 0.000928840638059
70 127000 0.36689259 0.00131364729438 0.33087836 0.000860144156581 0.30222904 0.00168919068494
70 84000 0.36659581 0.00167362204255 0.33085317 0.00106432126667 0.30255094 0.0021674851173
70 270000 0.36698267 0.000898315494904 0.33072381 0.000514376384125 0.30229352 0.00113609390599
70 41000 0.36639432 0.00239270069245 0.33099832 0.00150810833333 0.30260732 0.00310070629908
70 443000 0.36697181 0.000701366151655 0.33062997 0.000448381341465 0.3023982 0.000930839612306
70 254000 0.36696612 0.000929019307842 0.33070378 0.000532047551987 0.30233007 0.0011778265573
70 341000 0.36701779 0.000768273629377 0.33063857 0.000456332376097 0.30234361 0.000978563995265
70 211000 0.36693168 0.00101846350782 0.33069423 0.0006095239052 0.30237406 0.00134075325444
70 440000 0.36697267 0.000702954587883 0.33062003 0.000450358094445 0.30240729 0.000929859632016
70 168000 0.36692299 0.00116068291892 0.33079724 0.000710973043857 0.30227981 0.00153670481577
70 28000 0.36598039 0.00276811915102 0.33143139 0.00177739479022 0.30258819 0.0033568311166
70 125000 0.36686048 0.00131646116141 0.33086384 0.00087022373438 0.30227568 0.00169192474747
70 437000 0.36697096 0.000702791977786 0.33062492 0.000449130443359 0.3024041 0.000929345044707
70 82000 0.3665814 0.00167131066937 0.33083523 0.00107277462265 0.30258336 0.00214369463244
70 355000 0.36700914 0.000740299543797 0.33063659 0.000465384799945 0.30235425 0.000962044512452
70 39000 0.36640468 0.00243752869501 0.33101361 0.00155012400869 0.30258179 0.00315964208207
70 392000 0.36699568 0.000679818378597 0.33062395 0.000448294622076 0.30238031 0.000886885626815
70 252000 0.3669595 0.000928701977836 0.33069762 0.00053524758323 0.30234292 0.0011828284
70 298000 0.36701084 0.000858114973343 0.3306631 0.000493163658373 0.30232609 0.00106013968105
70 209000 0.36691958 0.00102448223119 0.33069794 0.000612293945055 0.3023825 0.00134238632308
70 544000 0.366917704082 0.000661205213387 0.330583612245 0.000364826286375 0.302498571429 0.000821437525468
70 166000 0.36691394 0.00114523333444 0.33081458 0.000710728210707 0.30227145 0.00150322769484
70 369000 0.36700015 0.000707948285719 0.33062607 0.000461673509522 0.30237381 0.000917795775076
70 431000 0.36698731 0.000713743647144 0.3306326 0.000461281789028 0.3023801 0.000941045995505
70 123000 0.36683164 0.00132931656717 0.33084417 0.000884546360423 0.30232418 0.00172565708978
70 530000 0.36693125 0.000673745753908 0.33061181 0.000386976383144 0.30245685 0.000853447771387
70 336000 0.36703095 0.000790265386635 0.33064891 0.000463840840323 0.30232023 0.00100799529876
70 56000 0.36639912 0.00191322848029 0.33095496 0.00124157598546 0.30264588 0.00249697157292
70 428000 0.36698772 0.000713958945146 0.3306325 0.000460565517554 0.3023798 0.000938090323234
70 37000 0.36640511 0.00253965646247 0.33109025 0.00163192507859 0.30250457 0.0033204690987
70 250000 0.36695928 0.000946694387985 0.33069044 0.000536162464448 0.30235028 0.00120373268015
70 383000 0.3669948 0.0006719883657 0.33060975 0.000450871106915 0.30239548 0.000872142045237
70 538000 0.36694124 0.000674102892365 0.33059775 0.000388189721787 0.30246105 0.000856541818222
70 425000 0.36699808 0.000723283445843 0.33064298 0.000463803401837 0.30235892 0.000940197439828
70 207000 0.366923 0.00103108333731 0.33068662 0.000631484554863 0.30239032 0.00136142830435
70 164000 0.36691712 0.00115132151807 0.33081768 0.000713233168838 0.3022652 0.00150466768706
70 326000 0.36702662 0.000824323190762 0.33061797 0.00047038042749 0.3023554 0.00104659832821
70 535000 0.36693457 0.00067234081147 0.3306041 0.000381599358892 0.30246128 0.000845437381036
70 121000 0.36682349 0.00130739526297 0.33084719 0.000884495584095 0.30232931 0.00172121215623
70 422000 0.36699992 0.000725847977516 0.3306558 0.000467036931034 0.30234432 0.000944487567548
70 78000 0.3664982 0.00173253330022 0.3307755 0.00108907852348 0.3027263 0.00219732909265
70 13000 0.36535387 0.00383980551553 0.33264456 0.00252006261073 0.30200153 0.00479234151549
70 490000 0.36694468 0.000705768094799 0.33062089 0.000416927745963 0.30243446 0.000913029494031
70 532000 0.36693597 0.000672245152117 0.33060733 0.000389068066933 0.30245669 0.000854760899819
70 35000 0.36627747 0.00252139860762 0.331198 0.0016828533249 0.30252455 0.00327977379232
70 419000 0.36699685 0.000725522944454 0.33065469 0.000466689711444 0.30234858 0.000941537547383
70 248000 0.3669602 0.000954718658649 0.33068872 0.000539207837967 0.30235103 0.00121360441074
70 340000 0.36701816 0.00077640416581 0.33064031 0.000455406460586 0.30234153 0.000984370674773
70 205000 0.36691577 0.00103266852373 0.33068804 0.000626561595318 0.30239621 0.00136192973087
70 529000 0.36692567 0.000671830952989 0.33061315 0.000389388159667 0.30246118 0.000853197235596
70 416000 0.36700155 0.000711594004878 0.33065347 0.000461234869835 0.30234503 0.000919693816584
70 162000 0.36693376 0.00115233917671 0.33080048 0.000715043284414 0.30226577 0.00149709785147
70 27000 0.36589404 0.00282199692502 0.331553 0.00179726998922 0.30255295 0.00341744787337
70 411000 0.36699655 0.000714707545967 0.33064913 0.000463276182545 0.30235431 0.000925440410526
70 119000 0.36679684 0.00127815586631 0.33085316 0.000874442075748 0.30235005 0.00168446267172
70 526000 0.36693962 0.0006795006155 0.33061669 0.000390478072562 0.30244368 0.000861746557225
70 332000 0.36703259 0.000808052879745 0.33062324 0.000475671245439 0.3023442 0.00103168422661
70 354000 0.36701461 0.000743271432332 0.33063501 0.000466945100811 0.30235033 0.000969209227341
70 454000 0.36696709 0.000705333263089 0.33062988 0.000434050601714 0.30240301 0.000924179707206
70 289000 0.36700407 0.000853695179614 0.33067703 0.000511512067356 0.30231893 0.00108679129472
70 523000 0.3669536 0.00068602087903 0.33062075 0.000396537039553 0.30242574 0.000878372630022
70 246000 0.36695012 0.000969618119976 0.3306968 0.000546093565077 0.30235309 0.00123047897462
70 297000 0.36701192 0.000847041800454 0.33066449 0.000491248676869 0.30232359 0.00104415872178
70 410000 0.36699829 0.00070554224859 0.33064261 0.000465093732163 0.30235905 0.000920299955219
70 203000 0.36690701 0.00103659781994 0.33069321 0.000621666842067 0.30239974 0.00136466551657
70 433000 0.36698415 0.000713927837439 0.33062515 0.000462778965827 0.30239062 0.000945041058164
70 160000 0.36693272 0.00116122726858 0.33077254 0.000730907080278 0.30229469 0.00151057864821
70 368000 0.36699581 0.000711212859285 0.3306302 0.000459040875361 0.30237396 0.000923246291926
70 407000 0.36699046 0.000706628020956 0.33063304 0.000462941515603 0.30237655 0.000929483383989
70 117000 0.36677605 0.00130493462335 0.33085064 0.00090149512758 0.30237331 0.00174779381105
70 330000 0.36703135 0.000817784014544 0.33062041 0.000472377504724 0.30234828 0.00103857976141
70 311000 0.3670176 0.000838055698349 0.33063637 0.000482211355124 0.30234601 0.00104410072945
70 517000 0.36695387 0.000686457568266 0.33062266 0.000403506454707 0.30242343 0.000885418137311
70 412000 0.36699381 0.000712804940168 0.3306568 0.000462029143337 0.30234942 0.000924616733921
70 404000 0.36699249 0.00069665043471 0.33062645 0.000457739204453 0.3023811 0.000911853695291
70 31000 0.36606425 0.00266869220184 0.33121774 0.00176550036185 0.30271804 0.00340360566364
70 455000 0.36696733 0.000702427106179 0.33063061 0.000433731376511 0.30240206 0.000924647471125
70 244000 0.366938 0.000969863543458 0.33068298 0.000555064833414 0.3023791 0.00124342880859
70 382000 0.36699365 0.000681198622379 0.33061113 0.000452913411909 0.30239515 0.000883044176515
70 514000 0.36695694 0.000688296224988 0.33061833 0.000404574824958 0.30242469 0.00088963685356
70 201000 0.36690333 0.00103799401582 0.33068792 0.000633703443372 0.30240872 0.00137585179552
70 401000 0.3669928 0.000690098250947 0.3306203 0.000450100089879 0.30238691 0.000890174209428
70 158000 0.36693169 0.00118234098121 0.33078428 0.000735479161891 0.30228406 0.00153099787766
70 325000 0.36702718 0.000827662088614 0.33061962 0.000469982801749 0.30235316 0.00104704135081
70 511000 0.36695366 0.00069146004537 0.33062195 0.000405520301152 0.30242441 0.000889491286857
70 115000 0.36673263 0.00132082477795 0.33083546 0.000913512639112 0.30243184 0.00176415872141
70 398000 0.36699789 0.000681989067939 0.3306141 0.00045433938056 0.302388 0.000887345991759
70 328000 0.3670306 0.000817161903026 0.33061997 0.00047929762279 0.30234941 0.00104294825012
70 12000 0.36516752 0.00399989595946 0.33270665 0.00258719213413 0.30212582 0.00517140300675
70 477000 0.36695534 0.000683968769149 0.33061023 0.000422035228914 0.30243454 0.000901912887684
70 285000 0.36699731 0.000859943346678 0.33066871 0.000517992322688 0.30233393 0.00109844673857
70 508000 0.36695326 0.000692010693851 0.33061355 0.000407077968235 0.30243313 0.000891315616594
70 395000 0.36700525 0.000686380984629 0.33061792 0.00044820690298 0.3023768 0.000888406449888
70 242000 0.36694288 0.000969053565979 0.33068056 0.000545157327306 0.30237657 0.0012334477691
70 339000 0.36701415 0.00077949485553 0.33064574 0.000457159999399 0.30234003 0.000989666594762
70 199000 0.36692602 0.00104852117101 0.33069378 0.000635945086569 0.30238016 0.00139318170641
70 505000 0.36695437 0.000682702630667 0.33061576 0.000401594929341 0.30242996 0.000873956369482
70 156000 0.36694027 0.00118047479623 0.33078228 0.000753401955577 0.30227751 0.00152685955838
70 282000 0.36698586 0.000863440241655 0.33069984 0.000514420822112 0.30231433 0.00109744930216
70 113000 0.36670808 0.00133293388471 0.3308503 0.000922654049441 0.30244168 0.00178027054964
70 502000 0.36695836 0.000691321023823 0.3306152 0.000408542074042 0.30242644 0.000882225655643
70 70000 0.36643291 0.0018098826241 0.33090984 0.00106617907151 0.30265729 0.00219627750862
70 353000 0.36700858 0.000745464890271 0.33063166 0.000464198042463 0.30235978 0.00096660419422
70 389000 0.36698857 0.000677197601155 0.33061664 0.000442581260472 0.30239477 0.00087626549013
70 283000 0.36698743 0.000865866673374 0.33068717 0.000509582341459 0.30232546 0.00109291346724
70 499000 0.36695682 0.000692527728067 0.3306065 0.000409773983034 0.30243669 0.000888437928858
70 240000 0.36695183 0.000969430875995 0.33068842 0.000549216727474 0.30235973 0.00123776648681
70 296000 0.36701152 0.000845133932127 0.33067559 0.000497792157654 0.30231291 0.00105107976319
70 386000 0.36698197 0.000674095959584 0.33061302 0.000441572442322 0.30240513 0.000869983230478
70 197000 0.36693838 0.00106828554973 0.33068081 0.000635987162297 0.30238074 0.00140561184507
70 154000 0.36692478 0.001186904484 0.33078981 0.000756974769671 0.30228545 0.00154006160427
70 367000 0.36699955 0.000711299257583 0.33062986 0.000460338676817 0.3023706 0.00092575870059
70 496000 0.36694297 0.000705430901412 0.33060745 0.000406963859984 0.3024496 0.000898647794515
70 111000 0.36671459 0.00133468439197 0.33086324 0.000936119608606 0.30242215 0.00180417364265
70 324000 0.36703312 0.000825207917235 0.33062548 0.000469882329564 0.30234139 0.00104544583206
70 310000 0.36701941 0.000846097602783 0.33063914 0.000484448703021 0.30234145 0.00105680710638
70 493000 0.36694411 0.000707066480594 0.33061506 0.000412333071703 0.30244082 0.000908096848615
70 281000 0.36699902 0.000866236046632 0.33070337 0.000512554419973 0.30229757 0.00110224097949
70 238000 0.36693099 0.000972262107644 0.33068839 0.000563936379659 0.30238055 0.00125378633315
70 381000 0.36699387 0.00068757957343 0.33060829 0.000455638397629 0.30239792 0.000889775441878
70 434000 0.36698285 0.000711740381889 0.33062198 0.000462510976774 0.30239523 0.000946397292607
70 195000 0.36695752 0.00109097996426 0.33070381 0.000642622227418 0.30233869 0.00143017963621
70 152000 0.36691635 0.00121205547407 0.33076731 0.000762594557078 0.30231635 0.00157226635222
70 68000 0.36643603 0.00181470322284 0.33094414 0.00111178403378 0.30261983 0.00223586400742
70 109000 0.36669061 0.00138326380179 0.33087496 0.000933293461486 0.30243437 0.00185019230043
70 322000 0.36702191 0.000822413362788 0.33063992 0.000470503012152 0.30233811 0.00103452297986
70 267000 0.3669618 0.000889795856737 0.33072482 0.000517651171108 0.30231332 0.00112308401945
70 279000 0.36699318 0.000871875053369 0.33070732 0.00050183432978 0.30229945 0.00110592539408
70 484000 0.36695099 0.000694434374804 0.33061116 0.000414800298062 0.30243784 0.000900754742122
70 518000 0.36695297 0.000686510992283 0.33062034 0.000401099580069 0.30242664 0.000884869773218
70 236000 0.36692343 0.000979272171028 0.33069562 0.000567586344252 0.30238094 0.00126284752649
70 338000 0.36701639 0.000782724855808 0.33064304 0.000462989580789 0.30234061 0.000997080403584
70 193000 0.36695911 0.00108812401714 0.33068422 0.000646049261342 0.30235668 0.00143345330633
70 481000 0.36695094 0.000694567285103 0.33061889 0.000417645901319 0.30243015 0.000908433331999
70 150000 0.36690969 0.00121689295276 0.33076708 0.000776750348984 0.30232323 0.00157866701125
70 25000 0.3657416 0.00272539820832 0.3316892 0.00186475967526 0.3025692 0.00327910731878
70 107000 0.36671844 0.00139700800284 0.33083006 0.000932531590929 0.30245151 0.00185904281603
70 466000 0.36695464 0.000689209553391 0.33062784 0.000423738024651 0.30241761 0.000910411094789
70 64000 0.3664303 0.00181580618765 0.33092512 0.0011333307155 0.30264453 0.00234043520711
70 352000 0.36701694 0.000748556993235 0.33063457 0.000460002794348 0.30234846 0.00096337889606
70 540000 0.36693805 0.000673945212157 0.33059904 0.000385635299528 0.30246277 0.000851631279049
70 424000 0.36700269 0.00072679414638 0.33064988 0.000464684845521 0.30234741 0.000945275483281
70 21000 0.36552287 0.00281270918919 0.33164713 0.00198485052565 0.30283002 0.00340351933715
70 234000 0.36690659 0.000980226680597 0.33070799 0.000578481807769 0.30238545 0.00127676211665
70 295000 0.36700769 0.000846093885172 0.33067409 0.000501038095993 0.30231826 0.00105699184003
70 191000 0.36695284 0.00108948827502 0.33068554 0.000657791244709 0.30236157 0.00144528771911
70 148000 0.36691021 0.00123875794176 0.33077083 0.000781064684591 0.30231906 0.00159531474884
70 366000 0.36699443 0.000708656592976 0.33063001 0.000462343033588 0.30237542 0.000925582734052
70 472000 0.3669636 0.000691814901969 0.33061998 0.000418987234443 0.30241633 0.00090691609821
70 105000 0.36673276 0.00140685484968 0.33081995 0.000941699660189 0.30244738 0.00187959576989
70 62000 0.3664329 0.0018504823095 0.33089886 0.00117656986485 0.30266827 0.00240010591456
70 53000 0.36635718 0.0019899754345 0.3308946 0.00127112492134 0.30274809 0.00255797041585
70 469000 0.36696 0.000687359403438 0.33062594 0.000418055716648 0.30241406 0.00090498075006
70 275000 0.36698178 0.000886907652146 0.33072358 0.00050779438255 0.30229466 0.00111676499088
70 232000 0.36689403 0.000981240921775 0.33070124 0.000575849835224 0.30240463 0.00127329049313
70 380000 0.3669889 0.000691544859665 0.33060766 0.000457076109747 0.30240342 0.000895759022203
70 189000 0.36696024 0.00108219633686 0.33070553 0.000666261717239 0.30233426 0.0014449930874
70 146000 0.36690496 0.00125516939112 0.33078179 0.000791619938589 0.30231323 0.00160527963425
70 67000 0.36646974 0.0018125141678 0.33092178 0.00109577016483 0.30260849 0.00224495683743
70 103000 0.36671818 0.00143786045023 0.33084291 0.000960502962678 0.30243889 0.00193037489369
70 463000 0.36695505 0.000688067273769 0.3306299 0.000425074170593 0.30241506 0.000913600025429
70 60000 0.36636665 0.00187112924568 0.33083664 0.00120224352161 0.30279665 0.00241372154661
70 10000 0.364878 0.00429906214814 0.333296 0.00278237308785 0.301826 0.0053020411545
70 17000 0.36543353 0.00326787152318 0.33204708 0.00225028384598 0.30251942 0.00408823484465
70 460000 0.36696502 0.000693825553425 0.33063175 0.000426765504059 0.30240325 0.000920222748342
70 230000 0.36689749 0.000970608478265 0.33069862 0.000565305830878 0.30240381 0.0012608042783
70 81000 0.36656937 0.00168287449885 0.33080428 0.00106867675263 0.30262626 0.00215323168735
70 187000 0.36695211 0.00109274916854 0.33072408 0.000665979883823 0.30232379 0.00144863522881
70 457000 0.3669634 0.000701938441573 0.33062981 0.000430085607992 0.3024068 0.00092740669165
70 144000 0.366898 0.00124914228351 0.33076904 0.000800204859124 0.30233299 0.00162242729675
70 24000 0.36563626 0.0026658574288 0.3317146 0.00190623146654 0.30264913 0.00320107805595
70 101000 0.36670421 0.00146071303534 0.3308218 0.000961352719092 0.30247407 0.00191725885584
70 58000 0.36639503 0.00191535320716 0.33088221 0.00123900841173 0.30272277 0.00248530693938
70 351000 0.3670131 0.000753742440537 0.33063741 0.000460127147448 0.30234951 0.000966465825479
70 15000 0.36553862 0.00349034617189 0.33223467 0.00237808773893 0.3022267 0.00433315825404
70 228000 0.36689687 0.000989544958733 0.33069509 0.000570440979427 0.30240789 0.00128585226145
70 294000 0.36700999 0.000844772941761 0.33067051 0.000501273559763 0.30231953 0.00105997991648
70 451000 0.36695977 0.000708633951966 0.33062725 0.000442186723551 0.30241304 0.000935505426186
70 185000 0.36693392 0.00108128350294 0.33071599 0.000659779141115 0.30235002 0.00141946430342
70 142000 0.3669271 0.00124787581534 0.33078457 0.000806902848658 0.30228833 0.00160781184546
70 365000 0.36700255 0.000710104009667 0.3306249 0.000462440965383 0.30237259 0.000931551416897
70 448000 0.36696455 0.000705569994881 0.33062666 0.000439356421429 0.30240874 0.000925996439769
70 99000 0.36670909 0.00149955711371 0.33079382 0.000974813853041 0.30249707 0.00193549179017
70 312000 0.36701724 0.000829134477767 0.33064078 0.000485968460963 0.3023419 0.00104185263794
70 308000 0.36701364 0.000841602506045 0.33064471 0.00047856984534 0.30234164 0.00104412339648
70 487000 0.36694957 0.000704861620562 0.33061793 0.000414676099839 0.30243257 0.000910447467463
70 269000 0.3669798 0.000898416103456 0.33071962 0.000515102280321 0.30230054 0.00113516038488
70 226000 0.36689276 0.000997675714201 0.33068692 0.000582794984137 0.30242027 0.00129754917273
70 379000 0.36698606 0.000690031675748 0.33060705 0.000455706718884 0.30240684 0.000892452672202
70 183000 0.36693323 0.00108237047052 0.33071938 0.000666268771866 0.30234735 0.00143517611192
70 442000 0.36697156 0.000703050213302 0.33062993 0.000450255556054 0.30239854 0.000934608754312
70 140000 0.36691134 0.00125805701738 0.33082392 0.000809620395898 0.30226484 0.00162215414032
70 66000 0.36645804 0.00184028514984 0.3308927 0.00112720331938 0.30264927 0.00233833306272
70 97000 0.36668555 0.00153086755871 0.33084235 0.000995208453622 0.30247204 0.00201936924306
70 509000 0.36695239 0.000691654726366 0.33061719 0.000407799730384 0.30243047 0.000890394367909
70 439000 0.36696939 0.000704329352123 0.33061996 0.000447738761315 0.30241055 0.000931525905505
70 54000 0.36642683 0.00196579712701 0.33091182 0.00126175825199 0.30266131 0.00253942584656
70 9000 0.36445889 0.00447939710476 0.33382996 0.00295470601494 0.30171108 0.00558111372376
70 11000 0.36492458 0.00413738733541 0.33311814 0.00261802938081 0.30195729 0.00519452762028
70 436000 0.36697521 0.000705578583343 0.33062245 0.000457957462958 0.30240228 0.000938891502859
70 224000 0.36689839 0.00101478343109 0.33066884 0.000576299107244 0.30243283 0.00131004392752
70 80000 0.36658702 0.00169003672771 0.33079229 0.00107678981653 0.30262071 0.00216426827766
70 181000 0.36694261 0.00108503558472 0.33072804 0.000667820878422 0.30232938 0.00142764433918
70 546000 0.365999 0.000270585973825 0.330106 0.000273296401507 0.303895142857 0.000272433437782
70 138000 0.36689849 0.00128112106443 0.33084432 0.000817953653573 0.30225727 0.0016440395302
70 23000 0.36556174 0.0027231221335 0.33167479 0.0019180845206 0.30276345 0.00327329864629
70 95000 0.36667917 0.00154291466967 0.33085086 0.000971895596712 0.30247 0.00202635629601
70 543000 0.36693625 0.000666450288749 0.33060182 0.000388931257201 0.30246199 0.000851798779945
70 52000 0.36636287 0.00199473156927 0.3308579 0.00130106748325 0.30277921 0.0025719709115
70 350000 0.3670138 0.000760116205895 0.33063636 0.000458106456685 0.30234981 0.00097029901353
70 430000 0.3669882 0.000718307789745 0.33063329 0.000459292919342 0.30237847 0.00094359629545
70 265000 0.36697265 0.000895725938594 0.3307179 0.000518860766439 0.30230944 0.00113610038609
70 222000 0.366908 0.001028997541 0.33066866 0.000584938332587 0.30242328 0.00134360063571
70 293000 0.36701043 0.000850604244587 0.33067845 0.000505578224322 0.30231117 0.00106595626017
70 427000 0.36699209 0.000716773876336 0.33063481 0.000457378204685 0.30237311 0.000938524135776
70 179000 0.36692686 0.00109723030574 0.33074999 0.000680726194159 0.3023231 0.00145579531181
70 136000 0.36688252 0.00127622746207 0.33084267 0.000834357807302 0.30227483 0.00163912570965
70 364000 0.36700602 0.000712123088044 0.33062811 0.000461730668247 0.30236589 0.000931880990093
70 390000 0.36698536 0.000673906604445 0.33061938 0.000449023852148 0.30239532 0.000875637059633
70 537000 0.36693983 0.00067286483934 0.33059814 0.000388546658015 0.30246202 0.000853893317444
70 93000 0.36667043 0.00157097700576 0.33087601 0.000997819840574 0.30245353 0.00207138751358
70 306000 0.36702345 0.000847031934749 0.33064371 0.000479483693174 0.30233284 0.00104287240976
70 51000 0.36637897 0.00205726015431 0.33083156 0.00133461098119 0.30278945 0.00266458900644
70 534000 0.36693447 0.000671866966976 0.33060799 0.000383291394148 0.30245752 0.000844999951945
70 7000 0.36404286 0.00479293567285 0.33466711 0.00340622640485 0.30129001 0.00605605781949
70 421000 0.36699446 0.000725124223701 0.33065812 0.000463307461235 0.3023474 0.000943525668368
70 220000 0.36690259 0.00102562931748 0.33066493 0.000589462008697 0.30243249 0.00133624580766
70 378000 0.36699339 0.000692526437449 0.33060623 0.000455669467638 0.30240034 0.000895192448357
70 531000 0.36693472 0.000674913299033 0.33061096 0.00038972059196 0.30245434 0.000856941616294
70 177000 0.36692102 0.00109750200276 0.33074927 0.000678340694696 0.30232986 0.00144384373381
70 418000 0.36699812 0.000717343363116 0.33065528 0.000467698881804 0.30234654 0.000933440312267
70 134000 0.3668602 0.00128985196081 0.33085362 0.000832387860983 0.30228621 0.00165166004827
70 65000 0.36645587 0.00184401752689 0.33092584 0.00113676158601 0.30261832 0.00233397356533
70 91000 0.36663902 0.00160255132432 0.33089166 0.00102139511661 0.30246931 0.00213299213983
70 528000 0.36693335 0.000673217052291 0.33061272 0.000389292263297 0.30245394 0.0008555452018
70 415000 0.36700603 0.00071501827984 0.33066037 0.000462372289875 0.30233358 0.000927775630095
70 304000 0.36700642 0.000852180485222 0.33065199 0.000480827201684 0.30234157 0.00105214788736
70 8000 0.36436375 0.00456826362118 0.33400375 0.00305347205711 0.3016325 0.00572551384929
70 261000 0.36696834 0.000923678681942 0.33071513 0.000529845120404 0.30231654 0.00117096000001
70 525000 0.36694333 0.000678106544696 0.33061763 0.000393482833812 0.302439 0.000863034217518
70 218000 0.36691004 0.00103246868928 0.33066495 0.000594197300413 0.30242503 0.00135066753758
70 79000 0.36653201 0.00170032180849 0.33077759 0.00107720210999 0.30269037 0.00215908650088
70 175000 0.36692043 0.00111402822857 0.33077382 0.000692640349779 0.30230577 0.00146994005138
70 522000 0.36695503 0.000689319316647 0.33062173 0.000397553423257 0.30242331 0.000882778987807
70 132000 0.36687272 0.00130983801204 0.33089163 0.000839828910607 0.30223565 0.00167104133973
70 22000 0.36552952 0.00276908137224 0.33164772 0.00196466735602 0.30282273 0.00337927071164
70 409000 0.36699475 0.000702447185189 0.33064293 0.000462969057914 0.30236239 0.000916867117422
70 536000 0.36693728 0.000676602222338 0.33060171 0.000385431891952 0.30246094 0.00085396589741
70 89000 0.3666057 0.00161027782596 0.33083643 0.00102889803026 0.30255784 0.00211656578008
70 456000 0.36696379 0.000701280262063 0.33062568 0.000433735684537 0.3024106 0.000927142737967
70 302000 0.3670125 0.000850652316541 0.33064968 0.000485624348315 0.30233792 0.00104902842669
70 349000 0.36701351 0.000760511384238 0.33063644 0.000459176190739 0.30235008 0.000970703656888
70 406000 0.36698666 0.000705951170372 0.33063052 0.000461897655374 0.30238281 0.000926180182908
70 3000 0.36151335 0.00737281068806 0.34019999 0.00590513631159 0.2982867 0.0101410922394
70 216000 0.36690567 0.00102546262588 0.33067677 0.00060326456757 0.30241759 0.00134087703166
70 36000 0.36631753 0.00252143010349 0.33113805 0.00164915042943 0.30254442 0.00332248293481
70 516000 0.36695674 0.000692320685605 0.33062315 0.000404427725748 0.30242017 0.000892837968209
70 403000 0.36699179 0.000695793047936 0.33062311 0.000455278334116 0.30238516 0.000902104483635
70 173000 0.36692376 0.00112641438022 0.33077897 0.000690429253904 0.30229718 0.00148636528661
70 478000 0.36694886 0.000686945545311 0.33061545 0.000422433722612 0.30243576 0.000906050861729
70 130000 0.36686461 0.00131713799692 0.33090773 0.000839936672156 0.30222766 0.00165923383329
70 363000 0.36700671 0.000721334233672 0.33062793 0.000465078906198 0.30236541 0.0009436573391
70 513000 0.36695439 0.000688089477606 0.33062224 0.000405803981143 0.30242343 0.000889152203796
70 87000 0.36661351 0.00162197783925 0.33084553 0.00102861080638 0.30254094 0.00210437739452
70 400000 0.36699942 0.000687700974188 0.33062369 0.000451013173563 0.30237683 0.000888007394352
70 300000 0.3670066 0.000856035034212 0.3306606 0.000491656425163 0.30233284 0.00105854344104
70 50000 0.3663534 0.00206818527783 0.3307802 0.00131357325912 0.3028664 0.00261970139404
70 510000 0.36694822 0.000688652520903 0.33062267 0.000406643890445 0.3024291 0.000889887820646
70 257000 0.36696022 0.000913015412263 0.33072082 0.000528979470683 0.30231891 0.00116408294938
70 397000 0.36699885 0.0006865256015 0.33061917 0.000449711873079 0.30238198 0.000889046521149
70 214000 0.36691237 0.00102076790915 0.33066547 0.000612505080663 0.30242213 0.00134753586302
70 377000 0.36699084 0.000689530549129 0.33060645 0.000452125136316 0.30240274 0.000894488642587
70 171000 0.36692697 0.00113739679257 0.33078514 0.000702071437558 0.30228787 0.00150635097024
70 507000 0.36695429 0.000687156522757 0.3306133 0.000402768562765 0.30243243 0.000882853468915
70 394000 0.36700361 0.000683617692423 0.33062288 0.000447595851255 0.3023735 0.000885215222361
70 128000 0.36687588 0.00129128730132 0.33089179 0.000857281577388 0.30223227 0.00165699666767
70 320000 0.36702492 0.00081685400053 0.33065362 0.000471082029358 0.30232142 0.00102755345586
70 85000 0.36656515 0.00166562105004 0.330864 0.00105375414494 0.30257084 0.0021418192622
70 504000 0.36695936 0.000685371852473 0.33061745 0.000402316182382 0.30242315 0.000876993076404
70 42000 0.36641146 0.00238350607308 0.33096143 0.00145689899163 0.30262719 0.00302404480852
70 263000 0.36696865 0.000911994721044 0.33070924 0.000518749898284 0.30232213 0.00115106498474
70 255000 0.36695621 0.000932046063532 0.33071591 0.000536228431932 0.30232785 0.00118675643493
70 501000 0.36696101 0.000694930335801 0.33061415 0.000411274991565 0.3024248 0.000892005514772
70 212000 0.36691602 0.00102140055341 0.33068838 0.000606484684327 0.3023956 0.00133702248721
70 334000 0.3670354 0.000801588171045 0.33062576 0.000467762482247 0.30233894 0.00102339060959
70 388000 0.36698035 0.000677877262735 0.3306148 0.000439544851827 0.30240486 0.000878269729397
70 475000 0.36695876 0.000687096042865 0.33061068 0.000418071664631 0.30243057 0.000904444125896
70 169000 0.36692065 0.00115766070617 0.33079078 0.000701657080191 0.30228858 0.00152290159773
70 126000 0.36686988 0.0013180295078 0.3308714 0.000870697352005 0.30225877 0.00170217055642
70 277000 0.36699883 0.000879068941057 0.3307195 0.000505142094221 0.30228168 0.00111719452815
70 385000 0.36698956 0.000673048084193 0.33061217 0.000446481894279 0.30239834 0.000873347018398
70 83000 0.36658735 0.00165390250085 0.33081584 0.00107712607442 0.3025969 0.00216422555024
70 40000 0.36641225 0.00242154287312 0.33101975 0.00153645225859 0.302568 0.00315809861605
70 348000 0.36701735 0.000768807082959 0.3306323 0.000460086300644 0.30235037 0.000977589724679
70 495000 0.36694721 0.000708067811838 0.33060999 0.000407901713627 0.30244268 0.000905628927956
70 253000 0.36696696 0.000926281628313 0.33070071 0.000535017837803 0.30233225 0.00118137289057
70 497000 0.36694561 0.000703269333509 0.33060477 0.000407039492661 0.30244959 0.000900312427197
70 210000 0.36692763 0.00102449223348 0.33069427 0.000616067126327 0.30237807 0.00135099909349
70 291000 0.36701759 0.000846754911829 0.33067569 0.000511228757332 0.30230671 0.00107635847259
70 492000 0.36694104 0.000707411298933 0.33061484 0.000411772167073 0.30244415 0.000909490326524
70 167000 0.36691623 0.00115000078924 0.33080016 0.000705300548015 0.30228367 0.00151381922553
70 124000 0.36684308 0.00132177166597 0.33086065 0.000883651119224 0.30229626 0.00171001215437
70 362000 0.36700592 0.000729794514873 0.33062245 0.000466169526865 0.30237171 0.000952871728625
70 489000 0.36694676 0.000702895873145 0.33061807 0.000416635471681 0.30243518 0.000913482871855
70 337000 0.3670181 0.000790312666678 0.33064507 0.00046293761726 0.30233681 0.00100395480295
70 519000 0.36695079 0.000684861223058 0.33061796 0.000401288679686 0.30243122 0.000882996122942
70 38000 0.36637869 0.00249293658201 0.3310484 0.00155932551464 0.30257286 0.00318709434185
70 49000 0.3663449 0.00208005611084 0.33082736 0.00132620555044 0.30282779 0.00267635793644
70 251000 0.36695503 0.000940785835879 0.3306908 0.000537094559325 0.30235418 0.00119302497607
70 486000 0.36694895 0.000703598203393 0.33061542 0.000416262377921 0.30243568 0.00091069095624
70 208000 0.36692097 0.00103259327805 0.33069772 0.000624286681103 0.30238136 0.00136068566732
70 376000 0.36699238 0.000690205616853 0.33061228 0.000459506654198 0.3023953 0.000905218255952
70 165000 0.36692067 0.00114603738948 0.33081616 0.000706973671448 0.30226316 0.00150655698662
70 483000 0.36695338 0.000692055039266 0.33061496 0.000413676297595 0.30243162 0.000900709908344
70 122000 0.36682279 0.00133541390168 0.3308343 0.000884922487047 0.30234287 0.00174998680893
70 319000 0.36702809 0.000816543331379 0.33065894 0.000478669047432 0.30231292 0.00103417410253
70 335000 0.36703072 0.000794874872054 0.33063664 0.000466022098579 0.30233259 0.001013849949
70 480000 0.36695113 0.000691472307924 0.33061832 0.000418040133398 0.30243058 0.000906187408762
70 292000 0.36701233 0.000845916525898 0.33068518 0.000513647668026 0.3023026 0.00107449970505
70 262000 0.36696256 0.000920227171338 0.33071282 0.000523595675994 0.30232471 0.00115966580256
70 249000 0.36696123 0.000944687825676 0.33068201 0.000541356815713 0.30235668 0.00120448376871
70 206000 0.36691691 0.00103699646995 0.33068453 0.000626563296681 0.30239859 0.0013657417646
70 77000 0.3664887 0.00173865495732 0.33078374 0.0010747928024 0.30272753 0.00220014250895
70 163000 0.36691409 0.00116684762315 0.33080778 0.00071592540354 0.30227817 0.00151547640311
70 120000 0.36679441 0.00128490330647 0.330827 0.000886829718432 0.30237858 0.00169135091055
70 276000 0.36699019 0.000887896671291 0.33072077 0.000506485032335 0.30228909 0.00111690458881
70 474000 0.36695918 0.000689612764711 0.33061652 0.000419043896835 0.30242429 0.000906996957386
70 333000 0.36702694 0.0008037796801 0.33062504 0.000470744991337 0.302348 0.00102480549522
70 34000 0.36630384 0.00250791089655 0.33118797 0.00168231075724 0.30250824 0.00327513395553
70 347000 0.36701861 0.000763246745056 0.33063339 0.000459862427715 0.30234801 0.00097238390281
70 471000 0.36695995 0.000687668647818 0.33062068 0.000419994561773 0.30241936 0.000903235458412
70 247000 0.36695689 0.000959220505242 0.33069139 0.000543049226613 0.30235177 0.00122237564574
70 204000 0.36690228 0.00103359317437 0.33068472 0.000628813056641 0.30241302 0.00136395844734
70 290000 0.36701379 0.000852574843955 0.33067858 0.000513897666581 0.30230764 0.00108301926002
70 468000 0.36695851 0.000686469587708 0.33062385 0.0004230859782 0.30241763 0.00090891111071
70 161000 0.36693506 0.00115663184665 0.33080131 0.000734369154067 0.30226368 0.00151385779111
70 118000 0.36678125 0.0012949449766 0.33085714 0.000883753770955 0.3023617 0.0017189889529
70 361000 0.36700371 0.000726523593018 0.3306246 0.000466452071872 0.30237165 0.00094665414391
70 331000 0.36703618 0.000809221466234 0.33061957 0.000470895112707 0.30234421 0.00102930431831
70 465000 0.36695577 0.000692704607923 0.33063256 0.000426437540751 0.30241169 0.000918246393014
70 32000 0.36622939 0.00259576235039 0.33123124 0.0016944767502 0.30253936 0.00331412266532
70 48000 0.36636622 0.00210153071475 0.33086016 0.00134567897113 0.30277355 0.00268380248251
70 245000 0.36694193 0.000970197847729 0.33068886 0.000550914410115 0.30236924 0.00123472386084
70 462000 0.36696142 0.000691819270204 0.33063001 0.000423664139301 0.30240855 0.00091555187723
70 202000 0.36689943 0.00103578072106 0.33068669 0.000631692350881 0.30241387 0.00137081397816
70 375000 0.36699575 0.000687779142596 0.33061206 0.000457311507121 0.30239215 0.000902109619255
70 159000 0.36693461 0.00116052138139 0.33078167 0.000726912372347 0.30228378 0.00150648040267
70 459000 0.36696642 0.000695654610399 0.33063229 0.000424320759532 0.30240127 0.000918803161507
70 116000 0.36676413 0.00132301362946 0.33084083 0.000910022477855 0.30239503 0.00176521170765
70 318000 0.36702671 0.000823282593149 0.33065742 0.000475779534293 0.30231584 0.001035705076
70 329000 0.36703268 0.000820756449314 0.33061883 0.000474348102477 0.30234846 0.0010423303478
70 286000 0.36700572 0.000859191739986 0.33067625 0.000517910006905 0.30231797 0.0010984580327
70 5000 0.363522 0.00577230552822 0.336774 0.00423860611737 0.299704 0.00728321607284
70 243000 0.36694306 0.000976130619468 0.33068657 0.000553074149868 0.30237038 0.00124869559238
70 200000 0.3669004 0.00104383318455 0.3306899 0.000628999919706 0.3024097 0.00137596978106
70 76000 0.36646133 0.00173290873037 0.33079237 0.00108573107758 0.3027464 0.00220380581282
70 453000 0.3669637 0.000701044811894 0.33063302 0.000436903451415 0.30240324 0.000924976179
70 157000 0.366934 0.00117880403354 0.33077659 0.00074144694866 0.30228938 0.00152750697914
70 114000 0.36670736 0.00133585846888 0.33083935 0.000916606701895 0.30245337 0.00177552712705
70 19000 0.36547315 0.00311965982468 0.33181154 0.00208291467027 0.30271527 0.00369865549652
70 450000 0.36696255 0.000707395327232 0.33062341 0.000441593786897 0.30241406 0.000932972482407
70 488000 0.36695198 0.000703075767574 0.33061758 0.000415371202612 0.30243048 0.000911724234845
70 327000 0.36702562 0.000822251058763 0.33061908 0.000475540090186 0.30235534 0.00104679811199
70 284000 0.36698958 0.000863782768005 0.3306729 0.000507643824473 0.30233751 0.00109093845705
70 346000 0.36701996 0.000758984700875 0.33063401 0.000460798746469 0.30234603 0.000966218312481
70 447000 0.36696333 0.000704964144872 0.33062804 0.000444969546569 0.3024086 0.000927266559694
70 241000 0.36695149 0.000965790872808 0.33068171 0.000544787796608 0.30236689 0.00122727744918
70 198000 0.36692841 0.00105801581107 0.33069173 0.000638225125016 0.30237978 0.00139926931567
70 33000 0.36623238 0.00250052905424 0.33120908 0.00167326442983 0.30255841 0.00323224495926
70 155000 0.36693283 0.00119098503544 0.33078928 0.00075544763745 0.30227789 0.0015358220113
70 444000 0.36696928 0.000698095418791 0.33062812 0.00044816749845 0.30240259 0.000926065142624
70 112000 0.36671392 0.00133810662769 0.33087561 0.000924440435664 0.30241044 0.00178558542769
70 360000 0.36700214 0.000729356656045 0.33062634 0.000463134974327 0.30237159 0.000942977040489
70 69000 0.36645188 0.0018383442225 0.33093404 0.00109042937442 0.302614 0.00225124357104
70 441000 0.36697084 0.000700330812451 0.33062129 0.000454003432884 0.30240788 0.000933601804245
70 26000 0.36584809 0.00273840510648 0.33154957 0.00185198018651 0.30260229 0.00335893136654
70 47000 0.36637764 0.0021466015966 0.33097515 0.00137373819698 0.30264725 0.00274303245294
70 239000 0.36693645 0.000967517946745 0.33068536 0.000556220062547 0.30237826 0.00124065085249
70 438000 0.3669685 0.000702369632751 0.330619 0.000445760025126 0.30241257 0.000925533733594
70 196000 0.36695109 0.00108360474078 0.33069483 0.000635204843362 0.30235404 0.00141850805761
70 374000 0.3669953 0.000693399916675 0.3306139 0.00045992659713 0.3023908 0.000910885261488
70 153000 0.36691348 0.0011878476119 0.33077307 0.00075602748674 0.30231351 0.0015398683303
70 435000 0.36697777 0.000707147161616 0.33061931 0.000460884737557 0.3024029 0.000939508559478
70 110000 0.36670451 0.00136464895767 0.33087046 0.00092036296551 0.30242499 0.00181777990631
70 317000 0.36701638 0.000825208192647 0.33065119 0.000473843380659 0.30233238 0.00103685459448
70 323000 0.36703092 0.000827164386823 0.33063201 0.000471448241426 0.30233716 0.00104659114493
70 545000 0.366535966102 0.000426991680695 0.330451389831 0.000324602197761 0.303012813559 0.000587068035609
70 280000 0.36698876 0.000865312533251 0.33069637 0.000508968746535 0.30231491 0.0011032095609
70 4000 0.36299 0.00668169896135 0.3383725 0.00486490407579 0.2986375 0.00891035425103
70 432000 0.36698806 0.000718144520218 0.3306285 0.000461508516835 0.30238348 0.000947970021262
70 237000 0.36693257 0.000976955001962 0.33069574 0.000559216291796 0.30237158 0.0012600944183
70 391000 0.36698361 0.000674254289095 0.33062373 0.000452810814176 0.3023927 0.000880543662412
70 542000 0.36693441 0.000667698763128 0.33060027 0.000387564731772 0.30246538 0.000851535402089
70 194000 0.36695537 0.00108736942005 0.33069314 0.000647577693478 0.3023515 0.00143281241767
70 75000 0.36644682 0.00176043101575 0.33077562 0.00108880918902 0.30277763 0.0022214392989
70 429000 0.36698689 0.000718510551085 0.33063313 0.000462272551881 0.30238003 0.000943510567514
70 151000 0.36692283 0.0012194486505 0.33075893 0.000773042790967 0.30231819 0.00158942540723
70 108000 0.36670262 0.00139819353713 0.33082694 0.00093216415752 0.3024705 0.00185701141188
70 18000 0.3654061 0.00318572312169 0.33193556 0.0021832173197 0.30265831 0.00382968874621
70 426000 0.36699769 0.000719367197998 0.33063886 0.00045976144495 0.30236343 0.000941697620891
70 321000 0.36702026 0.000818287786426 0.33064672 0.000473880479327 0.30233303 0.00103338922092
70 278000 0.36699125 0.000875686147999 0.33071653 0.000505488691538 0.30229226 0.0011093641697
70 345000 0.36701796 0.000764198344342 0.33063407 0.000461015485509 0.30234793 0.000972794342826
70 413000 0.36699239 0.000718650332853 0.33066027 0.000463703184737 0.30234732 0.000932706487334
70 235000 0.36692243 0.000976496419695 0.33070593 0.000569970639949 0.30237174 0.00126814850021
70 192000 0.36695976 0.00109527150935 0.33067695 0.000654069041162 0.30236334 0.0014553592095
70 288000 0.36699997 0.000861726332323 0.33068251 0.000512721230792 0.30231759 0.00110103925283
70 533000 0.3669371 0.000670193466716 0.33060756 0.000385073633782 0.3024553 0.000848597494146
70 149000 0.3669177 0.00122982426683 0.33076972 0.000780087305137 0.30231259 0.00158526553933
70 420000 0.36699885 0.000724348824598 0.33065745 0.000465773829343 0.3023437 0.000942745255179
70 106000 0.36673202 0.00140281656778 0.33082452 0.000945196334476 0.30244355 0.0018795340513
70 359000 0.36700102 0.000730952443284 0.33062358 0.000465396478741 0.30237542 0.000945279427236
70 63000 0.36643346 0.00182996253988 0.33090238 0.00113319941972 0.30266405 0.00231406536481
70 417000 0.36699735 0.00071663994841 0.33065256 0.000463511853989 0.30235013 0.000931677054802
70 20000 0.365546 0.00303761502671 0.331759 0.00202655826066 0.302695 0.00358917775677
70 46000 0.36638369 0.00216483992314 0.33097109 0.0013787687678 0.30264519 0.00276507289142
70 233000 0.36689806 0.000975286291249 0.33069515 0.00057997407422 0.30240682 0.00126633073998
70 527000 0.36693634 0.0006750652377 0.33061605 0.000390250149639 0.30244759 0.000858118179507
70 414000 0.36700287 0.000720652519344 0.33065805 0.000462930986741 0.30233908 0.000931923379605
70 190000 0.3669518 0.00108235370159 0.33070056 0.000659385991095 0.30234766 0.00143912547954
70 373000 0.36699878 0.000698415053872 0.33061948 0.000459082186696 0.30238166 0.000911523967781
70 147000 0.36691304 0.00125709738555 0.33077828 0.000787155575859 0.30230869 0.00161811455123
70 524000 0.36694973 0.000684708931082 0.33061984 0.00039251792007 0.30243043 0.000868697751194
70 104000 0.3667198 0.00141650814086 0.33083484 0.000950440681628 0.30244535 0.00189489469538
70 316000 0.36700892 0.000833225734629 0.33065252 0.000474980116118 0.30233867 0.00103979145204
70 61000 0.36639803 0.00186180947856 0.33084174 0.00117923785197 0.30276013 0.00240161927552
70 521000 0.3669511 0.000686222708791 0.33061767 0.000396000409524 0.30243126 0.000879086424544
70 274000 0.36698693 0.000884667388904 0.33071801 0.000508435856427 0.30229506 0.00111474978685
70 259000 0.36695411 0.000918721937193 0.33071406 0.000526178327877 0.30233181 0.00115793927629
70 408000 0.36699375 0.000706806852519 0.33063633 0.000463951126279 0.30236992 0.000925474835046
70 231000 0.36689412 0.000964784021259 0.33069895 0.000571588348288 0.30240696 0.00125906695388
70 188000 0.36696145 0.00109639915108 0.33071688 0.000665646056342 0.30232158 0.00145535715482
70 74000 0.36644635 0.00176561187136 0.33080132 0.00108623137666 0.30275229 0.00222635717907
70 405000 0.36699067 0.000697793970563 0.33062741 0.00046416476731 0.30238195 0.00092054227952
70 145000 0.36690463 0.00124630402808 0.33077215 0.000794558557002 0.30232324 0.00160651193848
70 102000 0.36672612 0.00143048880732 0.33082924 0.000956152972842 0.30244474 0.00190673936935
70 273000 0.3669883 0.000881860813819 0.33072093 0.000506774774252 0.30229066 0.00111190447431
70 515000 0.36695738 0.000689413640185 0.33061942 0.000405393615434 0.30242317 0.000891567534053
70 59000 0.36638711 0.00190188339346 0.33087339 0.00121465463267 0.30273951 0.00246223166202
70 272000 0.3669928 0.000882455710395 0.33071681 0.00050701134 0.3022903 0.0011080135515
70 344000 0.36701061 0.000767311203311 0.33063239 0.000460839043638 0.30235699 0.000980529165473
70 512000 0.36695338 0.000688558394199 0.33061987 0.000407161439081 0.30242679 0.000890046988829
70 229000 0.3668947 0.000974339657243 0.33070074 0.000566704822601 0.30240455 0.00126360510689
70 399000 0.36699709 0.000682682056156 0.33061871 0.000455203723845 0.30238425 0.000887151159213
70 186000 0.36694783 0.0010846464867 0.33072249 0.000666916006327 0.30232967 0.00143512839713
70 287000 0.3670048 0.000864931608203 0.33067774 0.000516972043087 0.30231741 0.00110207626911
70 143000 0.36691902 0.00125950242685 0.33077516 0.000802461009091 0.30230586 0.00162023172068
70 396000 0.36700212 0.000692204139913 0.33061929 0.000451002123111 0.30237857 0.000895578389431
70 100000 0.3667066 0.00147240833434 0.3307972 0.000977829052834 0.3024962 0.00192355036851
70 358000 0.36700041 0.000729603394339 0.33062983 0.000464159173652 0.3023699 0.00093987055309
70 57000 0.36642985 0.00192133034916 0.33093154 0.00122536359823 0.30263862 0.00245687371267
70 506000 0.36695621 0.000683963497978 0.33061587 0.000398943570983 0.30242785 0.000875365417204
70 393000 0.36700145 0.00067942969809 0.3306239 0.000449256411454 0.30237465 0.000883920152422
70 14000 0.36537996 0.00363463252257 0.33256573 0.00242681972484 0.3020543 0.00457230273859
70 45000 0.36642089 0.00215415283634 0.33093175 0.00138066568906 0.30264735 0.00278850232919
70 476000 0.36695989 0.000687094128423 0.33061011 0.000419855552241 0.30243009 0.000905595290514
70 227000 0.36689123 0.000997939269169 0.33069572 0.000574309688041 0.30241308 0.00129556087211
70 503000 0.3669579 0.00068944784671 0.33061658 0.000404950356853 0.30242546 0.000882416899341
70 184000 0.36692508 0.00108539289242 0.3307192 0.000665647933759 0.30235583 0.00143061774504
70 372000 0.3670028 0.000702028417509 0.33062589 0.000459758102735 0.30237134 0.000912484821736
70 141000 0.36691593 0.00124409929493 0.33079839 0.000809624802678 0.30228567 0.00160492042696
70 500000 0.36696024 0.000696289402273 0.33061052 0.000410931498629 0.30242924 0.000893940172902
70 98000 0.36670767 0.00151015993571 0.33081699 0.000992318726239 0.30247531 0.00197358668365
70 315000 0.36701564 0.000831906032475 0.33064588 0.000483102855811 0.30233841 0.00104190598555
70 387000 0.36697617 0.00067816855351 0.33061396 0.000439580468496 0.30240982 0.000872366795481
70 498000 0.36695022 0.000697332458137 0.33060594 0.000410413558856 0.3024438 0.000894498550343
70 55000 0.36645142 0.00191588681463 0.33091016 0.00127447743872 0.30263836 0.00250169246356
70 268000 0.36697202 0.000897019418954 0.33072144 0.000513686228955 0.30230665 0.00112755271215
70 258000 0.36694942 0.000911624747582 0.33071428 0.000532228022827 0.30233637 0.00115946028593
70 541000 0.36693496 0.000669601342576 0.33059793 0.00038727072083 0.30246717 0.000850278291401
70 225000 0.36689365 0.000998104307974 0.33066881 0.000578267749229 0.30243753 0.0012919840154
70 182000 0.36693431 0.00109627577721 0.3307228 0.000665525508166 0.30234291 0.00144006292718
70 73000 0.36644204 0.00178114336176 0.33080632 0.00107152719183 0.30275163 0.00220314981428
70 494000 0.36694817 0.000706103135154 0.33061078 0.000409787567041 0.30244097 0.000904269451831
70 139000 0.36690367 0.00126971395057 0.33082533 0.000818560723268 0.30227098 0.00164496245992
70 520000 0.36695153 0.000688107703206 0.33061993 0.000401231972879 0.30242861 0.000886006565575
70 96000 0.36668324 0.00153745066519 0.33082925 0.000995790436505 0.3024875 0.00203667288349
70 16000 0.36545692 0.00337844981689 0.33207247 0.00236247884478 0.30247061 0.00426234693708
70 491000 0.3669395 0.000706412926143 0.33061805 0.000415290244737 0.30244255 0.000911155214965
70 309000 0.36701863 0.000841927474203 0.33063762 0.000481246608908 0.30234364 0.00105092069802
70 266000 0.36697505 0.00089018478816 0.3307257 0.000515623962503 0.30229932 0.00112149408713
70 343000 0.36701361 0.000763595930682 0.33063481 0.000460479980043 0.30235155 0.000979206794793
70 223000 0.36689948 0.00102574058469 0.33067113 0.000588405457936 0.30242934 0.00133813270484
70 180000 0.36692707 0.00108834203677 0.33073584 0.000671849666325 0.30233718 0.00143933596769
70 30000 0.36606864 0.00270091329305 0.33124699 0.00173235423685 0.30268439 0.00332904484404
70 137000 0.36688019 0.001272205527 0.33083436 0.000832138543729 0.30228543 0.00163976904173
70 485000 0.3669507 0.000703379841921 0.33060896 0.0004138376669 0.30244038 0.000907991932283
70 94000 0.36666793 0.00156761376437 0.33084851 0.000975876435867 0.30248362 0.00206572475495
70 357000 0.36700054 0.000733423182099 0.33062823 0.000463383185785 0.3023713 0.000948469096103
70 307000 0.36702506 0.000842952109547 0.33064289 0.000476579710123 0.30233215 0.00103586205133
70 402000 0.36699314 0.000694248042013 0.33061918 0.000452873482901 0.3023877 0.00089734446051
70 482000 0.36695304 0.000692151190934 0.33061915 0.000418719196063 0.30242784 0.000906856728296
70 264000 0.36697205 0.000901041533981 0.33071235 0.000521966374841 0.30231568 0.00114165364629
70 44000 0.36643459 0.00230605406165 0.3309093 0.00139223603668 0.3026561 0.00296681831584
70 221000 0.36690303 0.00102601823733 0.33066007 0.000588991455324 0.30243695 0.00134043590358
70 479000 0.36694835 0.000690973787674 0.33061896 0.000420699991957 0.3024327 0.000906616748849
70 178000 0.36692776 0.00109714876683 0.33075399 0.000685539800508 0.3023183 0.00144753228885
70 371000 0.36700355 0.000705398724915 0.33062668 0.000459095132854 0.30236978 0.000918296650865
70 135000 0.36687174 0.00127952407203 0.33085087 0.000839047435543 0.30227731 0.00164321213946
70 92000 0.36663937 0.00159032951071 0.33087203 0.001007280592 0.30248857 0.0020903126017
70 314000 0.36701517 0.000837253929537 0.33064458 0.000481049298803 0.30234021 0.00104863870674
70 305000 0.36701612 0.000851384366188 0.33064824 0.000480284030443 0.30233562 0.00104431535525
70 6000 0.36356833 0.00544142216455 0.33548 0.00384578508621 0.30095166 0.00665806001596
70 1000 0.35216 0.012637702131 0.36037 0.00943949900229 0.28747 0.015318474355
70 473000 0.3669641 0.00068578299274 0.33061882 0.000419647239544 0.3024171 0.00090157430771
70 539000 0.36694422 0.000674818203427 0.33059952 0.000386971861791 0.30245627 0.000852875076468
70 423000 0.36699768 0.00072158438022 0.33065266 0.000464022470285 0.30234969 0.000939067124622
70 219000 0.36690236 0.0010239295817 0.33065274 0.000593505365254 0.30244494 0.00133555191043
70 176000 0.36691594 0.00109578210453 0.33076082 0.000673796501066 0.30232326 0.00143448868601
70 72000 0.36645931 0.00180517223049 0.33084859 0.00105884314702 0.30269209 0.00220577918204
70 470000 0.36695518 0.000685893009002 0.33062345 0.000418575515434 0.30242135 0.000901011142152
70 133000 0.36684923 0.00129396632319 0.33085808 0.000839935792159 0.30229264 0.00166014746528
70 90000 0.36662511 0.0016239787336 0.3308749 0.00101286945623 0.30249999 0.00213184608431
70 271000 0.36699314 0.000892267568919 0.33072078 0.000509588258828 0.30228614 0.00112239343846
70 467000 0.36695951 0.000692135598541 0.33062648 0.000422930552362 0.30241407 0.000914598231107
70 303000 0.36700574 0.000856425229744 0.3306465 0.000481045168924 0.30234775 0.00105359666228
70 445000 0.36696481 0.000703515999473 0.33062693 0.00044902667476 0.30240812 0.000934582100527
70 260000 0.36696105 0.000915478793702 0.33070861 0.000528525199747 0.30233038 0.00116131539648
70 342000 0.36701678 0.000767486512631 0.33063877 0.000458386693423 0.30234449 0.000978838308528
70 217000 0.36690521 0.00102711847885 0.33067661 0.000597318890095 0.30241825 0.00134367860346
70 464000 0.3669544 0.000695492209979 0.33063226 0.000428515422209 0.30241332 0.000924357542438
70 174000 0.36691544 0.0011199463941 0.33078221 0.000695584301944 0.30230233 0.00148409929869
70 29000 0.3660538 0.00276127980136 0.33123828 0.00178605895974 0.30270798 0.00340275140598
70 131000 0.36687032 0.00130914440314 0.33088828 0.000839356873572 0.30224139 0.00165750060039
70 461000 0.3669616 0.000689519126829 0.33062927 0.00042412483523 0.30240914 0.000914155038682
70 88000 0.3666251 0.00160469838256 0.33085923 0.00102683243305 0.30251568 0.0020986616605
70 356000 0.36700393 0.00073376679001 0.33062963 0.000460475043577 0.30236643 0.00094961133203
70 301000 0.36700725 0.000853583537834 0.33065051 0.000486370198096 0.30234227 0.00104928116669
70 458000 0.36696644 0.000699550249746 0.33063041 0.000428204829091 0.30240314 0.000924212643554
70 2000 0.36021 0.00871292433716 0.34522 0.00672223808329 0.29457 0.0112575496553
70 43000 0.36640372 0.00232604464673 0.33094695 0.00138815025804 0.30264934 0.00291775682214
70 215000 0.36691395 0.00102560979028 0.33066842 0.00061056222112 0.30241766 0.00134896620515
70 172000 0.36693317 0.00113681941616 0.33078559 0.000699147722068 0.3022812 0.00150280087997
70 370000 0.36699836 0.000708041494532 0.33062375 0.000457369452037 0.30237791 0.000920559536643
70 129000 0.36687502 0.00128209690915 0.33090339 0.000847389620892 0.30222156 0.00164213663059
70 86000 0.36659723 0.00165696125577 0.33083159 0.00105072875235 0.30257117 0.00215274938163
70 313000 0.3670135 0.000832206735436 0.33064025 0.000483782014836 0.30234631 0.00104610341624
70 452000 0.36696454 0.000702427082667 0.33063002 0.00043879727677 0.30240545 0.000929175276492
70 299000 0.36700818 0.000856391140458 0.33066004 0.000492040174922 0.30233185 0.00106036400625
