#0. numberOfHosts, 1. slotCount, 2. SxSlots, 3. stdSxSlots, 4. ColSlots, 5. stdColSlots, 6. EmptySlots, 7. stdEmptySlots
70 16000 0.35347071 0.0263712713875 0.00810625 0.000584583346833 0.63842318 0.025950821991
70 24000 0.3536896 0.0266150664349 0.0054041671 0.00038972206168 0.64090626 0.0263323157961
70 85000 0.313086333333 0.00708277422695 0.00168366 7.49746798926e-05 0.685230222222 0.00708340969763
70 66000 0.35400302 0.0269448093159 0.0019651512 0.000141716973366 0.64403182 0.0268409327223
70 27000 0.35376071 0.0266706338346 0.0048037038 0.000346419843414 0.64143554 0.0264187839906
70 63000 0.35399937 0.0269391786755 0.0020587303 0.000148465955908 0.64394192 0.0268302847188
70 21000 0.35364481 0.0265629668553 0.0061761901 0.000445396934583 0.64017909 0.026240478951
70 77000 0.35402598 0.0269705389384 0.0016844157 0.000121471703961 0.6442896 0.0268813852367
70 34000 0.35383673 0.0267673308732 0.0038147055 0.000275097571364 0.64234853 0.0265667227608
70 76000 0.35402739 0.0269731902245 0.0017065787 0.000123069924188 0.64426607 0.026882912673
70 57000 0.35397843 0.0269120382549 0.0022754381 0.000164093273628 0.64374611 0.0267918025503
70 10000 0.353051 0.0260629598814 0.01297 0.000935333354932 0.633979 0.0254030909397
70 23000 0.35367038 0.0266093935794 0.0056391302 0.000406666296587 0.64069042 0.0263144223217
70 26000 0.35374385 0.0266580088488 0.0049884616 0.000359743817705 0.64126772 0.026396472355
70 68000 0.35401235 0.0269505984797 0.0019073529 0.00013754868797 0.64408031 0.026849714841
70 15000 0.35342062 0.026348562996 0.0086466668 0.000623554580746 0.63793266 0.0259009366787
70 60000 0.35398817 0.0269248993073 0.0021616671 0.00015588872296 0.64385017 0.0268106516105
70 58000 0.35398428 0.0269173454235 0.0022362066 0.000161263682343 0.64377945 0.0267992218443
70 29000 0.35377758 0.0267013340306 0.0044724141 0.000322528992113 0.64174998 0.0264665206835
70 31000 0.35381321 0.0267402753906 0.0041838705 0.000301720273182 0.64200294 0.0265203441344
70 39000 0.35388286 0.0268159737561 0.0033256413 0.000239828942191 0.64279153 0.0266407353288
70 4000 0.35136 0.0253416134794 0.03241 0.00232859909331 0.61623 0.0238787625942
70 22000 0.35365676 0.0265892302897 0.0058954545 0.000425150830382 0.64044777 0.0262812556174
70 78000 0.35403255 0.0269739165721 0.0016628204 0.000119914900397 0.64430464 0.0268859247722
70 44000 0.35391659 0.0268544029142 0.0029477278 0.000212576404967 0.64313566 0.0266989589114
70 59000 0.35398798 0.0269190763383 0.0021983052 0.000158530824243 0.64381376 0.0268029413628
70 9000 0.35290446 0.0259770613864 0.014411112 0.00103926071639 0.63268446 0.0252482712509
70 47000 0.35393749 0.026867055741 0.0027595742 0.000199007442667 0.64330299 0.0267214212841
70 36000 0.35386357 0.0267876449635 0.0036027779 0.000259815062375 0.6425336 0.0265980691879
70 69000 0.35401913 0.0269496027349 0.0018797102 0.00013555609531 0.64410117 0.0268502234752
70 14000 0.35336005 0.0262969752016 0.0092642827 0.000668090052463 0.6373757 0.0258189539091
70 5000 0.351968 0.0253839004095 0.02594 0.00187066670986 0.622092 0.0241582061679
70 51000 0.35395131 0.0268905798235 0.0025431379 0.000183398932051 0.64350548 0.0267562868223
70 41000 0.35389979 0.0268378188994 0.003163414 0.000228129716768 0.64293686 0.026671098548
70 19000 0.35356686 0.0265050645395 0.0068263156 0.000492280532497 0.6396069 0.0261495991357
70 67000 0.35400481 0.0269453020581 0.0019358206 0.00013960265345 0.64405942 0.0268429556962
70 70000 0.35401743 0.0269588920767 0.0018528574 0.000133619980101 0.64412975 0.0268609077463
70 49000 0.35394774 0.0268779133046 0.0026469391 0.000190884596794 0.64340528 0.0267382227808
70 55000 0.35396677 0.0269097399925 0.0023581814 0.000170060939096 0.6436751 0.0267851470686
70 33000 0.35382971 0.0267615607015 0.0039303027 0.000283434463976 0.64224001 0.0265548659288
70 8000 0.3527125 0.0258184677414 0.0162125 0.00116916669367 0.631075 0.0250067162696
70 20000 0.353605 0.0265422319287 0.006485 0.000467666677466 0.63991 0.0262037818228
70 25000 0.3537208 0.0266368627267 0.005188 0.000374133341973 0.6410912 0.026365162861
70 61000 0.35398849 0.0269263735969 0.0021262296 0.000153333532852 0.64388528 0.0268139911655
70 71000 0.35401661 0.0269597653419 0.0018267601 0.000131737370372 0.64415665 0.0268631519351
70 13000 0.35326926 0.0262316114512 0.0099769213 0.000719487466177 0.63675381 0.0257178484203
70 38000 0.35388083 0.0268109272684 0.003413158 0.000246141001699 0.64270602 0.0266312128939
70 80000 0.35403787 0.0269742845425 0.00162125 0.000116916669367 0.64434085 0.0268884673042
70 81000 0.35403937 0.026980519842 0.0016012347 0.000115473043218 0.64435937 0.0268957752706
70 52000 0.35395867 0.0268987095887 0.0024942303 0.000179871795474 0.64354715 0.0267669891936
70 30000 0.35379497 0.0267341696909 0.0043233329 0.000311777954538 0.64188168 0.0265070980434
70 2000 0.349535 0.0256285879479 0.06342 0.00396685764755 0.587045 0.0233607085085
70 3000 0.35034996 0.0253519423339 0.043116661 0.00307277034776 0.60653336 0.0235444357322
70 43000 0.35392026 0.0268478599616 0.0030162793 0.000217518709221 0.64306347 0.0266888799711
70 28000 0.35376933 0.0266907368527 0.0046321426 0.000334046697412 0.64159858 0.0264477568662
70 72000 0.35401665 0.026959653978 0.0018013888 0.000129907267169 0.64418196 0.0268643399857
70 7000 0.35252575 0.025713937261 0.018528574 0.00133619980101 0.62894574 0.02479579948
70 82000 0.35404037 0.0269819187791 0.0015817073 0.000114065688888 0.64437792 0.0268981909112
70 53000 0.35396772 0.0269012532058 0.00244717 0.00017647754406 0.64358503 0.0267719928345
70 35000 0.35384485 0.0267732100536 0.003705714 0.00026723789315 0.64244942 0.0265782920001
70 56000 0.35396968 0.0269073529487 0.0023160714 0.000167024534489 0.64371433 0.0267849699864
70 12000 0.35321495 0.0261996535074 0.0108083305 0.00077944400384 0.63597664 0.0256451919531
70 18000 0.35354498 0.0264631112233 0.0072055554 0.000519629204624 0.63924941 0.0260880238819
70 48000 0.35394336 0.0268655589356 0.0027020829 0.000194861285178 0.6433546 0.026723042962
70 73000 0.35402248 0.0269683963413 0.0017767124 0.000128127950161 0.64420085 0.0268743809698
70 83000 0.35403942 0.0269859485854 0.0015626508 0.000112690891404 0.64439795 0.0269032309668
70 54000 0.35396663 0.0269063189254 0.0024018516 0.000173209879607 0.64363147 0.0267794346537
70 1000 0.35064 0.0278874070998 0.11656 0.00552372294304 0.5328 0.0247329167653
70 62000 0.3539935 0.0269390070518 0.0020919353 0.000150859916843 0.64391445 0.0268284509397
70 42000 0.35391094 0.0268448592023 0.0030880951 0.00022269900889 0.64300093 0.0266821024849
70 64000 0.35400325 0.0269432992218 0.0020265622 0.000146145395056 0.64397022 0.0268361174067
70 32000 0.35382681 0.0267541788752 0.004053125 0.000292291673416 0.64211999 0.026541107208
70 74000 0.35402716 0.0269708303534 0.0017527028 0.000126396824264 0.64422013 0.0268781010492
70 6000 0.35228665 0.0256104068499 0.021616671 0.0015588872296 0.62609667 0.0245615885336
70 17000 0.35351115 0.0264305476637 0.007629412 0.000550195941859 0.63885939 0.0260342575919
70 40000 0.35388625 0.0268190813307 0.0032425 0.000233833338733 0.64287125 0.0266482413559
70 79000 0.35403559 0.0269764165807 0.001641772 0.000118396722936 0.64432269 0.0268895339426
70 45000 0.35391664 0.0268522515075 0.0028822221 0.000207851615124 0.6432011 0.0267003453742
70 84000 0.3540429 0.0269899368125 0.0015440475 0.000111348800898 0.64441307 0.0269081785661
70 50000 0.3539512 0.0268821470283 0.002594 0.000187066670986 0.6434548 0.0267451982466
70 11000 0.35316548 0.0261293312966 0.011790908 0.000850299706483 0.63504364 0.0255266105627
70 65000 0.354002 0.0269443387367 0.0019953846 0.000143897400538 0.64400265 0.0268388461457
70 37000 0.35388026 0.0267899243259 0.0035054051 0.000252792249951 0.64261435 0.0266053371191
70 75000 0.35403092 0.0269709847491 0.0017293329 0.000124711283568 0.64423971 0.0268795296707
70 46000 0.35393027 0.0268604375589 0.0028195652 0.00020333354033 0.64325021 0.0267118583103
