#1-sta 2-avgThroughput 3-stdThroughput 4-JFI 5-stdJFI 6-Bandwidth 7-avgDelay 8-stdDelay 9-avgBackoffStage 10-stdBackoffStage 11-totalFractionOfCollisionSlots 12.stdCollidingSlots 13.avgThroughputDCF 14. stdThroughputDCF 15.avgThroughputECA 16.stdThroughputECA 17.Sum of 15 and 16 18. std of 17 19. AvgBlockingProb 20. StdBlockingProb 21. AvgDroppedPackets 22.StdDropped 23.SxSlots 24.stdSxSlots 25.ColSlots 26.StdColSlots 27.EmptySlots 28.stdEmpty 29.totalSlots 30.stdTotalSlots 31.averageTAU 32.stdTAU 33.avgQSize 34.stdQSize 35.avgQEmpty 36.stdQEmpty 37. avgQDelay 38. stdQDelay
2 2.94676e+07 50.8874 1 0 6.5e+07 0.000555999 1.3743e-05 0 0 4.21205e-08 1.65828e-07 0 0 1.47338e+07 25.6335 2.94675e+07 55.0111 0.77206 0.000181592 0 0 359712 0.508874 0.0606061 0.238606 1.07915e+06 8.83939 1.43886e+06 7.63011 0.124999 7.70198e-07 999.758 0.296134 0.10101 0.33318 0.553875 0
3 3.0797e+07 72.6009 1 0 6.5e+07 0.000797998 1.38966e-05 0 0 2.82114e-07 5.11968e-07 0 0 1.02656e+07 9.99949 3.07969e+07 56.8535 0.840806 0.000105645 0 0 375940 0.819864 0.282828 0.513267 626582 8.8016 1.00252e+06 8.65038 0.124998 1.05419e-06 999.822 0.185294 0.0808081 0.27254 0.794095 0
4 3.15075e+07 212.558 1 0 6.5e+07 0.00104 1.68108e-05 0 0 1.91704e-06 2.13342e-06 0 0 7.87686e+06 53.3238 3.15075e+07 220.753 0.877554 7.62169e-05 0 0 384613 2.5523 1.47475 1.64128 384643 26.0718 769258 25.1191 0.124996 3.94315e-06 999.879 0.152271 0.111111 0.344917 1.03373 0
5 3.19497e+07 457.615 1 0 6.5e+07 0.00128201 2.49399e-05 0 0 5.50261e-06 5.67496e-06 0 0 6.38992e+06 92.6084 3.19496e+07 455.825 0.900434 5.28106e-05 0.0020202 0.019999 390011 5.6084 3.43434 3.54242 234061 59.9663 624075 57.8016 0.124991 1.12263e-05 999.889 0.124632 0.131313 0.337742 1.27278 0
6 3.2251e+07 1052.07 1 4.0535e-07 6.5e+07 0.00152403 5.17448e-05 0 0 1.46751e-05 1.49918e-05 0 0 5.37516e+06 175.064 3.2251e+07 1050.47 0.916044 4.42296e-05 0.0218855 0.073575 393689 12.8388 7.70707 7.8769 131351 141.872 525048 136.766 0.124974 3.17704e-05 999.916 0.0988101 0.111111 0.344917 1.51127 0
7 3.24685e+07 2471.12 1 8.6288e-07 6.5e+07 0.00176612 0.000134655 0 0 4.85538e-05 4.40811e-05 0 0 4.63835e+06 352.993 3.24684e+07 2468.35 0.92738 3.44657e-05 0.07215 0.113732 396344 30.1819 22.0202 20.0237 56909.7 287.062 453276 276.761 0.124928 7.31401e-05 999.934 0.0795363 0.141414 0.348448 1.74923 0
8 3.26193e+07 17609.2 0.999997 3.87772e-06 6.5e+07 0.00200908 0.00107771 0 0 0.000383066 0.000366503 0 0 4.0774e+06 2201.73 3.26192e+07 17612.5 0.936009 4.13585e-05 0.632576 0.707736 398185 214.975 153.97 148.42 1892.96 1859.93 400232 1793.21 0.124461 0.000527224 999.941 0.0739903 0.161616 0.394586 1.98748 0
9 3.00935e+07 31711.2 0.999525 0.000228885 6.5e+07 0.00244541 0.00249279 1.47699 0.50221 0.0380393 0.000313845 0 0 3.34372e+06 3522.97 3.00935e+07 31708.4 0.947187 5.64581e-05 87.7228 2.5031 367353 387.108 23194.8 286.116 219193 3025.28 609740 2916.77 0.0755275 0.000332995 999.947 0.061799 0.131313 0.366431 2.41911 0
10 2.94407e+07 27426.7 0.999476 0.000264164 6.5e+07 0.00277555 0.00264692 1.57778 0.42177 0.0485831 0.000318543 0 0 2.94406e+06 2742.87 2.94406e+07 27428.7 0.953318 4.32074e-05 101.469 2.39923 359383 334.81 30496 269.633 237820 2200.04 627700 2121.21 0.0671604 0.000205686 999.958 0.0552147 0.121212 0.383306 2.74291 0
11 2.88786e+07 25959 0.999419 0.000282009 6.5e+07 0.00311059 0.00277244 1.88889 0.413794 0.0580448 0.000289062 0 0 2.62532e+06 2359.51 2.88785e+07 25953 0.95821 4.01282e-05 111.466 2.12449 352521 316.812 36997.5 256.499 247873 2075.54 637392 2001.09 0.06108 0.000175855 999.968 0.0538179 0.171717 0.403029 3.07084 0
12 2.83861e+07 24773.1 0.999345 0.000246922 6.5e+07 0.00345029 0.00313072 1.96633 0.424905 0.0667216 0.000309504 0 0 2.36551e+06 2064.58 2.83861e+07 24765.9 0.962197 3.54266e-05 118.965 2.41076 346510 302.416 42836.6 257.57 252670 1678.96 642017 1618.8 0.0564003 0.000128011 999.971 0.0431086 0.141414 0.348448 3.40256 0
13 2.79305e+07 26155.3 0.999355 0.000204963 6.5e+07 0.00379603 0.00360807 2.06682 0.429564 0.0749294 0.000329 0 0 2.14849e+06 2010.89 2.79304e+07 26146.1 0.965526 3.32652e-05 126.279 2.47511 340948 319.198 48301.9 272.717 255381 1826.2 644631 1760.74 0.0525712 0.000131249 999.963 0.0428978 0.131313 0.366431 3.73954 0
14 2.75123e+07 23129.5 0.999308 0.000266156 6.5e+07 0.0041476 0.00367813 2.19841 0.393799 0.0827848 0.000299628 0 0 1.96516e+06 1652.15 2.75123e+07 23127.6 0.96834 2.75982e-05 131.425 2.32226 335844 282.315 53393.4 244.95 255728 1516.05 644965 1461.71 0.0494363 0.00010188 999.976 0.0349923 0.0909091 0.28748 4.08121 0
15 2.71206e+07 20408.1 0.999318 0.000240925 6.5e+07 0.00450453 0.00348378 2.34343 0.448002 0.0902638 0.00027495 0 0 1.80803e+06 1360.26 2.71205e+07 20409.6 0.97075 2.24567e-05 137.462 1.8529 331061 249.048 58187.9 219.936 255392 1231.67 644642 1187.5 0.0467406 7.94427e-05 999.974 0.0365694 0.0909091 0.28748 4.42771 0
16 2.67536e+07 24133.6 0.999295 0.000295637 6.5e+07 0.00486734 0.00431345 2.33712 0.351743 0.0974692 0.00036591 0 0 1.67209e+06 1508.49 2.67535e+07 24139.7 0.972836 2.37542e-05 141.926 2.30844 326582 294.589 62713.3 265.198 254122 1521.94 643417 1467.37 0.0444289 9.58092e-05 999.972 0.0333506 0.151515 0.35855 4.7789 0
17 2.64091e+07 24632.2 0.99923 0.000279806 6.5e+07 0.00523503 0.00483807 2.42068 0.359647 0.104401 0.000349421 0 0 1.55347e+06 1448.79 2.6409e+07 24634.3 0.974654 2.31354e-05 147.017 2.5021 322377 300.64 66985.3 272.154 252253 1267.9 641614 1222.44 0.0424082 7.29236e-05 999.975 0.0356681 0.181818 0.41105 5.13424 0
18 2.6086e+07 22812.7 0.999163 0.000318372 6.5e+07 0.00560751 0.00506605 2.44276 0.333001 0.111041 0.000334583 0 0 1.44922e+06 1267.65 2.6086e+07 22819.1 0.976253 2.15666e-05 151.399 2.07069 318433 278.503 71008.6 251.749 250038 1275.96 639480 1230.26 0.040621 7.38165e-05 999.975 0.0299588 0.10101 0.301342 5.49341 0
19 2.57792e+07 24970.4 0.999216 0.000243846 6.5e+07 0.00598406 0.00603607 2.55237 0.359727 0.117462 0.00033007 0 0 1.3568e+06 1314.04 2.57791e+07 24961.5 0.977669 2.08028e-05 155.831 2.08636 314687 304.769 74840.5 274.894 247621 1178.14 637149 1135.87 0.0390229 5.97975e-05 999.978 0.0282182 0.040404 0.196905 5.85598 0
20 2.54805e+07 22169.8 0.999173 0.000235988 6.5e+07 0.00636761 0.00546348 2.61263 0.333511 0.123786 0.000336943 0 0 1.27402e+06 1108.77 2.54805e+07 22176.3 0.978938 1.77965e-05 159.645 2.05292 311042 270.634 78575.1 248.438 245148 1100.12 634764 1060.71 0.0375861 5.83782e-05 999.982 0.0260677 0.111111 0.344917 6.22385 0
21 2.51999e+07 21414.5 0.999145 0.000271103 6.5e+07 0.00675435 0.00562958 2.6431 0.341672 0.129906 0.000378157 0 0 1.19999e+06 1019.97 2.51998e+07 21420.3 0.980072 1.69176e-05 163.977 2.28459 307615 261.398 82103.2 247.825 242303 992.942 632022 957.338 0.0362995 5.30297e-05 999.98 0.0271861 0.10101 0.301342 6.59485 0
22 2.4929e+07 24713.6 0.999127 0.000251833 6.5e+07 0.00714644 0.00664281 2.64555 0.370909 0.13583 0.000422837 0 0 1.13313e+06 1123.23 2.49289e+07 24713.9 0.981096 1.86841e-05 167.657 1.83371 304309 301.672 85503.9 285.146 239680 1070.45 629493 1032.04 0.0351122 5.50213e-05 999.98 0.026677 0.171717 0.403029 6.96963 0
23 2.46703e+07 24279.1 0.999109 0.000284663 6.5e+07 0.00754262 0.00723209 2.64559 0.35145 0.141587 0.000387504 0 0 1.07262e+06 1055.33 2.46703e+07 24276.6 0.982022 1.64006e-05 171.132 1.974 301152 296.309 88758.3 275.4 236972 1103.11 626882 1063.55 0.0340286 5.46066e-05 999.98 0.0223302 0.171717 0.403029 7.34754 0
24 2.44225e+07 23964.7 0.999047 0.000243454 6.5e+07 0.00794282 0.00746786 2.76557 0.287433 0.147181 0.000366004 0 0 1.0176e+06 998.413 2.44224e+07 23966.1 0.982864 1.5547e-05 174.91 1.73938 298126 292.539 91881.1 266.99 234266 1220.4 624273 1176.65 0.0330296 5.8442e-05 999.981 0.0232456 0.181818 0.385695 7.72903 0
25 2.41822e+07 24140.4 0.999025 0.000280562 6.5e+07 0.00834799 0.00848173 2.81455 0.315035 0.152698 0.000352854 0 0 967287 965.998 2.41822e+07 24150.5 0.983634 1.51176e-05 177.772 2.00238 295193 294.74 94913.6 269.821 231471 1106.99 621578 1067.31 0.0321143 5.00417e-05 999.988 0.0190714 0.121212 0.326374 8.11379 0
26 2.39516e+07 23497.3 0.999051 0.000277868 6.5e+07 0.0087562 0.00822375 2.777 0.309193 0.158036 0.000357726 0 0 921214 903.631 2.39516e+07 23497.4 0.984339 1.46317e-05 181.116 1.7598 292378 286.857 97824.6 264.842 228798 1028.88 619001 992.009 0.03126 4.49467e-05 999.988 0.0186104 0.111111 0.31427 8.50085 0
27 2.37351e+07 23338.5 0.999053 0.000278644 6.5e+07 0.0091662 0.00836069 2.84923 0.310064 0.163218 0.000378922 0 0 879075 864.415 2.3735e+07 23338.3 0.984983 1.4083e-05 184.23 1.67606 289735 284.876 100573 267.235 225878 925.85 616186 892.694 0.0304742 4.07356e-05 999.985 0.0196843 0.0909091 0.28748 8.88891 0
28 2.35168e+07 24624.3 0.998997 0.000233995 6.5e+07 0.00958392 0.0101274 2.87987 0.305689 0.168313 0.000419679 0 0 839885 879.656 2.35168e+07 24624.9 0.985582 1.45927e-05 187.388 1.63871 287071 300.636 103323 283.207 223479 1001.82 613872 965.869 0.0297246 4.43823e-05 999.989 0.0188053 0.171717 0.377134 9.28344 0
29 2.33027e+07 21809.6 0.999012 0.000240078 6.5e+07 0.010006 0.0086901 2.88297 0.315576 0.17348 0.00034343 0 0 803540 752.075 2.33027e+07 21809.3 0.986137 1.18694e-05 190.435 1.79435 284457 266.256 106035 245.1 220733 1005.22 611225 969.14 0.0290426 4.21637e-05 999.988 0.0183762 0.10101 0.301342 9.68119 0
30 2.31003e+07 20929.4 0.999034 0.00024662 6.5e+07 0.0104304 0.00870599 2.81616 0.237049 0.178357 0.000352158 0 0 770009 697.802 2.31003e+07 20934.3 0.98665 1.0861e-05 192.796 1.51142 281987 255.51 108594 236.296 218275 994.983 608855 959.267 0.0283894 4.26834e-05 999.988 0.0179249 0.0909091 0.320697 10.0791 0
31 2.29005e+07 22655.1 0.99901 0.000233715 6.5e+07 0.0108592 0.0101844 2.96285 0.298458 0.18319 0.000392266 0 0 738724 730.854 2.29004e+07 22649.8 0.987128 1.15374e-05 195.766 1.6801 279547 276.547 111118 260.294 215908 920.001 606573 887.026 0.0277753 3.81277e-05 999.991 0.0149974 0.111111 0.344917 10.4818 0
32 2.27134e+07 20827.4 0.998898 0.000295723 6.5e+07 0.0112898 0.00980991 2.91509 0.289291 0.187845 0.000393251 0 0 709793 650.717 2.27134e+07 20817.7 0.987569 1.02457e-05 198.527 1.73298 277264 254.189 113491 241.722 213420 864.121 604174 833.13 0.027197 3.68037e-05 999.988 0.0168975 0.151515 0.385695 10.8853 0
33 2.25308e+07 19841.4 0.998941 0.000269898 6.5e+07 0.0117226 0.0101491 3.01286 0.292441 0.192491 0.000361972 0 0 682748 601.434 2.25307e+07 19850.3 0.987983 9.00768e-06 200.953 1.63918 275034 242.239 115814 225.519 210814 948.83 601661 914.845 0.0266611 3.82002e-05 999.99 0.0153393 0.151515 0.385695 11.2895 0
34 2.23436e+07 19822.2 0.99891 0.000237172 6.5e+07 0.0121637 0.0106512 3.02377 0.289285 0.197108 0.000379132 0 0 657163 583.092 2.23436e+07 19822.1 0.988373 9.4389e-06 203.781 1.59098 272749 241.975 118177 231.845 208628 737.198 599554 710.775 0.0261443 3.20273e-05 999.991 0.0147261 0.0808081 0.27254 11.7007 0
35 2.21672e+07 18162.8 0.998886 0.000272834 6.5e+07 0.0126063 0.00978583 2.94661 0.299292 0.201599 0.000332054 0 0 633347 518.778 2.21671e+07 18160.8 0.988736 8.27268e-06 206.02 1.65708 270596 221.658 120415 208.872 206288 755.894 597298 728.756 0.0256561 3.04648e-05 999.988 0.0159265 0.111111 0.31427 12.1117 0
36 2.1998e+07 18069 0.998864 0.000262231 6.5e+07 0.0130503 0.010324 3.02581 0.275983 0.205966 0.000380376 0 0 611055 501.87 2.1998e+07 18065.6 0.989076 8.33421e-06 208.164 1.44575 268531 220.514 122562 211.085 203970 792.995 595063 764.54 0.0251945 3.28701e-05 999.989 0.0147342 0.141414 0.348448 12.5232 0
37 2.18267e+07 21928 0.998895 0.00024909 6.5e+07 0.0134996 0.0124667 3.01256 0.262636 0.210346 0.000395081 0 0 589908 592.823 2.18266e+07 21936.1 0.989399 9.35721e-06 210.667 1.51669 266439 267.685 124732 253.203 201813 832.343 592984 802.481 0.024755 3.20334e-05 999.992 0.0127513 0.0909091 0.28748 12.9396 0
38 2.16684e+07 18303.2 0.998818 0.000269412 6.5e+07 0.0139491 0.0108783 3.05848 0.249613 0.214566 0.000383984 0 0 570221 481.846 2.16684e+07 18310.5 0.989699 8.1532e-06 212.696 1.53527 264507 223.456 126748 212.619 199460 816.12 590715 786.84 0.0243395 3.33973e-05 999.99 0.0131432 0.0707071 0.256335 13.3535 0
39 2.15069e+07 19416.6 0.998788 0.000265987 6.5e+07 0.0144045 0.0131525 3.05413 0.271943 0.218801 0.000357741 0 0 551457 498.062 2.15068e+07 19424.5 0.989985 7.62433e-06 215.05 1.42063 262535 237.031 128797 223.606 197317 767.447 588649 739.951 0.0239391 2.85248e-05 999.991 0.0139589 0.151515 0.385695 13.7735 0
40 2.1349e+07 20276.2 0.998866 0.00021398 6.5e+07 0.0148619 0.0140558 3.01692 0.228213 0.222931 0.000406813 0 0 533723 506.651 2.13489e+07 20266.8 0.990255 7.80113e-06 217.255 1.32198 260608 247.49 130796 234.74 195307 847.028 586711 816.615 0.0235563 3.28571e-05 999.991 0.012606 0.111111 0.31427 14.1944 0
41 2.11997e+07 17724.7 0.998855 0.000267904 6.5e+07 0.0153206 0.0126737 3.05913 0.206465 0.22694 0.000367364 0 0 517065 432.381 2.11997e+07 17726.4 0.990509 6.82754e-06 219.11 1.41262 258786 216.39 132693 206.383 193227 725.544 584706 699.512 0.0231907 2.65547e-05 999.993 0.0119076 0.111111 0.31427 14.6138 0
42 2.10491e+07 17532.1 0.998793 0.000235276 6.5e+07 0.0157855 0.0124249 3.09861 0.252498 0.231054 0.000378699 0 0 501168 417.366 2.10491e+07 17533.2 0.990751 6.98628e-06 221.074 1.50618 256947 213.996 134610 203.52 191035 772.004 582592 744.293 0.0228505 2.9732e-05 999.992 0.0113965 0.222222 0.41574 15.0383 0
43 2.09021e+07 17425.2 0.998793 0.000240975 6.5e+07 0.0162509 0.0126992 3.10336 0.224969 0.234981 0.000365538 0 0 486095 405.333 2.09021e+07 17429.4 0.99098 6.62688e-06 223.46 1.42102 255153 212.71 136472 203.652 189154 679.713 580778 655.359 0.0225121 2.55716e-05 999.992 0.0115049 0.111111 0.344917 15.4643 0
44 2.07592e+07 18038.8 0.998771 0.000252619 6.5e+07 0.0167191 0.0137835 3.06405 0.247922 0.238888 0.000401342 0 0 471798 409.982 2.07591e+07 18036.6 0.991197 6.34268e-06 225.632 1.51636 253408 220.218 138287 211.517 187184 739.466 578879 712.945 0.0221911 2.69049e-05 999.991 0.0120417 0.0606061 0.238606 15.8905 0
45 2.06183e+07 20418.9 0.998728 0.000246634 6.5e+07 0.0171922 0.0152737 3.11807 0.219936 0.242733 0.000396541 0 0 458182 453.821 2.06182e+07 20423 0.991404 6.98102e-06 227.289 1.3115 251688 249.227 140075 235.723 185311 790.607 577073 762.252 0.0218833 2.69186e-05 999.992 0.0110353 0.131313 0.337742 16.3184 0
46 2.04829e+07 18161.5 0.998721 0.000251827 6.5e+07 0.0176646 0.0144276 3.12297 0.232114 0.246511 0.000378309 0 0 445279 394.744 2.04828e+07 18159.9 0.9916 6.22121e-06 229.142 1.16865 250035 221.731 141796 210.785 183380 726.408 575212 700.333 0.0215879 2.57469e-05 999.992 0.0111148 0.0808081 0.27254 16.746 0
47 2.03494e+07 20513 0.998722 0.000240823 6.5e+07 0.0181406 0.0160757 3.12616 0.24 0.25029 0.000419965 0 0 432964 436.381 2.03493e+07 20517.2 0.991788 6.96286e-06 230.759 1.41978 248405 250.364 143496 241.331 181420 663.485 573322 639.716 0.0213071 2.45556e-05 999.994 0.0104281 0.121212 0.326374 17.1755 0
48 2.02118e+07 19342.8 0.998718 0.00027176 6.5e+07 0.0186239 0.0152905 3.16351 0.233392 0.254042 0.000392022 0 0 421078 403.072 2.02117e+07 19341.5 0.991968 6.21507e-06 232.642 1.53065 246726 236.137 145236 221.79 179741 818.33 571703 788.98 0.0210317 2.82563e-05 999.993 0.0116802 0.10101 0.301342 17.6122 0
49 2.00826e+07 18108.3 0.998667 0.000240089 6.5e+07 0.0191059 0.0164534 3.16368 0.252793 0.257725 0.000369349 0 0 409848 369.626 2.00825e+07 18114.1 0.992139 5.67177e-06 234.34 1.35176 245149 221.058 146880 209.054 177881 717.504 569909 691.776 0.02077 2.47465e-05 999.995 0.0097492 0.121212 0.326374 18.0451 0
50 1.99525e+07 20710.6 0.998737 0.000242686 6.5e+07 0.0195917 0.0180146 3.20061 0.22375 0.261415 0.00041486 0 0 399049 414.333 1.99524e+07 20718.4 0.992303 6.59061e-06 235.941 1.37855 243561 252.857 148532 242.44 176092 675.663 568185 651.485 0.0205172 2.28518e-05 999.994 0.0107318 0.0707071 0.256335 18.4792 0
51 1.98298e+07 18389.1 0.99872 0.000297427 6.5e+07 0.0200754 0.0171401 3.21271 0.196165 0.264871 0.000424497 0 0 388818 360.518 1.98297e+07 18383.8 0.992458 5.59991e-06 237.866 1.32706 242063 224.514 150087 216.304 174495 705.228 566645 679.912 0.0202672 2.54716e-05 999.994 0.00927535 0.10101 0.301342 18.912 0
52 1.97077e+07 19671.3 0.998667 0.00028735 6.5e+07 0.0205627 0.0184954 3.21076 0.186267 0.268388 0.000383342 0 0 378994 378.225 1.97077e+07 19672.9 0.992606 5.93291e-06 239.842 1.25319 240573 240.157 151639 228.465 172786 670.316 564997 646.28 0.0200296 2.12982e-05 999.994 0.0100423 0.0909091 0.28748 19.3471 0
53 1.95868e+07 19077 0.99872 0.000299539 6.5e+07 0.0210549 0.01847 3.16238 0.261013 0.271895 0.000395417 0 0 369561 360.053 1.95867e+07 19081.9 0.99275 5.47909e-06 241.014 1.29305 239096 232.9 153176 222.365 171091 671.6 563363 647.519 0.0198028 2.28024e-05 999.994 0.00953048 0.111111 0.31427 19.7838 0
54 1.9467e+07 18227.1 0.998646 0.000270831 6.5e+07 0.0215509 0.0178104 3.18088 0.24778 0.275391 0.000406978 0 0 360498 337.675 1.94669e+07 18232.9 0.992888 5.25961e-06 242.468 1.26011 237634 222.489 154699 215.768 169409 586.228 561742 565.189 0.0195816 2.13283e-05 999.994 0.00953701 0.0909091 0.28748 20.2219 0
55 1.93513e+07 21088.3 0.998628 0.000240126 6.5e+07 0.0220448 0.0222835 3.18035 0.228742 0.278707 0.00047557 0 0 351841 383.268 1.93513e+07 21081.3 0.993019 5.99556e-06 244.168 1.16508 236222 257.407 156163 249.863 167929 673.511 560315 649.302 0.0193633 2.37927e-05 999.996 0.00771389 0.0808081 0.27254 20.6595 0
56 1.92374e+07 18542.2 0.998623 0.000250645 6.5e+07 0.0225419 0.0187295 3.16721 0.191344 0.282066 0.0004563 0 0 343523 331.19 1.92373e+07 18550 0.993145 5.29083e-06 245.66 1.22277 234831 226.35 157612 222.88 166333 568.592 558776 548.25 0.0191563 2.15848e-05 999.995 0.00858213 0.0909091 0.28748 21.0973 0
57 1.91225e+07 18038.4 0.99859 0.000257765 6.5e+07 0.0230439 0.0188987 3.18607 0.225442 0.285457 0.000371261 0 0 335482 316.468 1.91225e+07 18039.7 0.993267 4.90012e-06 247.152 1.12212 233429 220.212 159071 210.493 164750 599.29 557250 577.875 0.0189572 1.98018e-05 999.995 0.0079211 0.131313 0.337742 21.5382 0
58 1.90128e+07 18296.3 0.998655 0.000290173 6.5e+07 0.0235402 0.0202407 3.23546 0.197484 0.288714 0.000385238 0 0 327807 315.341 1.90128e+07 18295.2 0.993383 5.0992e-06 248.963 1.20678 232090 223.283 160463 213.881 163233 604.396 555787 582.769 0.01876 2.08474e-05 999.995 0.00802858 0.121212 0.326374 21.9737 0
59 1.89033e+07 18069.7 0.99858 0.000264124 6.5e+07 0.024046 0.0193493 3.23386 0.217068 0.291986 0.000418886 0 0 320394 306.337 1.89033e+07 18072 0.993495 4.67846e-06 250.29 1.26757 230753 220.557 161855 212.263 161717 645.168 554325 622.024 0.018572 2.10711e-05 999.993 0.00926637 0.0909091 0.28748 22.4149 0
60 1.87915e+07 18174.1 0.998564 0.000240473 6.5e+07 0.0245573 0.0197788 3.24815 0.20991 0.295286 0.000405332 0 0 313191 302.932 1.87915e+07 18174 0.993604 4.9103e-06 251.592 1.34443 229388 221.832 163272 213.95 160269 588.316 552929 567.169 0.0183881 1.94509e-05 999.994 0.00833656 0.0808081 0.27254 22.8599 0
61 1.86892e+07 18508.5 0.998547 0.000275697 6.5e+07 0.02506 0.0213538 3.21908 0.19612 0.298405 0.000388891 0 0 306380 303.562 1.86892e+07 18521.7 0.993707 4.48453e-06 253.018 1.19896 228140 225.967 164573 214.728 158796 650.856 551509 627.514 0.0182079 2.07822e-05 999.994 0.00801388 0.0808081 0.27254 23.2966 0
62 1.8584e+07 19112.4 0.998509 0.000263731 6.5e+07 0.0255702 0.0236174 3.2636 0.215324 0.301614 0.000426219 0 0 299740 308.321 1.85839e+07 19115.5 0.993807 4.83048e-06 254.491 1.3776 226855 233.303 165911 224.167 157312 638.953 550078 616.076 0.0180381 1.95377e-05 999.996 0.00675702 0.161616 0.368098 23.7373 0
63 1.84776e+07 18082.3 0.998542 0.000258253 6.5e+07 0.0260863 0.0221481 3.23136 0.210509 0.304793 0.000387715 0 0 293294 287.16 1.84775e+07 18093.3 0.993905 4.37088e-06 255.631 1.21039 225557 220.756 167259 210.912 155947 607.883 548762 586.101 0.0178671 1.96701e-05 999.994 0.00845362 0.0909091 0.28748 24.1833 0
64 1.83769e+07 18753 0.998522 0.000244748 6.5e+07 0.0265965 0.0241123 3.247 0.22198 0.307851 0.000425257 0 0 287138 293.043 1.83769e+07 18745.9 0.993998 4.36632e-06 257.24 1.18163 224328 228.9 168536 217.95 154596 691.396 547460 666.581 0.0177036 2.16708e-05 999.994 0.00794719 0.131313 0.337742 24.6232 0
65 1.82723e+07 18497.4 0.998532 0.000241242 6.5e+07 0.0271172 0.0235459 3.24693 0.223462 0.311052 0.000397378 0 0 281111 284.571 1.82722e+07 18500.5 0.994089 4.41228e-06 258.525 1.1238 223050 225.815 169864 216.127 153181 599.977 546095 578.486 0.0175482 1.84517e-05 999.996 0.00697524 0.151515 0.35855 25.0689 0
66 1.81733e+07 17483 0.998511 0.000284699 6.5e+07 0.0276335 0.0219665 3.26982 0.218059 0.314026 0.000398138 0 0 275353 264.851 1.81733e+07 17483.1 0.994176 4.44656e-06 259.861 1.15679 221842 213.417 171116 203.386 151953 632.136 544911 609.439 0.0173897 1.86291e-05 999.996 0.00685679 0.131313 0.337742 25.5091 0
67 1.80771e+07 17520 0.998559 0.000239212 6.5e+07 0.0281502 0.021784 3.28584 0.188594 0.317079 0.000414864 0 0 269807 261.299 1.8077e+07 17508.9 0.99426 3.89512e-06 260.887 1.11948 220668 213.835 172342 207.165 150521 551.912 543531 532.13 0.0172398 1.65594e-05 999.995 0.00721569 0.0909091 0.28748 25.9479 0
68 1.79802e+07 19586.5 0.998511 0.000255546 6.5e+07 0.0286712 0.0258307 3.27481 0.203906 0.320085 0.000413496 0 0 264414 288.014 1.79802e+07 19585.9 0.994341 4.38465e-06 262.238 1.11027 219485 239.112 173572 227.819 149212 641.514 542268 618.539 0.0170925 1.87539e-05 999.997 0.00633471 0.0909091 0.28748 26.3932 0
69 1.78872e+07 17208 0.998471 0.000271475 6.5e+07 0.0291927 0.0223237 3.25092 0.189731 0.323038 0.000405323 0 0 259234 249.22 1.78871e+07 17201.3 0.99442 3.66256e-06 263.252 1.15587 218349 210.01 174756 202.707 147871 554.332 540976 534.454 0.0169514 1.75346e-05 999.996 0.00739891 0.0808081 0.27254 26.831 0
70 1.77938e+07 19599.4 0.998429 0.000254239 6.5e+07 0.0297143 0.0260161 3.29004 0.19336 0.325903 0.000412295 0 0 254197 280.045 1.77938e+07 19597.8 0.994495 4.34846e-06 264.626 1.09312 217210 239.319 175937 229.194 146699 591.371 539846 570.139 0.0168082 1.86445e-05 999.995 0.00769177 0.0808081 0.27254 27.2721 0
