#1-sta 2-avgThroughput 3-stdThroughput 4-JFI 5-stdJFI 6-Bandwidth 7-avgDelay 8-stdDelay 9-avgBackoffStage 10-stdBackoffStage 11-totalFractionOfCollisionSlots 12.stdCollidingSlots 13.avgThroughputDCF 14. stdThroughputDCF 15.avgThroughputECA 16.stdThroughputECA 17.Sum of 15 and 16 18. std of 17 19. AvgBlockingProb 20. StdBlockingProb 21. AvgDroppedPackets 22.StdDropped 23.SxSlots 24.stdSxSlots 25.ColSlots 26.StdColSlots 27.EmptySlots 28.stdEmpty 29.totalSlots 30.stdTotalSlots 31.averageTAU 32.stdTAU 33.avgQSize 34.stdQSize 35.avgQEmpty 36.stdQEmpty 37. avgQDelay 38. stdQDelay
2 2.00181e+06 10222.8 0.999968 4.38759e-05 1e+06 0.000254148 4.60607e-07 0 0 1.51221e-06 3.92092e-07 0 0 1.0009e+06 5110.25 2.0018e+06 10219.5 0 0 0 0 24436.2 124.798 15.8081 4.09897 1.04292e+07 3479.73 1.04536e+07 3354.23 0.0011703 6.34809e-06 0.0555556 0.157135 23655.3 116.919 0.000266617 0
3 3.0006e+06 12222.2 0.999937 6.13081e-05 1e+06 0.00025622 6.16974e-07 0 0 7.95688e-06 9.85877e-07 0 0 1.0002e+06 4075.29 3.00059e+06 12225.6 0 0 0 0 36628.4 149.195 80.5556 9.97798 1.00873e+07 4177.57 1.01241e+07 4024.2 0.0012113 5.44174e-06 0.026936 0.0908466 35430.8 137.452 0.000272673 0
4 4.00011e+06 14888.4 0.999935 4.5779e-05 1e+06 0.000259536 6.6869e-07 0 0 2.34528e-05 1.56193e-06 0 0 1.00002e+06 3721.68 4.0001e+06 14888.1 0 0 0 0 48829.4 181.741 229.646 15.2496 9.74291e+06 5206.68 9.79197e+06 5020.48 0.00125845 5.56597e-06 0.0353535 0.10666 47190.6 169.2 0.000280149 0
5 5.00132e+06 19025.9 0.999937 4.66515e-05 1e+06 0.000264085 9.23691e-07 0 0 5.15458e-05 2.72331e-06 0 0 1.00026e+06 3805.47 5.00131e+06 19025.7 0 0 0 0 61051.3 232.255 487.434 25.685 9.39487e+06 6583.55 9.4564e+06 6347.68 0.001312 6.00315e-06 0.0363636 0.103918 58940.5 215.134 0.000288997 0
6 6.00008e+06 21799.5 0.999928 4.39009e-05 1e+06 0.000270107 9.44326e-07 0.003367 0.0333316 9.7073e-05 3.39801e-06 0 0 1.00001e+06 3633.45 6.00006e+06 21799.1 0 0 0 0 73243.1 266.108 885.091 30.7052 9.04376e+06 7699.77 9.11789e+06 7423.16 0.00137159 6.3996e-06 0.0404041 0.0788915 70616.6 253.283 0.000299523 0
7 7.00094e+06 22600.1 0.99993 4.02656e-05 1e+06 0.000277919 1.23073e-06 0.004329 0.0428549 0.000166671 5.19102e-06 0 0 1.00013e+06 3227.97 7.00093e+06 22597.3 0 0 0 0 85460.7 275.879 1462.32 44.941 8.68693e+06 8180.78 8.77385e+06 7886.88 0.00143994 6.45076e-06 0.023088 0.0599149 82281 259.169 0.000312115 0
8 8.00032e+06 25145.8 0.999932 3.56186e-05 1e+06 0.000287773 1.36318e-06 0.00378788 0.0278351 0.000266612 6.55304e-06 0 0 1.00004e+06 3142.71 8.0003e+06 25140.9 0 0 0 0 97660.2 306.954 2246.11 54.0063 8.32484e+06 9200.95 8.42475e+06 8870.84 0.00151718 6.97714e-06 0.0429293 0.077772 93862.4 284.458 0.000327105 0
9 9.00102e+06 27966.7 0.99993 3.14601e-05 1e+06 0.000299759 1.78987e-06 0.003367 0.0247423 0.000403591 9.6253e-06 0 0 1.00011e+06 3106.71 9.00099e+06 27960.9 0 0 0 0 109876 341.384 3256.57 75.2466 7.95598e+06 10566.9 8.06912e+06 10188.5 0.00160514 7.89208e-06 0.0415263 0.0643167 105394 308.936 0.000344617 0
10 1.00015e+07 29490.4 0.999929 3.11172e-05 1e+06 0.00031475 2.10223e-06 0.00808081 0.0367266 0.000590497 1.14536e-05 0 0 1.00015e+06 2948.9 1.00015e+07 29489 0 0 0 0 122089 359.996 4550.24 84.0481 7.57928e+06 11349.1 7.70592e+06 10942.1 0.00170633 8.47085e-06 0.0414141 0.0765547 116826 325.206 0.00036574 0
11 1.10012e+07 30226.2 0.999929 3.02005e-05 1e+06 0.000332749 2.40443e-06 0.0128558 0.0447793 0.000835544 1.42849e-05 0 0 1.00011e+06 2747.14 1.10012e+07 30218.8 0 0 0 0 134292 368.941 6128.91 99.0647 7.19493e+06 11651.7 7.33535e+06 11234.3 0.00182206 8.82039e-06 0.0560147 0.0793443 128151 330.01 0.00039062 0
12 1.20021e+07 30382.2 0.999928 3.30152e-05 1e+06 0.000355059 2.82454e-06 0.0126263 0.0521206 0.00116003 1.83737e-05 0 0 1.00017e+06 2531.9 1.2002e+07 30383.7 0 0 0 0 146510 370.878 8067.51 117.792 6.80013e+06 12360.2 6.95471e+06 11916 0.00195728 9.77129e-06 0.0530303 0.0753355 139336 327.277 0.000420951 0
13 1.30015e+07 30354.5 0.999922 3.03774e-05 1e+06 0.000382881 3.24167e-06 0.018648 0.0547661 0.00158733 2.01358e-05 0 0 1.00011e+06 2334.79 1.30015e+07 30356.1 0 0 0.000777001 0.00769192 158710 370.526 10418.2 117.386 6.39433e+06 12510.1 6.56346e+06 12060.7 0.00211625 1.03128e-05 0.058275 0.0882092 150329 311.011 0.000458297 0
14 1.40015e+07 31303.7 0.999927 2.88442e-05 1e+06 0.000417108 4.2885e-06 0.033189 0.0761858 0.00214683 2.90062e-05 0 0 1.0001e+06 2235.16 1.40014e+07 31294.3 0 0 0 0 170916 382.112 13223.7 155.973 5.97566e+06 13651.9 6.1598e+06 13162.5 0.00230533 1.23206e-05 0.0764791 0.0937395 161089 313.603 0.000504331 0
15 1.50018e+07 33347.8 0.999925 2.62533e-05 1e+06 0.000460012 5.37201e-06 0.0222222 0.0709088 0.00287503 3.70542e-05 0 0 1.00012e+06 2222.94 1.50018e+07 33344.2 0 0 0 0 183128 407.084 16511 179.3 5.54341e+06 14784.7 5.74304e+06 14254.4 0.00253224 1.4321e-05 0.050505 0.0722204 171549 349.276 0.000562497 0
16 1.60003e+07 35119.6 0.999926 2.62609e-05 1e+06 0.000514513 6.88807e-06 0.0265152 0.0843175 0.00384519 4.91512e-05 0 0 1.00001e+06 2194.88 1.60002e+07 35118.3 0 0 0.00126263 0.00879317 195316 428.745 20418.3 207.502 5.09454e+06 16415.2 5.31027e+06 15826.2 0.00281118 1.76844e-05 0.0732323 0.0875092 181565 340.567 0.000638157 0
17 1.69983e+07 35121.3 0.999925 2.81305e-05 1e+06 0.000585406 9.53562e-06 0.0528818 0.128847 0.00514556 7.0241e-05 0 0 999896 2066.29 1.69982e+07 35122.3 0 0 0.00237671 0.014285 207498 428.761 25003.3 259.297 4.62691e+06 17911.7 4.85941e+06 17269.5 0.00316084 2.2401e-05 0.0843731 0.120918 190994 318.18 0.000739966 0
18 1.79995e+07 35513.4 0.999926 2.4487e-05 1e+06 0.000681058 1.38513e-05 0.0909091 0.183741 0.0069747 8.90798e-05 0 0 999970 1973.2 1.79994e+07 35513.3 0 0 0.00505051 0.0178165 219720 433.493 30557.6 277.509 4.13115e+06 18293.9 4.38142e+06 17638.2 0.00362149 2.6855e-05 0.126824 0.156347 199571 318.413 0.000884962 0
19 1.90003e+07 36315.6 0.999928 2.46377e-05 1e+06 0.000815075 2.0425e-05 0.0616693 0.109699 0.009614 0.00015125 0 0 1.00001e+06 1911.25 1.90002e+07 36313 0 0 0.0313663 0.0402288 231937 443.265 37235.5 391.351 3.6042e+06 21889.8 3.87337e+06 21105.4 0.00424931 3.98324e-05 0.101542 0.0987491 206782 303.384 0.00110752 0
20 1.99997e+07 36983.4 0.999922 2.62887e-05 1e+06 0.00101456 3.83304e-05 0.163636 0.215535 0.0136941 0.000226825 0 0 999981 1849.39 1.99996e+07 36986.3 0 0 0.161616 0.0939665 244137 451.427 45501.5 453.363 3.03344e+06 23508.8 3.32308e+06 22665.8 0.00516803 5.60295e-05 0.192929 0.200001 211584 392.145 0.00149012 0
21 2.09991e+07 37447.5 0.999919 2.85586e-05 1e+06 0.00133827 7.09256e-05 0.228475 0.289614 0.0206995 0.000360813 0 0 999955 1783.21 2.09991e+07 37449.3 0 0 0.695046 0.219831 256337 457.15 56092.4 497.655 2.39782e+06 24789.6 2.71025e+06 23900.7 0.00666929 8.4829e-05 0.290524 0.336479 212008 595.567 0.00226801 0
22 2.19912e+07 37549 0.99992 2.36277e-05 1e+06 0.00201344 0.000545509 0.389348 0.409533 0.0362549 0.0011155 0 0 999597 1706.07 2.19911e+07 37539.1 0 0 4.14555 0.754428 268447 458.318 71446.7 927.102 1.63186e+06 36489.7 1.97175e+06 35181.7 0.00983484 0.000232663 0.544536 0.66271 199958 1872.59 0.00490563 0
23 2.14869e+07 24873.9 0.999561 0.000118827 1e+06 0.0084398 0.148744 2.6166 0.261482 0.169515 0.00247097 0 0 934210 1081.75 2.14868e+07 24875.2 0.00143056 0.000908946 122.076 2.68053 262291 303.651 123774 525.014 344215 8258.62 730279 7962.53 0.032239 0.000400931 662.758 22.5146 7564.83 2507.66 2.69096 0
24 2.12929e+07 15351.3 0.999458 0.000175074 1e+06 0.00904686 0.0918695 2.6835 0.259291 0.178099 0.000560724 0 0 887201 639.538 2.12928e+07 15342.8 0.0241614 0.00158357 130.873 2.00563 259923 187.422 126819 195.401 325332 1729.94 712073 1667.94 0.0319977 8.34766e-05 950.128 13.5493 2458.12 507.477 4.89655 0
25 2.11404e+07 15398.9 0.9994 0.00017223 1e+06 0.00951824 0.0635021 2.68162 0.313722 0.18331 0.000391417 0 0 845614 616.2 2.11403e+07 15402.6 0.0629359 0.00166421 136.019 1.82364 258061 188.011 128992 184.434 316631 1136.28 703685 1095.51 0.0312997 5.37055e-05 979.665 2.73031 1427.11 274.678 6.27393 0
26 2.09922e+07 15828.3 0.999382 0.000176101 1e+06 0.00997546 0.0437326 2.72339 0.315493 0.188227 0.00041073 0 0 807391 608.853 2.09922e+07 15824 0.100328 0.00164089 140.432 1.86859 256253 193.246 131073 189.318 309032 1165.25 696358 1123.43 0.0306167 5.56829e-05 985.065 2.42207 946.455 155.726 7.20724 0
27 2.08535e+07 17091.4 0.999348 0.000167596 1e+06 0.0104257 0.0346359 2.80958 0.282949 0.192754 0.00039287 0 0 772349 633.331 2.08534e+07 17100.3 0.134716 0.00160555 144.922 1.52439 254559 208.683 133003 205.003 302454 977.525 690016 942.453 0.0299382 4.62628e-05 988.273 1.75464 702.97 122.444 7.92539 0
28 2.07177e+07 13743.9 0.999327 0.000194372 1e+06 0.0108756 0.0289704 2.80159 0.244145 0.197306 0.000356215 0 0 739916 490.937 2.07176e+07 13740.9 0.166663 0.00148653 149.062 1.78333 252901 167.814 134896 162.881 295890 981.146 683688 945.898 0.0293142 4.56782e-05 990.214 1.51141 579.838 95.6464 8.54638 0
29 2.0586e+07 14206.8 0.999272 0.000169781 1e+06 0.0113277 0.0239407 2.85406 0.267723 0.201625 0.000390319 0 0 709860 489.532 2.05859e+07 14199.9 0.19628 0.00134148 152.821 1.60896 251294 173.351 136713 167.921 290049 1077.02 678056 1038.4 0.028705 4.87582e-05 992.053 1.35339 482.727 82.298 9.10104 0
30 2.04583e+07 16175.3 0.999287 0.000184509 1e+06 0.0117799 0.0219765 2.87778 0.272989 0.205792 0.000372072 0 0 681941 539.326 2.04582e+07 16179.1 0.22378 0.00130494 156.759 1.50913 249735 197.499 138466 190.632 284644 941.072 672844 907.312 0.0281216 4.26535e-05 993.165 1.04265 420.495 72.8285 9.61909 0
31 2.0335e+07 16302.1 0.999265 0.000187783 1e+06 0.0122345 0.0206962 2.91984 0.252604 0.210032 0.000373484 0 0 655965 525.797 2.03349e+07 16300.1 0.249378 0.00139133 160.377 1.58374 248230 198.933 140174 190.986 278991 944.693 667394 910.859 0.0275883 4.06549e-05 994.07 0.89129 361.222 56.3868 10.1112 0
32 2.02112e+07 15061.4 0.999233 0.000184552 1e+06 0.0126932 0.0195752 2.86995 0.234473 0.214128 0.000407226 0 0 631599 470.605 2.02112e+07 15061.8 0.273327 0.00134323 164.069 1.5361 246719 183.797 141865 179.869 273942 985.274 662527 949.943 0.0270694 4.34127e-05 994.581 0.995292 315.323 56.3368 10.5906 0
33 2.00888e+07 15886.2 0.999215 0.000196269 1e+06 0.0131546 0.0179205 2.91429 0.242923 0.218072 0.000386119 0 0 608749 481.627 2.00887e+07 15893.9 0.295824 0.00121603 167.688 1.48756 245224 193.974 143523 189.608 269398 862.346 658145 831.433 0.0265612 3.91386e-05 995.232 0.825512 283.081 54.8107 11.0562 0
34 1.99723e+07 16547.3 0.999219 0.000199554 1e+06 0.0136162 0.0176041 2.93939 0.28932 0.222115 0.000401111 0 0 587418 486.773 1.99722e+07 16553 0.316861 0.00117417 170.885 1.51975 243802 202.006 145123 198.096 264444 849.669 653368 819.162 0.0261044 3.72169e-05 995.716 0.731326 258.303 41.0229 11.5104 0
35 1.98607e+07 14396.8 0.999192 0.000198815 1e+06 0.0140789 0.0160837 3.00548 0.241437 0.225904 0.000364183 0 0 567447 411.212 1.98606e+07 14387.7 0.336515 0.00109201 174.147 1.42696 242440 175.715 146642 162.897 260054 1003.8 649136 967.759 0.02565 4.08386e-05 996.3 0.602453 230.96 37.0601 11.9569 0
36 1.97456e+07 13561.1 0.999159 0.000186818 1e+06 0.0145469 0.0149458 2.9436 0.279302 0.229722 0.000343857 0 0 548487 376.995 1.97455e+07 13567.1 0.35518 0.000903159 177.588 1.56018 241035 165.57 148197 157.172 255883 851.275 645115 820.748 0.0252179 3.48457e-05 996.478 0.642003 213.545 33.822 12.4038 0
37 1.96382e+07 13502.4 0.999144 0.000191825 1e+06 0.0150142 0.0151833 3.05597 0.249761 0.233493 0.000354597 0 0 530762 365.21 1.96382e+07 13514.1 0.372657 0.000958602 180.453 1.60271 239725 164.888 149661 159.347 251583 798.935 640969 770.269 0.0248147 3.38913e-05 996.844 0.560263 197.98 32.7618 12.8396 0
38 1.95274e+07 14202.8 0.999113 0.000210431 1e+06 0.0154874 0.0138811 3.02791 0.252158 0.237204 0.000390929 0 0 513878 373.711 1.95274e+07 14203 0.389287 0.000873782 183.42 1.57279 238372 173.332 151153 166.773 247707 894.362 637231 862.328 0.0244188 3.66846e-05 997.112 0.484351 186.01 32.4537 13.2783 0
39 1.94219e+07 13527.2 0.999132 0.000212654 1e+06 0.0159602 0.0153873 3.05076 0.255294 0.240846 0.000348516 0 0 497996 346.784 1.94218e+07 13523.3 0.404939 0.000871385 186.175 1.57979 237084 165.111 152579 161.221 243851 705.143 633514 679.816 0.0240417 2.96179e-05 997.324 0.506885 169.141 28.8791 13.7109 0
40 1.9317e+07 14596.4 0.999099 0.000184322 1e+06 0.0164361 0.0143571 3.00581 0.233383 0.244422 0.000334237 0 0 482924 364.816 1.9317e+07 14591.8 0.419769 0.000925897 189.094 1.4338 235803 178.21 153990 168.847 240224 762.156 630017 734.767 0.0236782 3.055e-05 997.493 0.444279 161.081 28.8257 14.1427 0
41 1.92177e+07 14424.1 0.999088 0.000197317 1e+06 0.0169105 0.0148745 3.0946 0.235025 0.247867 0.000347737 0 0 468723 351.869 1.92176e+07 14428.6 0.433736 0.000768742 191.856 1.48211 234591 176.076 155328 171.573 236740 656.765 626658 633.21 0.0233284 2.78095e-05 997.705 0.447017 151.758 30.8011 14.5698 0
42 1.91146e+07 15850.2 0.999056 0.000201752 1e+06 0.0173914 0.0172719 3.04281 0.251612 0.251388 0.000343881 0 0 455108 377.456 1.91146e+07 15856.9 0.447111 0.000819451 194.797 1.50397 233333 193.507 156708 181.659 233330 798.46 623370 769.812 0.0229958 2.92086e-05 997.816 0.420977 142.414 24.5809 15.0004 0
43 1.90161e+07 13990.1 0.999075 0.000190129 1e+06 0.0178726 0.0148429 3.05591 0.221684 0.254922 0.000355017 0 0 442234 325.392 1.90161e+07 13991.6 0.45979 0.000783936 197.172 1.47463 232130 170.796 158038 164.101 229778 729.859 619945 703.71 0.0226835 2.87405e-05 997.993 0.380579 132.242 27.3625 15.4252 0
44 1.89168e+07 14207.4 0.99905 0.000217651 1e+06 0.0183565 0.0163711 3.05992 0.212771 0.258291 0.000373823 0 0 429927 322.694 1.89168e+07 14198.8 0.471848 0.000752371 200.032 1.45683 230918 173.431 159360 170.53 226699 661.411 616977 637.663 0.0223701 2.74272e-05 998.132 0.367969 125.313 25.1507 15.8555 0
45 1.88209e+07 14492.7 0.999019 0.000185096 1e+06 0.0188433 0.0166924 3.13064 0.221058 0.26171 0.000403708 0 0 418242 322.2 1.88209e+07 14496.3 0.483351 0.000708353 202.119 1.21841 229747 176.893 160648 170.224 223443 817.564 613838 788.254 0.0220756 3.02076e-05 998.247 0.307277 118.061 23.0611 16.2788 0
46 1.87262e+07 15133.1 0.998992 0.000243189 1e+06 0.019329 0.0163194 3.08608 0.232315 0.265002 0.000405569 0 0 407091 328.82 1.87262e+07 15124.5 0.494273 0.00069366 205.034 1.50628 228592 184.693 161910 178.416 220475 784.556 610976 756.425 0.021788 3.10889e-05 998.232 0.322981 117.141 23.6571 16.7041 0
47 1.86313e+07 14265.9 0.999022 0.00022638 1e+06 0.0198193 0.0164879 3.10488 0.245109 0.268296 0.000382939 0 0 396411 303.488 1.86313e+07 14264.9 0.504742 0.00071594 207.346 1.37395 227433 174.147 163172 168.681 217574 717.265 608180 691.536 0.0215091 2.71789e-05 998.494 0.308612 109 20.3822 17.1299 0
48 1.85396e+07 15727 0.998963 0.000217243 1e+06 0.0203113 0.0186069 3.12058 0.189772 0.271592 0.000409682 0 0 386241 327.434 1.85396e+07 15720.7 0.51473 0.000692625 209.426 1.38328 226313 191.909 164399 188.227 214603 683.187 605315 658.738 0.0212484 2.55076e-05 998.521 0.278378 105.818 20.0491 17.553 0
49 1.84493e+07 14353.7 0.998983 0.000197585 1e+06 0.0208032 0.0162403 3.14121 0.217023 0.27484 0.000415205 0 0 376516 292.931 1.84493e+07 14353.7 0.524267 0.00067179 211.639 1.39953 225212 175.203 165603 170.732 211730 749.219 602545 722.355 0.0209922 2.85118e-05 998.575 0.269232 101.374 18.6729 17.9753 0
50 1.83597e+07 14241.1 0.998953 0.000186126 1e+06 0.0212986 0.0155046 3.15293 0.222335 0.277963 0.000424896 0 0 367193 284.973 1.83596e+07 14239.8 0.53342 0.000624035 213.759 1.3965 224117 173.906 166791 168.666 209139 783.983 600047 755.862 0.0207396 2.896e-05 998.651 0.276737 95.4444 18.7752 18.3978 0
51 1.82685e+07 14962.7 0.998953 0.000221018 1e+06 0.0217973 0.0157853 3.18558 0.224729 0.281156 0.00036959 0 0 358206 293.193 1.82685e+07 14951.8 0.542221 0.000643376 216.043 1.40104 223005 182.645 167997 177.134 206522 624.43 597524 602.06 0.0204953 2.32264e-05 998.708 0.225608 90.3636 16.8717 18.8219 0
52 1.81825e+07 14339 0.998923 0.000230504 1e+06 0.0222942 0.0181775 3.19522 0.225635 0.284216 0.000399123 0 0 349663 275.817 1.81825e+07 14338.1 0.550584 0.000595446 218.118 1.27342 221954 175.019 169138 172.734 204010 619.019 595102 596.847 0.0202639 2.27533e-05 998.834 0.226591 90.9091 17.0235 19.2441 0
53 1.80927e+07 13899.8 0.998946 0.000213324 1e+06 0.0227965 0.0173697 3.16314 0.208391 0.287399 0.000402548 0 0 341370 262.283 1.80926e+07 13899.2 0.558686 0.000617119 220.496 1.37271 220858 169.711 170325 160.836 201462 786.451 592645 758.225 0.0200389 2.80856e-05 998.881 0.203634 84.2121 15.8639 19.6683 0
54 1.8009e+07 16177.2 0.998926 0.000218652 1e+06 0.0232956 0.0196566 3.16367 0.201381 0.290453 0.000375794 0 0 333499 299.669 1.8009e+07 16179.6 0.56638 0.000594351 222.597 1.31567 219837 197.497 171436 190.016 198965 635.242 590238 612.46 0.0198204 2.17755e-05 998.884 0.192585 82.7172 16.9509 20.0877 0
55 1.79233e+07 16267 0.998884 0.000218536 1e+06 0.0238032 0.0200184 3.18347 0.20899 0.293496 0.000344611 0 0 325877 295.642 1.79232e+07 16262.8 0.573874 0.000576194 224.177 1.22078 218790 198.534 172567 188.075 196613 646.526 587970 623.324 0.0196071 2.1943e-05 998.899 0.227014 78.1919 17.076 20.5099 0
56 1.78413e+07 14288.7 0.998873 0.000189284 1e+06 0.0243044 0.0187532 3.17334 0.211901 0.296384 0.000366108 0 0 318593 255.055 1.78412e+07 14285.8 0.580963 0.000557403 226.536 1.31617 217789 174.353 173646 167.774 194448 624.033 585882 601.641 0.0193977 2.24517e-05 998.956 0.188124 77.202 15.8618 20.929 0
57 1.77583e+07 13882.1 0.998854 0.000250007 1e+06 0.024812 0.0190805 3.20734 0.22081 0.2995 0.00034173 0 0 311549 243.73 1.77583e+07 13893.3 0.587846 0.000552393 228.349 1.31494 216777 169.454 174748 163.593 191941 554.617 583465 534.735 0.0192057 2.07154e-05 998.957 0.184326 73.9798 16.9109 21.3512 0
58 1.76794e+07 14322.1 0.998821 0.000213743 1e+06 0.0253197 0.0197229 3.22153 0.203816 0.302403 0.000404126 0 0 304817 246.867 1.76794e+07 14321.2 0.594464 0.000555852 229.747 1.45067 215813 174.794 175791 168.416 189712 684.622 581316 660.14 0.0190099 2.21186e-05 999.017 0.184761 70.3535 15.7045 21.7682 0
59 1.75969e+07 14765.3 0.998837 0.000200608 1e+06 0.0258294 0.0189004 3.17617 0.232268 0.30536 0.000427455 0 0 298252 250.148 1.75969e+07 14760.8 0.600848 0.000558735 231.889 1.37858 214806 180.18 176876 175.316 187556 678.367 579238 654.041 0.0188222 2.35102e-05 999.093 0.166066 71.4242 15.3136 22.1893 0
60 1.75187e+07 14575.8 0.998823 0.000238445 1e+06 0.0263379 0.0195292 3.22054 0.196602 0.308225 0.00041027 0 0 291977 242.986 1.75186e+07 14582 0.606971 0.000536654 233.781 1.37184 213851 177.961 177907 172.273 185440 658.506 577198 634.908 0.0186366 2.35412e-05 999.135 0.146618 66.202 14.1042 22.6049 0
61 1.74405e+07 13503 0.998811 0.000232063 1e+06 0.0268502 0.0201607 3.23564 0.195387 0.311041 0.000431907 0 0 285909 221.357 1.74405e+07 13503.7 0.612909 0.000503692 235.343 1.31876 212897 164.868 178933 159.369 183441 714.143 575271 688.561 0.018457 2.36108e-05 999.157 0.179977 68.2424 12.2195 23.0212 0
62 1.73601e+07 14018.9 0.998811 0.000233582 1e+06 0.0273662 0.0203109 3.26409 0.212863 0.313918 0.000374015 0 0 280001 226.164 1.73601e+07 14018.6 0.618651 0.000462184 237.229 1.43454 211915 171.113 179985 162.906 181452 645.222 573352 622.07 0.0182829 2.24906e-05 999.21 0.17066 61.1515 12.9501 23.4419 0
63 1.72838e+07 15763.4 0.998804 0.000215342 1e+06 0.0278805 0.0228434 3.1746 0.217078 0.316689 0.000412134 0 0 274346 250.237 1.72838e+07 15757.4 0.624173 0.000492574 238.883 1.22672 210984 192.466 180986 186.709 179525 613.489 571495 591.526 0.0181129 1.96251e-05 999.213 0.171716 61.2626 13.6822 23.8578 0
64 1.72063e+07 14222.5 0.998807 0.000203188 1e+06 0.0284003 0.0198753 3.2268 0.185255 0.319586 0.000327356 0 0 268847 222.203 1.72062e+07 14221.1 0.629562 0.000432003 240.257 1.42398 210037 173.567 182006 162.024 177464 628.228 569507 605.682 0.0179519 1.96365e-05 999.224 0.154037 59.4848 11.8111 24.2754 0
65 1.71328e+07 13763.5 0.998757 0.000218967 1e+06 0.028915 0.0209383 3.21461 0.213336 0.32227 0.000360568 0 0 263581 211.805 1.71328e+07 13764.3 0.634676 0.0004033 242.005 1.21131 209141 168.037 182968 159.59 175639 613.243 567748 591.249 0.0177891 1.9317e-05 999.266 0.149248 60.2828 13.6382 24.6884 0
66 1.70558e+07 13567.3 0.998759 0.000251341 1e+06 0.0294347 0.0213436 3.21993 0.223972 0.325029 0.000436032 0 0 258421 205.597 1.70558e+07 13573.2 0.639679 0.000406189 243.913 1.1709 208201 165.639 183973 160.47 173847 674.658 566020 650.502 0.0176318 2.2541e-05 999.33 0.127532 56.5051 11.5517 25.1055 0
67 1.69821e+07 16684.8 0.998761 0.0002051 1e+06 0.0299541 0.0230435 3.26429 0.189378 0.327786 0.0004109 0 0 253463 249.052 1.6982e+07 16688.3 0.644518 0.000431086 245.42 1.19362 207301 203.695 184940 192.242 171968 715.465 564209 689.82 0.0174807 2.17959e-05 999.287 0.134292 54.9798 10.8143 25.5194 0
68 1.69076e+07 14862.6 0.998713 0.000210844 1e+06 0.0304798 0.0208726 3.26887 0.198283 0.330494 0.000374611 0 0 248641 218.504 1.69076e+07 14853.4 0.649226 0.000395409 246.794 1.22971 206392 181.453 185911 173.531 170223 590.11 562527 568.941 0.0173304 1.75984e-05 999.327 0.142333 52.404 11.0544 25.935 0
69 1.68352e+07 15895.7 0.998694 0.000242291 1e+06 0.0310005 0.023891 3.2638 0.183355 0.333265 0.000423467 0 0 243987 230.488 1.68351e+07 15896.2 0.653735 0.000394877 248.538 1.09859 205507 194.091 186864 187.802 168334 609.849 560705 588.031 0.01719 1.88598e-05 999.362 0.132266 50.1717 12.3223 26.3469 0
70 1.67623e+07 15068.7 0.998749 0.000198057 1e+06 0.031525 0.0263753 3.27128 0.186279 0.335953 0.000386905 0 0 239461 215.421 1.67623e+07 15076 0.658149 0.000390409 249.916 1.22848 204618 183.994 187814 177.526 166617 560.068 559049 540.014 0.0170507 1.71359e-05 999.376 0.133492 50.6566 10.5094 26.7608 0
