1 967331.8 8897.43380194537 0 0 1 0 1000000 0 0.00025108135 3.29731330024885e-08 0 0 997244.65 9741.78510476904 0 0 997244.65 9741.78510476904 0 0 0 0 11801.45 108.323808555645 0 0 10781880 3022.18464028921 10793680 2919.00668036235 0.0010933695 1.03285829013471e-05 0 0 11801.45 108.323808555645 0.000251771 2.46448371875324e-07 
2 1940934.5 7884.11597771113 1.3414139e-06 3.40831070445888e-07 0.9999701 4.71358674472096e-05 1000000 0 0.000251764 1.73540197072606e-07 0 0 1000329.1 4705.52054399936 0 0 2000658 9411.41572772131 0 0 0 0 23668.15 94.2137330753856 14.05 3.57036412708844 10450265 2646.37015551491 10473950 2551.76409567969 0.0011312 4.73880259137263e-06 0.025 0.108972473588517 23668.1 94.2358212146528 0.00025611825 3.04830752221626e-07 
3 2912871 14541.0209063876 7.1206005e-06 7.10634536949021e-07 0.99993105 5.66502206527139e-05 1000000 0 0.0002534358 2.23539168827302e-07 0 0 1000794 5045.72432857761 0 0 3002381 15135.2538465663 0 0 0 0 35497.5 179.204771141842 72.3 7.20485947121802 10118220 5046.84059585797 10153795 4854.94335703312 0.0011700805 6.58732910594272e-06 0.08333325 0.144337422959839 35497.25 179.235006346417 0.00026144625 3.55242012577337e-07 
4 3877040 13781.027537887 2.022472e-05 1.90116005102148e-06 0.999923 4.3963621324903e-05 1000000 0 0.0002560251 4.66720890897335e-07 0.025 0.108972473588517 998936.95 3660.91556137259 0 0 3995750 14644.2640648139 0 0 0 0 47213 166.926930122135 198.9 18.6866262337534 9787129.5 4697.60414998965 9834541.5 4529.78837805918 0.001210329 4.86906551609241e-06 0.05 0.12747548783982 47212.85 166.88627115494 0.000267848 6.05760101030106e-07 
5 4852015 20162.1855214161 4.704677e-05 2.9805967424494e-06 0.99993395 5.66837498759517e-05 1000000 0 0.00026028385 5.46791118709881e-07 0 0 999958.5 4504.54632010816 0 0 4999790 22523.8094024967 0 0 0 0 59020.5 243.960755040642 447.35 28.1163208830743 9449469 7346.72369155122 9508936.5 7084.57781028623 0.0012603395 6.90561255429235e-06 0.07 0.14525839046334 59020.25 244.098520069254 0.00027607645 6.68733016606781e-07 
6 5818416.5 16699.9536750854 8.7267065e-05 2.71179984056254e-06 0.9999241 7.47368048554521e-05 1000000 0 0.00026533235 4.5513045107969e-07 0 0 999198.05 3029.60701205618 0 0 5995188.5 18177.6173562434 0 0 0 0 70717.55 207.635130698059 801.4 24.7556054258424 9111842.5 5899.19729709051 9183360 5687.1768040039 0.001312892 4.86888036410835e-06 0.01666665 0.0726482430773621 70717.55 207.635130698059 0.0002849817 4.81643446960507e-07 
7 6794092.5 17098.2033778406 0.0001512323 4.34767571352786e-06 0.99991455 6.872734172074e-05 1000000 0 0.0002723856 5.74284807390897e-07 0 0 1000404.45 2466.21137526774 0 0 7002830 17260.6459902288 0 0 0 0 82452.4 211.184374421973 1338.5 38.2380700349795 8766888.5 6039.74194399065 8850680 5820.89683811696 0.0013748055 4.6659527162199e-06 0.0285714 0.0728430630653325 82452.25 211.140208155623 0.00029616075 7.22902889398011e-07 
8 7757599 21962.4477005638 0.00024312035 4.63783319315173e-06 0.99992415 4.570697430371e-05 1000000 0 0.00028122695 6.06558857407918e-07 0 0 999051.6 2948.16050105824 0 0 7992414.5 23586.2719553133 0 0 0 0 94002.85 258.062448837486 2070.65 38.3565835287764 8420996 7932.69714535983 8517069.5 7654.87914666195 0.0014417 5.78314360879964e-06 0.025 0.05 94002.65 257.975245905494 0.000309436 7.8900126742611e-07 
9 8722425 25812.0792459654 0.00036239345 1.02711333915737e-05 0.9999386 2.16041662648614e-05 1000000 0 0.0002912347 1.15254653268317e-06 0 0 998674 3076.50904435531 0 0 8988062 27682.2583255052 0 0 0 0 105524.7 308.492641727481 2964.05 82.1197144417831 8070752.5 9661.27107320771 8179240 9320.45170579195 0.001516173 7.05762502546006e-06 0.0111111 0.0333333 105524.6 308.5580010306 0.0003237328 1.32429270178462e-06 
10 9697731 29721.6676685545 0.00053193095 1.16840886400053e-05 0.999931 2.53692727526744e-05 1000000 0 0.0003046929 1.13510787593075e-06 0.015 0.0476969600708473 999148.25 3222.68206429055 0 0 9991482.5 32226.8206429055 0 0 0 0 117084.95 341.452848135727 4165.25 86.8279188970921 7709381 11623.1079750642 7830630.5 11219.9552026735 0.0016049885 8.41937959412688e-06 0.05 0.0866025403784439 117084.7 341.460554090806 0.00034202865 1.54797310296401e-06 
11 10668845 29757.8640866578 0.0007511231 1.59055884389733e-05 0.9999398 2.78255278476474e-05 1000000 0 0.000320617 1.64303326198833e-06 0.0090909 0.0396263144058339 999545 2796.58979830793 0 0 10994995 30758.7625726394 0 0 0 0 128496.8 334.094687177153 5616.55 111.667128108499 7343630.5 12137.3260955616 7477743 11720.8481348408 0.00170389 8.99427984888172e-06 0.045454525 0.0732931944683603 128496.45 334.085988182683 0.0003629989 1.95917275654803e-06 
12 11635940 26450.3950821155 0.0010315795 1.50425042712309e-05 0.99992735 2.16731977336224e-05 1000000 0 0.00033966275 1.38594137231703e-06 0.02500005 0.0595120225949975 999202.25 2238.37105670619 0 0 11990430 26850.9981192506 0 0 0 0 139763.1 306.000637254238 7344.45 99.2625181022525 6972624.5 10555.5783711742 7119732 10187.0666042782 0.001815269 7.85806712875374e-06 0.074999995 0.111492351132862 139762.7 306.048378528624 0.00038754895 1.56392638813341e-06 
13 12608015 30937.8615130393 0.001393361 2.0617091186683e-05 0.9999374 2.24330113894641e-05 1000000 0 0.00036238235 1.84138500251848e-06 0.02692305 0.0656104040404226 999276.7 2270.32070642013 0 0 12990595 29516.799877358 0 0 0 0 150946.85 364.620525341073 9408.55 125.918416047852 6592208 12697.5889837402 6752564.5 12253.2303801895 0.0019444135 9.95188387944715e-06 0.053846115 0.073379869907886 150946.5 364.660732736608 0.00041621625 2.24317522443076e-06 
14 13583605 22755.559210883 0.001865105 2.32811785569373e-05 0.9999288 2.17108267921904e-05 1000000 0 0.00039085565 1.84988446328412e-06 0.01071428 0.0340692320346321 999609.75 1583.57929624632 0 0 13994530 22166.4859641757 0 0 0 0 161970.9 258.761260624538 11890.15 134.981211655549 6201289 9810.03664621086 6375150 9477.7528982349 0.002095702 8.18462619793964e-06 0.04642858 0.06092402779915 161970.5 258.877866956602 0.00045179395 2.48874157909173e-06 
15 14562140 33114.0362988265 0.00246145 3.38347989501933e-05 0.9999105 3.23488794241787e-05 1000000 0 0.00042497405 2.1898303239064e-06 0.023333325 0.0381517052189922 1000079.9 2396.67723942962 0 0 15001190 35933.6736223838 0 0 0 0 172899.55 352.758199762954 14739.4 175.276182067045 5800615.5 13910.2503482144 5988254 13438.027533831 0.0022728905 1.22193667900591e-05 0.06666665 0.0632455532035455 172898.95 352.664213523289 0.0004936948 2.54220134135751e-06 
16 15518825 25615.2078851607 0.003214351 4.13166324741018e-05 0.9999237 2.82384489658955e-05 1000000 0 0.0004669588 3.09458090215784e-06 0.009375 0.0298106000442796 999182.55 1699.22801515865 0 0 15986920 27208.5942305 0 0 0 0 183253.75 301.421776751448 18000.5 201.532007383443 5398913 12016.7891302128 5600167.5 11605.4254015094 0.002473957 1.18454295405443e-05 0.046875 0.0554632479665589 183253.25 301.537870755897 0.00054519815 3.76938291070302e-06 
17 16500220 37933.7659612119 0.0041799545 5.07346966557405e-05 0.9999178 2.59318337184196e-05 1000000 0 0.0005180221 3.09080890544853e-06 0.029411775 0.0630812343572704 999850 2419.59802446605 0 0 16997445 41133.1067997544 0 0 0.00882355 0.0384609627732783 193553.15 373.515364476483 21717.1 201.056434863448 4980451 16680.4570980534 5195720 16142.825960779 0.0027187835 1.71571886610248e-05 0.070588225 0.075788851879494 193552.55 373.663548529958 0.0006080139 3.85268184385889e-06 
18 17485475 33909.2741738894 0.005460776 3.83361610493278e-05 0.999912 3.07359724101884e-05 1000000 0 0.00058320625 2.87612930646381e-06 0.0333333 0.0999999 1000695.3 1986.78147011693 0 0 18012525 35771.6350618755 0 0 0 0 203448.35 388.193672668682 26083.7 132.126492422981 4547097 13104.7880944333 4776629.5 12655.3626874144 0.0030213855 1.47455093079215e-05 0.06666668 0.1018349594343 203447.85 388.226129337014 0.0006886089 3.78733295209175e-06 
19 18447380 41406.4801691716 0.007121535 9.34397245554588e-05 0.999927 2.66852018916949e-05 1000000 0 0.0006661026 5.79733755615454e-06 0.06052637 0.0930776206474204 999839.6 2304.38606574506 0 0 18996945 43780.0122772938 0 0 0.02105265 0.0653141188980415 212527.8 412.527889966242 31011.15 281.739289947284 4111255 19446.6605102264 4354794 18840.4329568086 0.0033828265 2.57659413325033e-05 0.10263153 0.0918793706180941 212527.25 412.530953384107 0.0007923505 7.79104089643997e-06 
20 19443925 35330.466668302 0.0093575655 0.000128049875809194 0.99992875 2.3347109028739e-05 1000000 0 0.0007735687 7.14129310489356e-06 0.0625 0.0668487097856047 1000973.4 1836.60685504547 0 0 20019450 36716.3655608776 0 0 0.03 0.0913783344124853 221147.25 320.515658743844 36605 333.837535337176 3654303 19192.5269571258 3912055 18601.9986829373 0.003850129 3.06602524288369e-05 0.1025 0.0901041064547005 221146.75 320.562298937352 0.000930408 9.44739054448369e-06 
21 20398185 33631.1949683623 0.012278855 0.000135084752933112 0.9999201 2.90325679194824e-05 1000000 0 0.00091193695 8.96473099136276e-06 0.145238015 0.181624661801203 999865.15 1727.81377107025 0 0 20997165 36277.2418328627 0 0 0.1357142 0.219912831422043 228264.2 277.818753866617 42702.85 289.080313234921 3206953.5 16130.330212057 3477921.5 15697.3033591761 0.004413587 3.02242646064383e-05 0.180952275 0.168089117047704 228263.75 277.970119797075 0.001114988 1.27606722393454e-05 
22 21372535 42203.0837143449 0.016413855 0.000226341126344728 0.9999104 2.5370061095709e-05 1000000 0 0.0011009405 1.00479836161291e-05 0.097727235 0.132735766765964 999837.6 2046.66221932199 0 0 21996420 45021.1572485648 0 0 0.213636275 0.212764111175233 234145 311.841786808632 49666.3 368.927106621349 2742336 20468.7540900759 3026147.5 19943.6563535877 0.0051737725 4.8763223219451e-05 0.13636369 0.11499193234383 234144.4 311.833513272708 0.001379174 1.49027992001503e-05 
23 22354015 38067.8509375037 0.022180535 0.000301080174164624 0.99992295 2.1077179602609e-05 1000000 0 0.001353677 1.44641066436887e-05 0.204347925 0.201178045714628 999867.9 1655.52994234475 0 0 22996975 38077.1568660266 0 0 0.93695675 0.612793172036363 238172.75 324.900119267445 57099.7 373.814138309401 2279291.5 18928.2773318123 2574563 18462.1166446321 0.006181809 5.98459747100839e-05 0.23478268 0.158799876245879 238172 324.823644459574 0.001753738 2.30836584188902e-05 
24 23322915 38495.5877341807 0.030402285 0.000461190947737485 0.99991625 2.00645832251754e-05 1000000 0 0.001702538 2.12968492035794e-05 0.23333335 0.239139055607227 999312.7 1644.54988066644 0 0 23983500 39467.4676157465 0 0 3.45 1.16968312423494 239550.05 319.528476821707 64906.2 448.078519904715 1830729 18697.001871958 2135186 18412.7432502601 0.007538621 8.1029004553925e-05 0.235416765 0.221764941764627 239549.55 319.585117769899 0.0023159725 3.97959831986847e-05 
25 24308575 38390.5961792729 0.04257451 0.000530967323759193 0.9999211 1.5168717810022e-05 1000000 0 0.002204643 2.08404933003036e-05 0.556 0.346156034181119 999274.95 1641.1763913425 0 0 24981880 41069.2171827027 0 0 10.644 2.40299479816333 237468.5 380.647146317952 72851.6 346.155947514989 1401005.5 14113.7207975077 1711325.5 13944.095336378 0.0094432355 9.04541073956842e-05 0.628 0.413008474489326 237467.8 380.648473003636 0.0032125945 4.4318581145497e-05 
26 25256830 55156.4239232385 0.05935121 0.00110902200785196 0.9999269 1.80468833874412e-05 1000000 0 0.0028862865 4.58570389662263e-05 0.471153805 0.361594437432536 997592.8 2062.6129205452 0 0 25937405 53606.3473387247 0 0 27.365385 3.62632907087526 231472.8 713.809680517153 79856.3 393.698501394151 1034509.25 18713.8094915894 1345837.5 18856.9477580546 0.0118969 0.000179519185604213 0.530769525 0.413636389077577 231472.05 713.866477361138 0.0045790595 0.000103356228233958 
27 26156525 38495.881273196 0.080312225 0.00113857916451822 0.9999061 2.31644123603413e-05 1000000 0 0.0038055315 4.75773408541293e-05 0.559259505 0.347024029883084 994200.65 1459.67250693435 0 0 26843415 39417.0048963642 0 0 67.766665 6.4720035265963 221623.05 657.884068434553 84881.4 255.438133410029 750557.75 11817.0628282793 1057062.5 12012.0780362933 0.01474147 0.000175078691164859 0.687037255 0.406645379102426 221622.2 658.107331671666 0.006693048 0.000127837902462454 
28 26991680 46592.4843724822 0.10347815 0.00124278108591176 0.9999145 2.12802725546579e-05 1000000 0 0.0049954765 6.8766027388166e-05 0.81785715 0.407189931552988 988487.6 1633.57024336268 0 0 27677655 45746.9176557285 0 0 143.5267 8.06027373666676 208826.8 945.573138366356 87678.8 213.66389493782 550918.8 8342.12631527478 847424.4 9042.84840301993 0.01759424 0.000170910328535171 1.04107078 0.502071172605478 208825.75 945.752762353883 0.0097477315 0.000193401691519878 
29 27727470 40339.2005374425 0.1237712 0.000960829256423847 0.9998874 2.52416322768614e-05 1000000 0 0.0064057785 6.11453485782034e-05 1.0482752 0.330098832645558 979377.05 1325.44530158736 0 0 28401935 38443.7937123796 0 0 253.05345 8.42380906998134 195021.95 765.345377917709 88082.1 156.226406218667 428585.85 4355.8033963323 711689.9 4963.80845621585 0.01974008 0.000111256642947736 1.53965545 0.651740324321004 195017.55 765.464334570854 0.013744475 0.000165128062045795 
30 28401985 46199.4834927838 0.13961655 0.000970034096050236 0.9998725 3.69222155348211e-05 1000000 0 0.008028103 8.50910359614925e-05 1.188333785 0.426260073311198 969193.9 1632.75457126906 0 0 29075815 48978.4470456139 0 0 378.0583 13.3259991111361 181182.3 859.516905011181 86843.75 223.6204093995 354025.25 4317.06762600495 622051.3 5180.80828732351 0.021071865 0.00012663515813154 2.096667 0.908473018008735 181169.5 859.393652524848 0.018504875 0.000245094069440695 
31 29009580 58174.166087706 0.15231285 0.000949423523776401 0.99985345 3.5809879921603e-05 1000000 0 0.0098309665 0.00012374184907601 1.4774181 0.42887443670775 957240.1 1915.34586693892 0 0 29674435 59373.0938641402 0 0 520.49845 12.0561573126556 168127.25 1022.41551606967 84525.05 290.145045623736 302317.55 3438.50533626167 554969.85 4556.51867410856 0.02190815 0.000105876288658037 2.6854835 1.01701962342068 168090.9 1024.42100232278 0.02407627 0.000331135010380962 
32 29578805 50345.2428239253 0.16344765 0.000635377704597826 0.9998321 5.1546968873043e-05 1000000 0 0.01185052 0.000113752536675012 1.578125 0.317229830919162 944900.4 1555.6555338506 0 0 30236805 49789.4213161792 0 0 668.1031 12.5589734528743 155714.35 793.461610602555 81798.9 198.843129124443 262956.3 1993.55752613262 500469.55 2805.42509212062 0.02244812 6.9232605035489e-05 3.01875 1.20628238298501 155638.15 798.225173431658 0.030231145 0.000356077002170879 
33 30136990 71172.5853120427 0.1731674 0.000743329832577708 0.9997975 5.18174680971622e-05 1000000 0 0.01413922 0.000127462898915724 1.884848 0.23169393661898 932870 2145.68313131273 0 0 30784720 70819.3518750348 0 0 806.5409 18.8728838307769 143834.5 764.123844674409 78534.8 343.061597967479 231159.65 2066.78289316996 453528.95 2967.49772493594 0.02279632 7.46606496087462e-05 4.1575765 0.870473398118949 143674.45 774.189090274463 0.03716895 0.00044812582105922 
34 30691840 75554.80395051 0.18196985 0.000520557516034491 0.99976855 5.86084251622649e-05 1000000 0 0.01688038 0.000159693320461439 1.9455895 0.312274833911973 921403.6 2160.06977665075 0 0 31327725 73429.924928465 0 0 951.58535 20.7553238743099 131732.95 798.756312964098 74439.05 378.61794397519 202907.55 1717.79921629392 409079.55 2769.66506052627 0.023038385 6.09660173785361e-05 4.763235 1.12010121770088 131430.35 811.851973884402 0.045534875 0.00052513189855026 
35 31287890 83850.801427297 0.19059275 0.000724459997170303 0.99973145 5.62427550890022e-05 1000000 0 0.02018144 0.000250535257798179 2.1457135 0.287836561494105 911824.5 2497.10209042402 0 0 31913860 87397.5480205252 0 0 1071.223 22.775599245684 119690.75 1046.29216163555 70003.35 501.49190172923 177610.45 2207.44042898104 367304.55 3684.17105296429 0.02320602 7.00208511802021e-05 5.744285 1.76358629341039 119154.65 1069.3496282788 0.05522187 0.000682131246975243 
36 31928530 77575.7829480309 0.1992897 0.00060755889426458 0.9996993 6.96434490817347e-05 1000000 0 0.024524585 0.000423265440681141 2.2999995 0.272959122809167 903597 2170.38971154952 0 0 32529495 78143.8831579286 0 0 1162.612 16.499897757259 106688.1 1378.77499614694 64611.15 739.555222752162 152918 2306.01957927508 324217.25 4388.2106703644 0.023356055 5.88004207042771e-05 7.3055535 1.49042127302745 105756.7 1431.87429965064 0.06776213 0.00128866893036963 
37 32706070 103989.408595299 0.2084205 0.0010292010250675 0.99967625 9.1376077285033e-05 1000000 0 0.0307756 0.00085047792681527 2.47027 0.218301351163936 899219 2678.65766756411 0 0 33271110 99112.6323936561 0 0 1221.504 27.8446715548954 92088.1 1994.37232983212 57807.75 1083.99293701574 127491.75 3278.79111678375 277387.6 6314.2 0.02350581 8.50985187885198e-05 9.4283805 2.26404622939214 90486.75 2119.82355102966 0.085763555 0.00294834838146292 
38 33729155 132344.775019643 0.2190154 0.00136465795714531 0.99970275 7.37115153826015e-05 1000000 0 0.0422039 0.00209686049249825 2.5723685 0.251983254607821 900795.5 3247.21720092759 0 0 34230220 123391.878176807 0 0 1198.867 36.9667857812929 73308.95 2982.91792503582 47885.75 1699.95558397859 97492.5 4205.30980428315 218687.2 8861.85018266502 0.023682565 8.04236922492372e-05 12.47895 3.01013218011768 70362.75 3239.11126506948 0.1224517 0.00818719349411018 
39 35654345 325551.792308075 0.23614575 0.00276569604033053 0.99941145 0.000333981507721606 1000000 0 0.10715912 0.0227410334236068 3.0217955 0.227798415105878 920307.35 6949.84410814372 0 0 35891990 271043.857890195 0.00070837455 0.00107981018621624 746.2822 137.922215830736 34723.85 7701.97016532134 23462.8 5314.71028937608 41410.05 10745.6900777707 99596.7 23756.8232327052 0.02393334 0.000121072339533025 208.580815 87.7840522491203 26138.45 9207.22888536502 0.70642105 0.318954177936498 
40 35898880 187985.27761503 0.24255905 0.00170420146916378 0.99719085 0.00074076880840111 1000000 0 0.18524345 0.00896570806169262 3.04375 0.189221265982447 899635.35 4828.16240691011 0 0 35985415 193121.371875305 0.019586659 0.0049130813619295 498.75375 20.9494947358522 20585.55 986.425287338073 13737.05 649.024612399253 22320.7 1236.21697529196 56643.3 2841.56494031018 0.023610325 0.000134756505872629 490.87125 23.4031304997323 8788.9 1183.14880298296 2.468124 0.267396904907293 
41 35837785 112633.144655559 0.2461934 0.00132670518202048 0.9956097 0.00104530024873239 1000000 0 0.21330115 0.00627918646223378 3.0841455 0.241137430928402 875560.95 2687.82295687421 0 0 35897990 110198.189186574 0.03924114 0.00318967182503153 457.8525 22.410222204387 18443.3 491.299816812504 12341.65 365.782486595518 19350.8 821.016540637276 50135.75 1649.30703251396 0.023288155 0.000133531900589335 580.0659 20.5184228338827 6107.9 629.383658828222 3.3288 0.13807631965692 
42 35642160 154948.776697333 0.2500344 0.00194123294326054 0.99402815 0.00106161321935063 1000000 0 0.236032 0.00561922961801704 3.083334 0.276385499717333 849695.05 3734.48790967383 0 0 35687200 156843.769401274 0.06251392 0.00465893722254336 435.23225 19.2292557237013 17102.45 377.002450257289 11585.35 259.646543400832 17650.8 541.91932978996 46338.6 1127.99234926483 0.022954935 0.000150128492548883 635.0774 23.3721274714134 4505.65 435.27431293381 4.103573 0.159548803696549 
43 35502585 134210.343397966 0.2531627 0.0013399541820525 0.99302095 0.00126689677854985 1000000 0 0.25262 0.00443233135042948 3.012791 0.23960002468489 826493.6 3135.45582651072 0 0 35539220 134818.354091719 0.082615055 0.00405546131327559 431.56625 13.5782988804747 16365.8 281.395380203727 11215.05 199.774992178701 16719.95 368.910080507432 44300.8 809.184997389348 0.022598545 0.000106871705680222 675.87435 28.9097508174578 3633.45 335.08304567674 4.7049745 0.106231001429668 
44 35324235 139219.536254794 0.25729105 0.00152712941412967 0.9907586 0.00154683846603323 1000000 0 0.26854615 0.00339398739353876 3.0011355 0.218876870899485 803488.35 3171.59874944798 0 0 35353495 139553.618638142 0.103769735 0.00451452869470059 419.5001 12.8513291137532 15793.9 196.097399268833 10937.15 119.030783833427 15779.1 275.484282673259 42510.15 509.663641532335 0.02234471 0.000106315929662492 711.7988 21.9406085457993 2987.6 206.107593261384 5.2637305 0.107065322699509 
45 35128105 105300.861701128 0.2605681 0.00155057763107817 0.98844155 0.00154485288862727 1000000 0 0.2820669 0.0037867887965927 3.118888 0.127904020757754 781188.65 2334.06105907708 0 0 35153490 105028.957435557 0.12303355 0.00327746636100205 420.01215 12.0999240628815 15388.35 217.724430186417 10805.35 134.354112330066 15277.9 369.972553036033 41471.6 683.723657627846 0.022024735 0.000138151034288564 742.3589 21.5891353854201 2562.35 254.265269944599 5.765663 0.115994966533035 
46 35001365 98995.8447360292 0.26422495 0.00129968574951793 0.98905415 0.00175517185127269 1000000 0 0.295171 0.00291085827549196 3.076086 0.258366306634592 761372.85 2140.94213548615 0 0 35023150 98480.640229438 0.14184675 0.0028428809133518 412.38805 12.7290388776019 15009.45 139.009163367024 10674.1 87.1721859310641 14715.55 243.73519955066 40399.1 419.631373946229 0.02175867 9.89190937079388e-05 764.0228 19.8137142242438 2150.15 171.443365284283 6.215034 0.0990354180280975 
47 34860145 134303.79173724 0.26684645 0.00120464681442321 0.98769665 0.00261472892046194 1000000 0 0.306568 0.00323771600051641 3.1446815 0.171089619389225 742089.45 2862.48778993029 0 0 34878210 134535.894466867 0.15816035 0.0038470111291105 415.8808 11.3704175719276 14749.85 135.375505539222 10609.3 69.5004316533358 14399.45 163.201861202622 39758.6 277.625899368197 0.0214253 0.000109550262436929 800.29355 20.6794417199184 1879.65 146.980704515933 6.621019 0.117805859951872 
48 34682130 116272.80894517 0.269842 0.00136858393969826 0.98664235 0.00205390574941988 1000000 0 0.3182374 0.00275371335472667 3.0593765 0.142869212263349 722883.3 2446.18358060061 0 0 34698400 117413.095521752 0.1770245 0.00283566605050736 412.15505 14.4996911742113 14503.9 112.738591440553 10554.45 80.9385414990905 14056.05 233.497210904113 39114.4 354.205928804135 0.02114071 0.000101829057247919 808.00525 16.5610927111559 1650 107.349429434907 7.0579715 0.097609361347926 
49 34474055 120537.946203675 0.27381705 0.00136020842061061 0.98566515 0.00329905435352314 1000000 0 0.32941905 0.00275755144059001 3.1316335 0.200216319571483 703841.1 2468.00178079352 0 0 34488210 120928.532199808 0.19385825 0.00250938990344267 416.6388 11.1860214848712 14287.3 117.079502902942 10535 77.0700979628286 13653.3 229.732039559135 38475.6 346.579630099635 0.020936285 0.000121023263362876 832.5765 17.2941515967104 1474.4 115.798704655968 7.4738805 0.100507755694523 
50 34357260 91246.3445843175 0.2768859 0.00162293268190643 0.98647065 0.00229719623182262 1000000 0 0.33865385 0.00238653158946199 3.159 0.22578529624402 687432.5 1833.77022824562 0 0 34371630 91696.7671185849 0.2094083 0.00264257946143536 417.281 9.4881135638229 14166.35 89.6332945952563 10538 61.2127437712116 13355.75 206.87432779347 38060.1 286.90955020703 0.020697875 9.34426287890062e-05 840.909 13.4168349099182 1385.5 91.4535401173733 7.791311 0.0884200441020021 
51 34182245 92287.0655888462 0.2796739 0.00157964422893258 0.98537965 0.00291230033264086 1000000 0 0.34978755 0.00299197759809461 3.1862755 0.246037004970289 670470.7 1813.42885440813 0 0 34194010 92489.998918802 0.2254674 0.00267362950686889 414.2412 10.6876557934844 13974.9 106.70702882191 10511.15 64.8292179499337 13098.65 202.947597916309 37584.7 300.543357936921 0.02043805 0.000111403063243341 853.73805 16.1537350308682 1219.1 118.489197819886 8.180919 0.0837288415004055 
52 33998270 128761.159128054 0.2828317 0.00151000394370346 0.9841068 0.00355594677406735 1000000 0 0.3593562 0.00204793294812111 3.0961545 0.134340372951507 654016.15 2465.95681784982 0 0 34008840 128227.018993658 0.23973425 0.00303517142637776 423.2395 8.97241178557917 13848.9 83.4864659690419 10551.95 64.1385024770613 12907.95 182.961874443831 37308.8 235.249569606408 0.020216735 9.51191793225742e-05 869.85185 19.0566873492614 1146.2 83.8836098412556 8.5196715 0.0885227430254508 
53 33827020 115591.624264044 0.28611735 0.00155360275730317 0.98486845 0.00241488864080727 1000000 0 0.3692298 0.00232411889971231 3.1943395 0.131548576939281 638428.1 2189.00988805441 0 0 33836685 116023.128190029 0.25472975 0.00212460843157039 423.18115 10.1989029080338 13704 93.5045453440634 10564.25 67.7021971578471 12655.35 200.01881786472 36923.6 274.347115895174 0.019990835 0.00010887953561161 878.13295 11.91470065287 1043.85 94.3373070423361 8.8598495 0.0766556686406817 
54 33713490 119087.055971671 0.28856975 0.00161336238567162 0.9831704 0.0025094516811447 1000000 0 0.37821065 0.00246072205409307 3.14537 0.217328593217736 624494.3 2205.77174929774 0 0 33722700 119109.479051837 0.26825245 0.00211917647861145 428.4889 8.75897068667318 13631.75 75.6510905407186 10594.85 91.2097993638841 12488.4 152.385497997677 36715 234.784795078387 0.01976159 8.94757335817934e-05 879.787 13.5439029013058 1006.05 91.9714493742487 9.136953 0.0899681520928377 
55 33525445 99101.8893614042 0.2920507 0.0010458678740644 0.9834156 0.00283677331487731 1000000 0 0.38878415 0.00188678815119768 3.1454545 0.169491270910186 609706.5 1809.59839467214 0 0 33533855 99531.4747956645 0.2825053 0.00250089240272348 429.3782 11.4501106876746 13476.5 61.5 10618.6 51.7855192114552 12263.85 133.601001119004 36358.95 170.587946526125 0.019537635 7.10651762468794e-05 888.1228 10.5158876211188 901 47.9895822028073 9.462455 0.0737112187865594 
56 33316145 132443.42745112 0.29563285 0.00214125835141396 0.9829466 0.00273982001963633 1000000 0 0.3994856 0.0019739072521271 3.138394 0.176313225039984 595073.15 2358.69907523194 0 0 33324100 132081.948047415 0.29518225 0.00273002710380318 432.61085 12.2329747006809 13340.3 59.8290063430774 10651.35 63.107269787244 12038.3 193.913150662868 36029.95 217.855565685158 0.019356585 0.000100583817162604 905.67855 8.71771581020511 828.5 50.8483038065185 9.8295275 0.0651509216262519 
57 33173485 118772.51902271 0.2980978 0.00189751338862206 0.98256165 0.00249421194518429 1000000 0 0.407964 0.00229991849855598 3.1464905 0.157920508689499 582118.9 2090.98500472863 0 0 33180775 119197.570759643 0.3080997 0.00239115844518927 433.58605 7.87898325594743 13271.8 81.513557154623 10708.75 31.5719416571107 11944.15 162.539618247368 35924.7 194.225667716705 0.01912581 9.22784693197716e-05 908.6237 9.15489263781941 807.35 60.7916729495085 10.0995315 0.0835321951869456 
58 33036385 115110.174506861 0.3007107 0.00175685634301727 0.9818173 0.00326302652609506 1000000 0 0.41765375 0.00275834841662543 3.188794 0.225425410510883 569705.35 1988.29316940435 0 0 33042915 115311.210534796 0.31958755 0.00189668066566305 438.6818 9.79963225126331 13174.15 69.8879639136812 10721.3 54.2955799305984 11758.9 209.491742080684 35654.35 264.678536152821 0.018942165 0.000119872650237658 913.05955 8.90200048008874 748.15 60.3052858379761 10.40373 0.0754737046924291 
59 32887040 148370.675674137 0.30421065 0.00255489969030097 0.9813552 0.00354758634285341 1000000 0 0.4274537 0.00381462906584637 3.178813 0.196161170778011 557518.85 2524.37107563448 0 0 32893610 148939.964079491 0.3311438 0.00318648030905574 438.17625 10.2917901400825 13083.95 87.2034833019874 10759.2 48.8565246410344 11526.1 204.814037604848 35369.25 234.60304239289 0.018791515 0.000110815225826598 918.73815 7.22844466171665 704.4 54.9448814722536 10.708415 0.0989734422711467 
60 32749520 112581.35991362 0.3074351 0.00162406729848242 0.9814698 0.00263051146357509 1000000 0 0.43662585 0.00249651065038786 3.255001 0.13082023715389 545925.05 1870.46663897007 0 0 32755505 112229.681791405 0.3423283 0.00202631066473036 439.34075 11.8509200101722 13001.45 65.2529501248794 10794.9 44.8574408543332 11316.95 144.569178942124 35113.3 154.788920792155 0.018629085 7.79296174442041e-05 925.94175 7.142233529331 669.5 50.7902549708111 10.977325 0.0827678311604212 
61 32559325 90685.0476925496 0.31034475 0.00125259506126282 0.9802932 0.00270611002363171 1000000 0 0.446733 0.00194994784545638 3.2245895 0.200181412435695 533860.35 1488.00961942455 0 0 32565490 90762.2823644271 0.35332135 0.00160028204623435 445.7902 7.96047202494928 12909.8 49.9695907527768 10857.9 48.2285185341619 11219.3 134.408370275069 34987 183.428460169081 0.01844063 6.91593674060142e-05 928.84915 7.88604220300017 646.55 47.240316468034 11.269885 0.0676271563427001 
62 32394515 100896.145986851 0.31302875 0.00120225342066471 0.981253 0.00295539410231528 1000000 0 0.45554105 0.00177619057184189 3.194356 0.225488550893388 522581.55 1627.22470713175 0 0 32400050 100908.797931598 0.3637439 0.00193258626974322 450.91375 10.7339102887764 12822.7 50.1628348481224 10906 48.9918360545918 11112.05 168.835859638881 34840.75 202.148182034863 0.01824189 7.85692745289148e-05 933.27105 8.75552765671492 615.15 49.9162047836171 11.52774 0.0621075228937687 
63 32246265 98859.123377663 0.31597355 0.00141801891648173 0.9793364 0.00368450192563392 1000000 0 0.46616875 0.00216127649492146 3.180953 0.190371149497501 511919.65 1565.56479505002 0 0 32250945 98621.4655893939 0.37472375 0.00164304433522045 449.2959 7.95538993953156 12733.65 53.2440372248386 10927.25 47.5151291695603 10922.35 138.464535170563 34583.25 171.189332319511 0.01808612 7.08204815007635e-05 934.53095 8.53928416481733 570.3 49.4793896486204 11.838405 0.0638851350080753 
64 32148735 141471.241865617 0.31889045 0.00173352838093294 0.98083315 0.00298967490331306 1000000 0 0.4732679 0.00256864851429696 3.2109375 0.174589261321394 502407.75 2207.95164971971 0 0 32154085 141320.123390124 0.38365185 0.00216736252793573 452.68355 8.5766323605189 12701.85 57.8828774336591 10982.85 56.13668586584 10756.5 145.558751025144 34441.2 150.217708676441 0.01795306 6.56073273346811e-05 938.28655 7.02669878018833 579.35 37.1877331925462 12.04992 0.0814384589736323 
65 32156675 110982.025008557 0.3184755 0.00156035699440865 0.9647961 0.00553867459686882 1000000 0 0.468077 0.00405336879644574 3.1761545 0.162631279170859 494786.45 1705.06142044796 0 0 32161110 110837.777404638 0.3916467 0.00183313128553304 443.1223 10.3382230441213 12692.2 67.8333251433246 10969.7 37.8894444403715 10783.15 155.198026727146 34445.05 172.586347953713 0.017643835 8.72238801877104e-05 939.57685 5.53044549087141 562.5 45.9396343041605 11.925945 0.119184535385259 
66 32123620 120791.856513591 0.3187403 0.00149573022634431 0.9526328 0.00714169439699012 1000000 0 0.4615931 0.00779648518179827 3.125757 0.1844568086057 486788 1828.98449966095 0 0 32128015 120722.128356818 0.4000776 0.00155321187865661 436.7083 10.7231463950652 12673.75 66.0869692148157 10988.85 48.1064184906754 10813.75 167.008345599853 34476.35 171.75426486699 0.01737757 8.23416789967269e-05 940.74545 7.11282746504511 556.7 49.8669229048675 11.751655 0.210161596099287 
67 32010895 122672.851417907 0.32080725 0.00233101336064382 0.9525495 0.00654768040988562 1000000 0 0.47005975 0.00792810304470748 3.1417905 0.175682466810863 477847.2 1821.09155728096 0 0 32015765 122015.860751789 0.40839615 0.00173121357073586 445.08515 11.1975089563483 12614.55 59.7958819652324 11014.15 44.6937076108036 10705.1 175.647345553527 34333.8 198.464253708319 0.01722177 0.000106376501634525 941.4665 6.05275812749858 536.25 35.4511988513788 11.996425 0.209805571601423 
68 31853695 97590.1197611726 0.32423205 0.00116801911264328 0.9511272 0.00383450730342243 1000000 0 0.47824335 0.00279172769580057 3.194853 0.14392843374747 468500.1 1440.37880087149 0 0 31858000 97949.3644696075 0.4179347 0.00167777805743192 438.7971 10.128012415573 12543.55 55.2380982655992 11067.8 39.267798512267 10524.6 156.306237879363 34135.95 186.335845987829 0.01708674 7.34732767746207e-05 946.63815 6.08095139986335 518.35 41.8165935963225 12.24067 0.0816148154442561 
69 31743620 96095.325588709 0.3267689 0.00163654043335323 0.9507946 0.00367213049060078 1000000 0 0.486933 0.00232214919847972 3.139855 0.184079645276168 460117.3 1397.67128109581 0 0 31748090 96443.5010770555 0.4253048 0.00170819804472432 445.67825 6.91317696775512 12493.85 56.0894597941538 11100.6 37.1623465351692 10376.95 166.071814285266 33971.4 159.322754181567 0.01696001 9.17359357067886e-05 948.3732 6.61366692992625 510.4 37.884561499376 12.47681 0.0687572388916253 
70 31578515 136784.627334361 0.3297699 0.00217713614411226 0.95124535 0.00416229106712878 1000000 0 0.49623645 0.00424098809801442 3.092856 0.135939827659152 451180.9 1952.83793234359 0 0 31582660 136693.951585284 0.43420805 0.00185807509199709 447.16365 8.2683862892042 12400.3 63.4461188726308 11147.55 52.854966654043 10257.15 181.795290093005 33805 203.5767668473 0.016809405 9.23323100274221e-05 952.46 6.50066036645509 470.5 39.1145752885034 12.736 0.100054685047728 
