#1 Nodes,                 #2 AvgThroughput,               #4 totalBKThroughput, 
#6 totalBEThroughput,       #8 totalVIThroughput,           #10 totalVOThroughput,
#12 totalCollisions,        #14 totalBKCollisions,          #16 totalBECollisions,
#18 totalVICollisions,      #20 TotalVOCollisions,          #22 totalInternalCollisions,    
#24 totalBKIntCol,          #26 totalBEIntCol,              #28 totalVIIntCol,
#30 totalVOIntCol,          #32 overallFairness,            #34 BKFairness,
#36 BEFairness,             #38 VIFairness,                 #40 VOFairness,
#42 avgTimeBtSxTxBK,        #44 avgTimeBtSxTxBE,            #46 avgTimeBtSxTxVI,
#48 avgTimeBtSxTxVO,        #50 qEmptyBK,                   #52 qEmptyBE,
#54 qEmptyVI,               #56 qEmptyVO                    #58 totalDropped,
#60 droppedBK,              #62 droppedBE                   #64 droppedVI,
#66 droppedVO               #68 channelErrors               #70 stickiness
#72 totalThroughputUnsat    #74 totalThroughputSat          #76 totalThroughputEDCA
#78 totalBKthroughputEDCA   #80 totalBEthroughputEDCA       #82 totalVIthroughputEDCA
#84 totalVOthroughputEDCA   #86 totalThroughputECA          #88 totalBKthroughputECA
#90 totalBEthroughputECA    #92 totalVIthroughputECA        #94 totalVOthroughputECA
#96 avgTimeBtSxTxBkEDCA     #98 avgTimeBtSxTxBeEDCA         #100 avgTimeBtSxTxViEDCA
#102 avgTimeBtSxTxVoEDCA    #104 avgTimeBtSxTxBkECA         #106 avgTimeBtSxTxBeECA
#108 avgTimeBtSxTxViECA     #110 avgTimeBtSxTxVoECA         #112 BKCollisionsEDCA
#114 BECollisionsEDCA       #116 VICollisionsEDCA           #118 VOCollisionsEDCA
#120 BKCollisionsECA        #122 BECollisionsECA            #124 VICollisionsECA
#126 VOCollisionsEDCA       #128 lastCollision              #130 avgQueuingDelayBK
#132 avgQueuingDelayBE      #134 avgQueuingDelayVI          #136 avgQueuingDelayVO
2 10731170 13359.1953350492 10731170 13359.1953350492 0 0 0 0 0 0 135685.05 166.504496936269 0.5177133 0.000522581295111104 0 0 0 0 0 0 0 0 0 0 0 0 0 0 0 0 0.9999453 6.06589647125476e-05 0.9999453 6.06589647125476e-05 0 0 0 0 0 0 0.001526852 1.87755852105865e-06 0 0 0 0 0 0 0 0 0 0 0 0 0 0 2571.4 30.1834391678616 2571.4 30.1834391678616 0 0 0 0 0 0 0.5 0 0 0 0 0 10731170 13359.1953350492 10731170 13359.1953350492 10731170 13359.1953350492 0 0 0 0 0 0 0 0 0 0 0 0 0 0 0 0 0.001526852 1.87755852105865e-06 0 0 0 0 0 0 0 0 0 0 0 0 0 0 0.5177133 0.000522581295111104 0 0 0 0 0 0 0 0 0 0 0 0 0 0 99.999485 0.00041143043154279 0 0 0 0 0 0 0 0 
4 12110420 19139.4775268292 12110420 19139.4775268292 0 0 0 0 0 0 163150.25 149.155246303977 0.54783155 0.000643651340012585 0 0 0 0 0 0 0 0 0 0 0 0 0 0 0 0 0.99989145 0.00011220404404476 0.99989145 0.00011220404404476 0 0 0 0 0 0 0.0027060675 4.33243681431136e-06 0 0 0 0 0 0 0 0 0 0 0 0 0 0 4151.7 52.620433293541 4151.7 52.620433293541 0 0 0 0 0 0 0.5 0 0 0 0 0 12110420 19139.4775268292 12110420 19139.4775268292 12110420 19139.4775268292 0 0 0 0 0 0 0 0 0 0 0 0 0 0 0 0 0.0027060675 4.33243681431136e-06 0 0 0 0 0 0 0 0 0 0 0 0 0 0 0.54783155 0.000643651340012585 0 0 0 0 0 0 0 0 0 0 0 0 0 0 99.999645 0.000304097023989766 0 0 0 0 0 0 0 0 
6 12464715 16086.4624762562 12464715 16086.4624762562 0 0 0 0 0 0 177461.4 188.753119179525 0.57266575 0.000521738236570803 0 0 0 0 0 0 0 0 0 0 0 0 0 0 0 0 0.99984965 9.0757520349559e-05 0.99984965 9.0757520349559e-05 0 0 0 0 0 0 0.0039438885 5.13074680236709e-06 0 0 0 0 0 0 0 0 0 0 0 0 0 0 5630.65 39.2482802171 5630.65 39.2482802171 0 0 0 0 0 0 0.5 0 0 0 0 0 12464715 16086.4624762562 12464715 16086.4624762562 12464715 16086.4624762562 0 0 0 0 0 0 0 0 0 0 0 0 0 0 0 0 0.0039438885 5.13074680236709e-06 0 0 0 0 0 0 0 0 0 0 0 0 0 0 0.57266575 0.000521738236570803 0 0 0 0 0 0 0 0 0 0 0 0 0 0 99.99963 0.000212367605815374 0 0 0 0 0 0 0 0 
8 12535240 18118.1787164163 12535240 18118.1787164163 0 0 0 0 0 0 187107.9 194.275809096243 0.59350025 0.000502280586425553 0 0 0 0 0 0 0 0 0 0 0 0 0 0 0 0 0.99979865 0.000105105316230914 0.99979865 0.000105105316230914 0 0 0 0 0 0 0.0052292045 7.55139157705374e-06 0 0 0 0 0 0 0 0 0 0 0 0 0 0 7078.35 79.4212030883441 7078.35 79.4212030883441 0 0 0 0 0 0 0.5 0 0 0 0 0 12535240 18118.1787164163 12535240 18118.1787164163 12535240 18118.1787164163 0 0 0 0 0 0 0 0 0 0 0 0 0 0 0 0 0.0052292045 7.55139157705374e-06 0 0 0 0 0 0 0 0 0 0 0 0 0 0 0.59350025 0.000502280586425553 0 0 0 0 0 0 0 0 0 0 0 0 0 0 99.99968 0.000231516738053792 0 0 0 0 0 0 0 0 
10 12479050 18190.0109950489 12479050 18190.0109950489 0 0 0 0 0 0 194627 172.403016214914 0.61178675 0.000498511371485144 0 0 0 0 0 0 0 0 0 0 0 0 0 0 0 0 0.99977175 0.000121453231739625 0.99977175 0.000121453231739625 0 0 0 0 0 0 0.006566104 9.4174791743864e-06 0 0 0 0 0 0 0 0 0 0 0 0 0 0 8545.7 74.2368506875123 8545.7 74.2368506875123 0 0 0 0 0 0 0.5 0 0 0 0 0 12479050 18190.0109950489 12479050 18190.0109950489 12479050 18190.0109950489 0 0 0 0 0 0 0 0 0 0 0 0 0 0 0 0 0.006566104 9.4174791743864e-06 0 0 0 0 0 0 0 0 0 0 0 0 0 0 0.61178675 0.000498511371485144 0 0 0 0 0 0 0 0 0 0 0 0 0 0 99.999575 0.000293044365241154 0 0 0 0 0 0 0 0 
12 12384560 21107.5436751887 12384560 21107.5436751887 0 0 0 0 0 0 200608.3 188.032736511491 0.62759365 0.000574368024440766 0 0 0 0 0 0 0 0 0 0 0 0 0 0 0 0 0.9997421 0.000104423129621758 0.9997421 0.000104423129621758 0 0 0 0 0 0 0.007939684 1.34859179887763e-05 0 0 0 0 0 0 0 0 0 0 0 0 0 0 9993.1 80.3280150383414 9993.1 80.3280150383414 0 0 0 0 0 0 0.5 0 0 0 0 0 12384560 21107.5436751887 12384560 21107.5436751887 12384560 21107.5436751887 0 0 0 0 0 0 0 0 0 0 0 0 0 0 0 0 0.007939684 1.34859179887763e-05 0 0 0 0 0 0 0 0 0 0 0 0 0 0 0.62759365 0.000574368024440766 0 0 0 0 0 0 0 0 0 0 0 0 0 0 99.99956 0.00042825226210686 0 0 0 0 0 0 0 0 
14 12254285 21268.645349434 12254285 21268.645349434 0 0 0 0 0 0 205838.4 204.681068982942 0.64199405 0.000592327483323207 0 0 0 0 0 0 0 0 0 0 0 0 0 0 0 0 0.99969195 0.0001532026354212 0.99969195 0.0001532026354212 0 0 0 0 0 0 0.0093619185 1.64198033712344e-05 0 0 0 0 0 0 0 0 0 0 0 0 0 0 11432.3 72.9904788311462 11432.3 72.9904788311462 0 0 0 0 0 0 0.5 0 0 0 0 0 12254285 21268.645349434 12254285 21268.645349434 12254285 21268.645349434 0 0 0 0 0 0 0 0 0 0 0 0 0 0 0 0 0.0093619185 1.64198033712344e-05 0 0 0 0 0 0 0 0 0 0 0 0 0 0 0.64199405 0.000592327483323207 0 0 0 0 0 0 0 0 0 0 0 0 0 0 99.99947 0.00040261644278323 0 0 0 0 0 0 0 0 
16 12112020 18010.8189708297 12112020 18010.8189708297 0 0 0 0 0 0 210422.85 198.807765190397 0.6552204 0.000593644961235251 0 0 0 0 0 0 0 0 0 0 0 0 0 0 0 0 0.99959645 0.000150641785371788 0.99959645 0.000150641785371788 0 0 0 0 0 0 0.01082605 1.59845394053128e-05 0 0 0 0 0 0 0 0 0 0 0 0 0 0 12866.9 93.8151906676099 12866.9 93.8151906676099 0 0 0 0 0 0 0.5 0 0 0 0 0 12112020 18010.8189708297 12112020 18010.8189708297 12112020 18010.8189708297 0 0 0 0 0 0 0 0 0 0 0 0 0 0 0 0 0.01082605 1.59845394053128e-05 0 0 0 0 0 0 0 0 0 0 0 0 0 0 0.6552204 0.000593644961235251 0 0 0 0 0 0 0 0 0 0 0 0 0 0 99.999465 0.000596049494588651 0 0 0 0 0 0 0 0 
18 11953640 13114.4347952933 11953640 13114.4347952933 0 0 0 0 0 0 214624.55 149.968821759724 0.66744055 0.000453607922660088 0 0 0 0 0 0 0 0 0 0 0 0 0 0 0 0 0.9996275 0.000140520639053489 0.9996275 0.000140520639053489 0 0 0 0 0 0 0.01234023 1.30789563803844e-05 0 0 0 0 0 0 0 0 0 0 0 0 0 0 14318.15 69.9273015352373 14318.15 69.9273015352373 0 0 0 0 0 0 0.5 0 0 0 0 0 11953640 13114.4347952933 11953640 13114.4347952933 11953640 13114.4347952933 0 0 0 0 0 0 0 0 0 0 0 0 0 0 0 0 0.01234023 1.30789563803844e-05 0 0 0 0 0 0 0 0 0 0 0 0 0 0 0.66744055 0.000453607922660088 0 0 0 0 0 0 0 0 0 0 0 0 0 0 99.99959 0.000325422801901808 0 0 0 0 0 0 0 0 
20 11785755 18274.31188855 11785755 18274.31188855 0 0 0 0 0 0 218548.1 187.83607214803 0.6789802 0.000540923894831791 0 0 0 0 0 0 0 0 0 0 0 0 0 0 0 0 0.9996591 0.000116240225395513 0.9996591 0.000116240225395513 0 0 0 0 0 0 0.013906265 2.15322148187316e-05 0 0 0 0 0 0 0 0 0 0 0 0 0 0 15812.25 80.9437304551748 15812.25 80.9437304551748 0 0 0 0 0 0 0.5 0 0 0 0 0 11785755 18274.31188855 11785755 18274.31188855 11785755 18274.31188855 0 0 0 0 0 0 0 0 0 0 0 0 0 0 0 0 0.013906265 2.15322148187316e-05 0 0 0 0 0 0 0 0 0 0 0 0 0 0 0.6789802 0.000540923894831791 0 0 0 0 0 0 0 0 0 0 0 0 0 0 99.999735 0.000208026440626265 0 0 0 0 0 0 0 0 
22 11631480 15731.1983014645 11631480 15731.1983014645 0 0 0 0 0 0 222030.75 167.363937274432 0.68932025 0.000443718365069556 0 0 0 0 0 0 0 0 0 0 0 0 0 0 0 0 0.9995719 0.000152619428645236 0.9995719 0.000152619428645236 0 0 0 0 0 0 0.015501115 2.13418432896504e-05 0 0 0 0 0 0 0 0 0 0 0 0 0 0 17273.85 97.6187866140529 17273.85 97.6187866140529 0 0 0 0 0 0 0.5 0 0 0 0 0 11631480 15731.1983014645 11631480 15731.1983014645 11631480 15731.1983014645 0 0 0 0 0 0 0 0 0 0 0 0 0 0 0 0 0.015501115 2.13418432896504e-05 0 0 0 0 0 0 0 0 0 0 0 0 0 0 0.68932025 0.000443718365069556 0 0 0 0 0 0 0 0 0 0 0 0 0 0 99.99967 0.000286530975636042 0 0 0 0 0 0 0 0 
24 11475500 20677.8625587849 11475500 20677.8625587849 0 0 0 0 0 0 225322.8 238.563115338478 0.6991124 0.000538612142455017 0 0 0 0 0 0 0 0 0 0 0 0 0 0 0 0 0.99952105 0.000146609506854097 0.99952105 0.000146609506854097 0 0 0 0 0 0 0.01714109 2.99948812299698e-05 0 0 0 0 0 0 0 0 0 0 0 0 0 0 18698.4 87.4730815737047 18698.4 87.4730815737047 0 0 0 0 0 0 0.5 0 0 0 0 0 11475500 20677.8625587849 11475500 20677.8625587849 11475500 20677.8625587849 0 0 0 0 0 0 0 0 0 0 0 0 0 0 0 0 0.01714109 2.99948812299698e-05 0 0 0 0 0 0 0 0 0 0 0 0 0 0 0.6991124 0.000538612142455017 0 0 0 0 0 0 0 0 0 0 0 0 0 0 99.99971 0.000184119526393575 0 0 0 0 0 0 0 0 
26 11305925 18605.909679454 11305925 18605.909679454 0 0 0 0 0 0 228556 201.774378948369 0.70866015 0.000485354434923594 0 0 0 0 0 0 0 0 0 0 0 0 0 0 0 0 0.99950745 0.000140975343588867 0.99950745 0.000140975343588867 0 0 0 0 0 0 0.018848265 3.0745979818506e-05 0 0 0 0 0 0 0 0 0 0 0 0 0 0 20187.6 96.7472997039194 20187.6 96.7472997039194 0 0 0 0 0 0 0.5 0 0 0 0 0 11305925 18605.909679454 11305925 18605.909679454 11305925 18605.909679454 0 0 0 0 0 0 0 0 0 0 0 0 0 0 0 0 0.018848265 3.0745979818506e-05 0 0 0 0 0 0 0 0 0 0 0 0 0 0 0.70866015 0.000485354434923594 0 0 0 0 0 0 0 0 0 0 0 0 0 0 99.99974 0.000219999999999875 0 0 0 0 0 0 0 0 
28 11158615 16741.3343255548 11158615 16741.3343255548 0 0 0 0 0 0 231394.35 181.058353853116 0.71716475 0.00047783625594968 0 0 0 0 0 0 0 0 0 0 0 0 0 0 0 0 0.99949245 0.000120586265801711 0.99949245 0.000120586265801711 0 0 0 0 0 0 0.020566445 3.03589439045558e-05 0 0 0 0 0 0 0 0 0 0 0 0 0 0 21666.95 84.7316204259071 21666.95 84.7316204259071 0 0 0 0 0 0 0.5 0 0 0 0 0 11158615 16741.3343255548 11158615 16741.3343255548 11158615 16741.3343255548 0 0 0 0 0 0 0 0 0 0 0 0 0 0 0 0 0.020566445 3.03589439045558e-05 0 0 0 0 0 0 0 0 0 0 0 0 0 0 0.71716475 0.00047783625594968 0 0 0 0 0 0 0 0 0 0 0 0 0 0 99.99976 0.000182756668823339 0 0 0 0 0 0 0 0 
30 11006915 19380.1773727693 11006915 19380.1773727693 0 0 0 0 0 0 234169.8 214.437077017945 0.7253858 0.000479294752735724 0 0 0 0 0 0 0 0 0 0 0 0 0 0 0 0 0.99945745 0.00017547919392338 0.99945745 0.00017547919392338 0 0 0 0 0 0 0.022339875 3.88587554484188e-05 0 0 0 0 0 0 0 0 0 0 0 0 0 0 23118 94.3164884842518 23118 94.3164884842518 0 0 0 0 0 0 0.5 0 0 0 0 0 11006915 19380.1773727693 11006915 19380.1773727693 11006915 19380.1773727693 0 0 0 0 0 0 0 0 0 0 0 0 0 0 0 0 0.022339875 3.88587554484188e-05 0 0 0 0 0 0 0 0 0 0 0 0 0 0 0.7253858 0.000479294752735724 0 0 0 0 0 0 0 0 0 0 0 0 0 0 99.999605 0.000420089276223455 0 0 0 0 0 0 0 0 
32 10857090 16090.1180853342 10857090 16090.1180853342 0 0 0 0 0 0 236836.4 183.579519554878 0.73323125 0.00047537815210631 0 0 0 0 0 0 0 0 0 0 0 0 0 0 0 0 0.9994269 0.000122463831395222 0.9994269 0.000122463831395222 0 0 0 0 0 0 0.024158815 3.54714148998881e-05 0 0 0 0 0 0 0 0 0 0 0 0 0 0 24598.45 110.720131412494 24598.45 110.720131412494 0 0 0 0 0 0 0.5 0 0 0 0 0 10857090 16090.1180853342 10857090 16090.1180853342 10857090 16090.1180853342 0 0 0 0 0 0 0 0 0 0 0 0 0 0 0 0 0.024158815 3.54714148998881e-05 0 0 0 0 0 0 0 0 0 0 0 0 0 0 0.73323125 0.00047537815210631 0 0 0 0 0 0 0 0 0 0 0 0 0 0 99.999715 0.00024954959426887 0 0 0 0 0 0 0 0 
34 10709345 20329.7927928447 10709345 20329.7927928447 0 0 0 0 0 0 239386.8 228.657516823742 0.7406848 0.000562230877842902 0 0 0 0 0 0 0 0 0 0 0 0 0 0 0 0 0.9994005 0.000119325395452942 0.9994005 0.000119325395452942 0 0 0 0 0 0 0.02602361 4.91999583333154e-05 0 0 0 0 0 0 0 0 0 0 0 0 0 0 26044.15 112.567879521647 26044.15 112.567879521647 0 0 0 0 0 0 0.5 0 0 0 0 0 10709345 20329.7927928447 10709345 20329.7927928447 10709345 20329.7927928447 0 0 0 0 0 0 0 0 0 0 0 0 0 0 0 0 0.02602361 4.91999583333154e-05 0 0 0 0 0 0 0 0 0 0 0 0 0 0 0.7406848 0.000562230877842902 0 0 0 0 0 0 0 0 0 0 0 0 0 0 99.999565 0.000374533042599625 0 0 0 0 0 0 0 0 
36 10566015 16372.0272110695 10566015 16372.0272110695 0 0 0 0 0 0 241792.6 178.844177987431 0.7477524 0.000406280371172421 0 0 0 0 0 0 0 0 0 0 0 0 0 0 0 0 0.9993707 0.000152498557370215 0.9993707 0.000152498557370215 0 0 0 0 0 0 0.027929 4.40769440864499e-05 0 0 0 0 0 0 0 0 0 0 0 0 0 0 27520.6 123.017234564918 27520.6 123.017234564918 0 0 0 0 0 0 0.5 0 0 0 0 0 10566015 16372.0272110695 10566015 16372.0272110695 10566015 16372.0272110695 0 0 0 0 0 0 0 0 0 0 0 0 0 0 0 0 0.027929 4.40769440864499e-05 0 0 0 0 0 0 0 0 0 0 0 0 0 0 0.7477524 0.000406280371172421 0 0 0 0 0 0 0 0 0 0 0 0 0 0 99.999785 0.000193067345761943 0 0 0 0 0 0 0 0 
38 10418470 22089.1398655538 10418470 22089.1398655538 0 0 0 0 0 0 244212.2 248.943085865023 0.75468145 0.000556023513441665 0 0 0 0 0 0 0 0 0 0 0 0 0 0 0 0 0.9993168 0.000150677337380241 0.9993168 0.000150677337380241 0 0 0 0 0 0 0.029899735 6.40638609123744e-05 0 0 0 0 0 0 0 0 0 0 0 0 0 0 29029.7 111.454968485034 29029.7 111.454968485034 0 0 0 0 0 0 0.5 0 0 0 0 0 10418470 22089.1398655538 10418470 22089.1398655538 10418470 22089.1398655538 0 0 0 0 0 0 0 0 0 0 0 0 0 0 0 0 0.029899735 6.40638609123744e-05 0 0 0 0 0 0 0 0 0 0 0 0 0 0 0.75468145 0.000556023513441665 0 0 0 0 0 0 0 0 0 0 0 0 0 0 99.999605 0.000391758854396594 0 0 0 0 0 0 0 0 
40 10274750 15286.4155379867 10274750 15286.4155379867 0 0 0 0 0 0 246524.45 174.343762435024 0.76123325 0.000437446439578601 0 0 0 0 0 0 0 0 0 0 0 0 0 0 0 0 0.99934805 0.000125555754547545 0.99934805 0.000125555754547545 0 0 0 0 0 0 0.03191256 4.61066199151493e-05 0 0 0 0 0 0 0 0 0 0 0 0 0 0 30511.15 92.7708332397635 30511.15 92.7708332397635 0 0 0 0 0 0 0.5 0 0 0 0 0 10274750 15286.4155379867 10274750 15286.4155379867 10274750 15286.4155379867 0 0 0 0 0 0 0 0 0 0 0 0 0 0 0 0 0.03191256 4.61066199151493e-05 0 0 0 0 0 0 0 0 0 0 0 0 0 0 0.76123325 0.000437446439578601 0 0 0 0 0 0 0 0 0 0 0 0 0 0 99.99968 0.000250199920062359 0 0 0 0 0 0 0 0 
42 10135910 22311.6987251083 10135910 22311.6987251083 0 0 0 0 0 0 248728.9 259.884185744343 0.76751555 0.000444184924890515 0 0 0 0 0 0 0 0 0 0 0 0 0 0 0 0 0.9992869 0.00019522215550495 0.9992869 0.00019522215550495 0 0 0 0 0 0 0.03396936 7.62479730878143e-05 0 0 0 0 0 0 0 0 0 0 0 0 0 0 31972.75 114.391378608705 31972.75 114.391378608705 0 0 0 0 0 0 0.5 0 0 0 0 0 10135910 22311.6987251083 10135910 22311.6987251083 10135910 22311.6987251083 0 0 0 0 0 0 0 0 0 0 0 0 0 0 0 0 0.03396936 7.62479730878143e-05 0 0 0 0 0 0 0 0 0 0 0 0 0 0 0.76751555 0.000444184924890515 0 0 0 0 0 0 0 0 0 0 0 0 0 0 99.999825 0.000133697419571529 0 0 0 0 0 0 0 0 
44 9999040.5 16863.5211254945 9999040.5 16863.5211254945 0 0 0 0 0 0 250889.35 199.286295314053 0.77353615 0.000383136695580052 0 0 0 0 0 0 0 0 0 0 0 0 0 0 0 0 0.9992358 0.000169638321142362 0.9992358 0.000169638321142362 0 0 0 0 0 0 0.03607576 6.31162689011325e-05 0 0 0 0 0 0 0 0 0 0 0 0 0 0 33440.8 86.7153965567822 33440.8 86.7153965567822 0 0 0 0 0 0 0.5 0 0 0 0 0 9999040.5 16863.5211254945 9999040.5 16863.5211254945 9999040.5 16863.5211254945 0 0 0 0 0 0 0 0 0 0 0 0 0 0 0 0 0.03607576 6.31162689011325e-05 0 0 0 0 0 0 0 0 0 0 0 0 0 0 0.77353615 0.000383136695580052 0 0 0 0 0 0 0 0 0 0 0 0 0 0 99.999715 0.00029030156733962 0 0 0 0 0 0 0 0 
46 9872286 17858.4751308727 9872286 17858.4751308727 0 0 0 0 0 0 252865 206.96038268229 0.77920415 0.000446636795953935 0 0 0 0 0 0 0 0 0 0 0 0 0 0 0 0 0.9992089 0.000127022399599444 0.9992089 0.000127022399599444 0 0 0 0 0 0 0.038201065 6.78753510119842e-05 0 0 0 0 0 0 0 0 0 0 0 0 0 0 34949.9 100.845872498581 34949.9 100.845872498581 0 0 0 0 0 0 0.5 0 0 0 0 0 9872286 17858.4751308727 9872286 17858.4751308727 9872286 17858.4751308727 0 0 0 0 0 0 0 0 0 0 0 0 0 0 0 0 0.038201065 6.78753510119842e-05 0 0 0 0 0 0 0 0 0 0 0 0 0 0 0.77920415 0.000446636795953935 0 0 0 0 0 0 0 0 0 0 0 0 0 0 99.999735 0.000215116247642798 0 0 0 0 0 0 0 0 
48 9738595.5 17077.1064513283 9738595.5 17077.1064513283 0 0 0 0 0 0 254915.45 196.715143036829 0.78473415 0.000415871647867467 0 0 0 0 0 0 0 0 0 0 0 0 0 0 0 0 0.9991562 0.000142511262712812 0.9991562 0.000142511262712812 0 0 0 0 0 0 0.04041121 7.0733414310352e-05 0 0 0 0 0 0 0 0 0 0 0 0 0 0 36397.75 110.843527100142 36397.75 110.843527100142 0 0 0 0 0 0 0.5 0 0 0 0 0 9738595.5 17077.1064513283 9738595.5 17077.1064513283 9738595.5 17077.1064513283 0 0 0 0 0 0 0 0 0 0 0 0 0 0 0 0 0.04041121 7.0733414310352e-05 0 0 0 0 0 0 0 0 0 0 0 0 0 0 0.78473415 0.000415871647867467 0 0 0 0 0 0 0 0 0 0 0 0 0 0 99.999785 0.000149248115564854 0 0 0 0 0 0 0 0 
50 9607635.5 18749.0819708593 9607635.5 18749.0819708593 0 0 0 0 0 0 256891.35 212.628614019844 0.7900971 0.000458884724086552 0 0 0 0 0 0 0 0 0 0 0 0 0 0 0 0 0.99911455 0.000175280197113089 0.99911455 0.000175280197113089 0 0 0 0 0 0 0.042670435 8.18017437161337e-05 0 0 0 0 0 0 0 0 0 0 0 0 0 0 37877.65 115.909997411785 37877.65 115.909997411785 0 0 0 0 0 0 0.5 0 0 0 0 0 9607635.5 18749.0819708593 9607635.5 18749.0819708593 9607635.5 18749.0819708593 0 0 0 0 0 0 0 0 0 0 0 0 0 0 0 0 0.042670435 8.18017437161337e-05 0 0 0 0 0 0 0 0 0 0 0 0 0 0 0.7900971 0.000458884724086552 0 0 0 0 0 0 0 0 0 0 0 0 0 0 99.999715 0.000261294852609105 0 0 0 0 0 0 0 0 
