1 998702.15 9950.9293650141 0 0 1 0 1000000 0 0.0002532859 1.22889340465311e-07 0 0 998698.05 9952.26797506478 0 0 998698.05 9952.26797506478 0 0 0 0 12191.2 121.486460150916 0 0 10771115 3393.12171900744 10783295 3270.39370718573 0.001130566 1.16080581494064e-05 0.05 0.217944947177034 11808.3 117.890669690184 0.0002618973 3.33899101526193e-07 
2 2003821 12754.580706554 1.32021635e-06 2.86483464458121e-07 0.9999658 3.99081445321726e-05 1000000 0 0.00025428575 1.42423619880975e-07 0 0 1001910.7 6377.47547310062 0 0 2003821 12754.580706554 0 0 0 0 24460.7 155.691072319514 13.8 2.99332590941915 10428545 4363.0809068822 10453025 4201.05641476046 0.0011713545 7.97335843606695e-06 0 0 23669.5 154.154630160758 0.0002668158 2.96115281604988e-07 
3 3008340 12254.2074407119 7.286349e-06 9.11511857618429e-07 0.99995065 3.78593119324705e-05 1000000 0 0.00025621335 3.16606265730794e-07 0 0 1002779.8 4085.50031942233 0 0 3008336 12254.3242979774 0 0 0 0 36722.9 149.585727928837 73.75 9.22428859045509 10084890 4174.79340806225 10121690 4027.14539096864 0.0012142415 5.4366196068881e-06 0.01666665 0.0726482430773621 35523.45 132.786473332188 0.00027277175 5.10454001355661e-07 
4 4005437.5 16367.01984938 2.266532e-05 1.61695610410425e-06 0.99994115 4.25561687655282e-05 1000000 0 0.0002595866 3.61821005470939e-07 0 0 1001358.9 4091.75856936843 0 0 4005433.5 16365.0781467734 0 0 0 0 48894.5 199.804779722608 221.9 15.7889201657365 9741311.5 5709.52473941571 9790427 5505.20399258738 0.001259895 6.0899404758996e-06 0.0125 0.0544862367942584 47241.35 182.68559740713 0.0002801825 4.87398553547305e-07 
5 5001359.5 21730.1045729191 4.880552e-05 2.31109897983622e-06 0.99993075 4.99828720663427e-05 1000000 0 0.000263931 3.99300638617078e-07 0 0 1000270.15 4345.68952267646 0 0 5001351 21730.7233887876 0 0 0 0 61051.75 265.256267597959 461.55 21.6874963976942 9395574 7657.02905832282 9457088.5 7384.66199294186 0.001310806 7.03989303896016e-06 0.02 0.06 58941.4 258.334163439527 0.0002888856 5.78643275256877e-07 
6 6000415 20172.1517196357 9.347404e-05 3.01634717935452e-06 0.99993305 4.45920116164291e-05 1000000 0 0.00026994175 5.09643784912559e-07 0 0 1000067.75 3361.15737321239 0 0 6000407 20170.631150264 0 0 0 0 73247.25 246.234009633113 852.35 27.2585307747868 9044557.5 7103.47722949824 9118657 6849.21973658314 0.0013703205 5.88562356509485e-06 0.03333335 0.0849836520227714 70621.6 231.596934349313 0.0002993613 7.62186794690117e-07 
7 7003430 22411.4863407138 0.00016238475 4.66867349334905e-06 0.9999381 2.8903114019071e-05 1000000 0 0.0002777569 7.49963725789455e-07 0.00714285 0.0311349613188695 1000489.8 3201.50381227323 0 0 7003422 22406.3708797297 0 0 0 0 85491.1 273.569899660032 1424.75 40.2701812759764 8687126 8153.0309701362 8774040.5 7862.16349041407 0.0014391245 6.41374576593117e-06 0.0285714 0.0571428 82323.4 251.826408464243 0.0003118433 1.1027646666447e-06 
8 7994728.5 18864.5888571683 0.0002601225 7.21570490319553e-06 0.9999428 3.18945136347886e-05 1000000 0 0.00028751035 1.01985480706815e-06 0 0 999338.1 2358.84708915182 0 0 7994708.5 18874.8746419678 0 0 0 0 97591.9 230.279808059673 2192.3 60.1108143348599 8328244.5 6893.40081164587 8428028.5 6647.13944114308 0.0015138895 5.35705933792037e-06 0.05 0.082915619758885 93770.15 212.589575238298 0.0003267455 1.26429306333619e-06 
9 8998788.5 23711.5092887399 0.00039087615 6.09317922167894e-06 0.9999277 2.44603761213991e-05 1000000 0 0.00029912545 6.78979047909428e-07 0 0 999864.1 2633.8675156507 0 0 8998772 23699.6925296511 0 0 0 0 109848.5 289.437471658388 3155.35 47.7810370335346 7959562 8525.30386555224 8072567.5 8217.45086690514 0.001601178 6.20896819125369e-06 0.0222222 0.0444444 105368.3 284.864371236559 0.00034387785 9.20852554701348e-07 
10 10004432 19837.0621816841 0.00057506075 1.09261177271481e-05 0.99991625 2.19177439532467e-05 1000000 0 0.00031428735 1.17935597997382e-06 0.01 0.0435889894354068 1000439.4 1981.42116673866 0 0 10004394 19814.2116673866 0 0 0 0 122124.45 242.109990500186 4432.6 81.7247820431477 7581580.5 7742.06011020323 7708138 7465.14541050608 0.001703062 5.96626985645136e-06 0.075 0.0993730345717589 116848.35 259.375649396777 0.00036513165 1.42060319142962e-06 
11 11001170 28901.5068811299 0.00081420955 1.4119309768806e-05 0.9999351 2.58203408188092e-05 1000000 0 0.0003318336 1.17544027496083e-06 0.0181818 0.0545454 1000104.55 2625.37586785207 0 0 11001150 28886.1645082901 0 0 0 0 134291.7 352.672241606849 5975.75 96.5260975073581 7199213.5 11680.4658618567 7339482.5 11262.5391786222 0.001816837 8.9545151180843e-06 0.04545453 0.0609836334906514 128160.8 321.943411176561 0.00038946015 1.64886055429197e-06 
12 12005545 25211.4155691425 0.001125305 1.88665899144493e-05 0.99993245 3.17387381601795e-05 1000000 0 0.0003534042 1.81553335414143e-06 0.00833335 0.0363242305111547 1000458.6 2102.15447577004 0 0 12005510 25235.6474060009 0 0 0 0 146552 307.842492193654 7831.85 121.147957060778 6805522.5 11151.4653185131 6959907.5 10751.7323604152 0.001950308 9.18059616800564e-06 0.06666667 0.110554172744031 139389.05 295.677776472971 0.0004187026 2.41201534820987e-06 
13 13003930 31579.2510994165 0.0015427445 1.99643480922869e-05 0.99991585 2.68258737043171e-05 1000000 0 0.00038077475 1.84610316274579e-06 0.019230755 0.0682623949990804 1000300.55 2430.74353799408 0 0 13003895 31577.452002972 0 0 0 0 158739.35 385.467544029325 10136 115.433963806152 6401372 13045.0004216175 6570245.5 12577.6688917303 0.002107315 1.08119505640749e-05 0.06538457 0.0950707311588961 150390.9 285.440869533429 0.0004556409 2.52768524345892e-06 
14 14004480 24583.8890332673 0.0020772025 2.32690897705518e-05 0.9999264 2.84892962355999e-05 1000000 0 0.0004135662 2.29030518927063e-06 0 0 1000317.75 1755.48069983694 0 0 14004455 24582.9915795454 0 0 0 0 170953.15 300.143011746067 12815.7 128.610302853232 5986007 10359.1515579221 6169776 9988.10212202498 0.002291614 9.16092484414096e-06 0.02142857 0.0397697308237949 161185.95 268.44561367249 0.0004997975 2.68640357169209e-06 
15 14995005 39664.8014617494 0.002782438 4.04166774487958e-05 0.9999255 2.54371775163833e-05 1000000 0 0.0004556547 3.22261021688941e-06 0.04999997 0.111305331308918 999663.75 2645.07901347011 0 0 14994945 39666.1376365282 0 0 0 0 183044.45 484.224583741883 16021.95 195.52122007598 5559382.5 17287.966877282 5758448.5 16668.1877464228 0.0025117265 1.64463802324402e-05 0.10666666 0.101980392886875 171556.85 399.450031293027 0.00055649065 4.7165113725613e-06 
16 15997240 33785.5649649373 0.003721879 5.38952677792772e-05 0.99992525 2.64345890832381e-05 1000000 0 0.0005088298 3.78594723418063e-06 0.009375 0.0298106000442796 999824.45 2111.08837984107 0 0 15997205 33785.6104725074 0 0 0 0 195278.75 412.348744996271 19826.35 235.431152356692 5112075.5 16511.5112800131 5327180.5 15921.2733394663 0.0027861655 1.79191362724323e-05 0.046875 0.0835608872320059 181727.95 328.12489619046 0.00062945405 5.56262208382881e-06 
17 17004295 29558.9322371428 0.004978686 5.75373702388282e-05 0.9999239 2.45660334608541e-05 1000000 0 0.0005780067 3.81603216836546e-06 0.0852941 0.197278194576504 1000249.7 1737.90595545329 0 0 17004250 29555.0926237764 0 0 0 0 207571.85 360.762286693052 24279.85 228.925375395564 4645033 13651.7010295421 4876884 13161.0779953619 0.00313065 1.70425596669045e-05 0.13529415 0.164390468682958 191282.7 306.655523348268 0.00072832695 6.01735652487867e-06 
18 17996785 30817.0776518475 0.0067152145 7.6427428222792e-05 0.99991105 3.55309372237805e-05 1000000 0 0.0006698605 4.58448994436677e-06 0.13611105 0.17166119543609 999818.05 1711.44469600978 0 0 17996730 30809.1398776402 0 0 0.00833334 0.0198373170602378 219687.25 376.186373357675 29599.95 236.536355556604 4158777.5 16254.5830075705 4408064.5 15671.4225502984 0.0035712865 2.35094162571085e-05 0.13888892 0.14540280916683 199825.75 245.061599399008 0.0008672778 8.32476978420424e-06 
19 18985635 35011.9304666281 0.0091775865 0.000109352500761299 0.9999193 3.01199269587441e-05 1000000 0 0.00079679985 7.20289554467507e-06 0.07105261 0.151881082172514 999241.8 1842.801172129 0 0 18985590 35014.9810795322 0 0 0.02368422 0.0261838903974104 231758.3 427.451295471192 35916.1 283.875483266872 3645978.5 17988.2048228832 3913652 17344.0792779553 0.0041616845 3.0823075848299e-05 0.09736846 0.131341992344126 207149.5 271.541801570219 0.001074409 1.41333997679256e-05 
20 19996700 39918.6923633528 0.01302289 0.000207273632910701 0.99992165 3.33740542937184e-05 1000000 0 0.00098497965 1.40949375992766e-05 0.14 0.268607520371266 999832.95 1994.9903376959 0 0 19996660 39914.9019790855 0 0 0.1125 0.0722409163839994 244100.4 487.316057605329 43859.25 413.74193345611 3080247.5 23458.1947035572 3368208.5 22617.2757588088 0.0050405265 5.36875362886955e-05 0.195 0.251942453746882 212401.85 314.389770030769 0.0014280925 3.42538498383758e-05 
21 21003560 32450.830497847 0.01947758 0.000294420949662214 0.9999235 2.24243171579495e-05 1000000 0 0.0012878315 2.17719205112916e-05 0.166666555 0.188381292641447 1000167.45 1544.2861287663 0 0 21003510 32434.7483418632 0 0 0.57380965 0.145589194945667 256391.2 396.076078550573 53902 449.460454322736 2457387 20727.240071944 2767678.5 19985.2746478501 0.006442633 6.76042844130458e-05 0.19047606 0.162184581443759 213618.8 743.850025206695 0.002130893 7.5481127780393e-05 
22 21986735 42089.0398441209 0.033025495 0.00101771781475761 0.9999284 2.11243934824203e-05 1000000 0 0.0018849285 4.68624200479446e-05 0.5749999 0.472219039867719 999395.25 1913.19282548832 0 0 21986690 42095.0935383211 0 0 3.1272725 0.542909734070729 268392.8 513.739973138163 68100.75 899.03714467201 1726689 37779.7356925641 2063184.5 36424.3130992199 0.009222737 0.000217940186980281 1.02727238 1.12763903072508 204117.8 1260.2246863159 0.0042437135 0.00024574715561477 
23 21568910 37069.8786078401 0.16593275 0.00461434416656365 0.99955715 0.000134265511208206 1000000 0 0.008350714 0.000154119381597514 2.841304 0.291101914102261 937776.05 1611.63027630409 0 0 21568860 37075.2532021023 0.000881990135 0.000706118905767687 118.26965 3.30757981422973 263292.25 452.384446571718 122467.3 989.873936418168 352721.3 15976.2566801488 738480.85 15403.2908960228 0.03175596 0.000749070498951868 617.91095 17.4493742652136 9514.8 4539.31509811778 2.4607135 0.15488707496996 
24 21352425 20356.5929123712 0.17604535 0.000841774214085939 0.9994585 0.000166633279989319 1000000 0 0.009014579 3.38730302600757e-05 2.6625005 0.304451950699532 889682.6 847.657206658446 0 0 21352375 20346.8885827785 0.022510265 0.00201189272086635 126.39375 2.21390787692261 260649.8 248.438443079971 125963.35 287.840802354357 328912.85 2294.40171449988 715526 2212.16717270644 0.03175413 0.00011600190989807 945.1292 11.1860177078351 2806.35 856.229774943619 4.7720825 0.0866105628589838 
25 21192485 15610.1657582487 0.18156175 0.000376732116363868 0.9993689 0.000168064838678401 1000000 0 0.0094997325 9.46304278496089e-06 2.808 0.355887622712564 847697.5 624.059732717951 0 0 21192430 15610.8327772736 0.06147828 0.00180088244885667 132.29 1.81235206292817 258697.45 190.475319923606 128255.25 190.935820369044 319448.55 954.889494915511 706401.25 920.655520539577 0.03110519 4.5494570005661e-05 979.872 2.17515424740408 1386.8 207.961679162292 6.226754 0.0691450049099717 
26 21055800 15349.1367835458 0.18633375 0.000270458106737438 0.99935185 0.000199770186714645 1000000 0 0.0099492175 8.58432517732175e-06 2.7192305 0.224958463643291 809836.25 589.894641016512 0 0 21055750 15326.0725562683 0.098550865 0.00177397182623485 136.54995 1.73119483233402 257028.85 187.211718383225 130206.9 157.353392082916 311548.75 1270.28366418686 698784.5 1224.63821188137 0.03042881 5.4532750710009e-05 985.36725 2.15361667608235 969.95 156.052387037174 7.1649315 0.0368759785327793 
27 20906800 17080.7201253343 0.19085105 0.000240146720777114 0.9993372 0.000186207303830986 1000000 0 0.01040106 1.10341016852301e-05 2.7444445 0.325188430567187 774324 632.102760633111 0 0 20906750 17073.1807229936 0.13291905 0.00199376554476699 142.02045 1.72773080874886 255210.05 208.441712476174 132243.9 189.667577619371 305463.4 862.375405493455 692917.35 831.406896471277 0.02973955 3.56807441065908e-05 988.99635 1.79854377970069 756.1 125.855830218548 7.885442 0.0412955608510164 
28 20775300 17238.3293854132 0.19543955 0.000205845445662514 0.99924565 0.000257870757357254 1000000 0 0.01085184 9.52939662308166e-06 2.769644 0.313081403654066 741972.95 615.209677670955 0 0 20775245 17228.1013173246 0.16463675 0.00112650871612252 145.2965 1.31867302618959 253604.65 210.304844214298 134100.95 187.06695993681 298444.95 891.08941610817 686150.55 859.126386220328 0.02913719 3.5714127456792e-05 991.1679 2.01156376732132 569.65 72.5632654998381 8.5046225 0.020709455056809 
29 20638750 15177.3021318019 0.19978445 0.000351487478439845 0.999403 0.000146994897870641 1000000 0 0.011303 9.7563312776882e-06 2.796551 0.304719553342085 711679.55 523.354896317977 0 0 20638700 15184.334032153 0.19455815 0.00130400054735418 149.94655 1.93289211998497 251937.9 185.158283638621 135974 185.22094913913 292692.3 719.627827421925 680604.2 693.799582011981 0.02852504 3.50576724840656e-05 992.0828 1.44804546199352 444.1 71.0295009133529 9.0678465 0.0290938670985829 
30 20510000 13695.9117987814 0.20399435 0.000278400839617989 0.9993008 0.000126026029057484 1000000 0 0.01175491 8.71830832214609e-06 2.7566675 0.33385050714167 683664.9 456.037487494175 0 0 20509950 13685.302334987 0.2224044 0.00137183076215691 153.175 1.24955972246228 250366.3 167.140390091683 137745.1 156.931800473964 287128.55 796.371613946655 675239.95 767.841095214368 0.027958175 3.35066541898775e-05 993.5217 0.762241766108361 434.65 57.3046900349352 9.5871805 0.0194123601025221 
31 20384095 11864.4626932702 0.20835535 0.000332695547761012 0.99920935 0.000206002008485363 1000000 0 0.012211695 8.99402440512589e-06 2.8677415 0.2301199825151 657549.55 382.797789309186 0 0 20384035 11872.711358405 0.24805485 0.00117045740097622 156.6048 1.9119347164587 248829.3 144.892063274701 139495.35 138.49739167219 281182.9 923.370017923476 669507.55 890.264931073891 0.027443085 3.81849744664048e-05 994.2501 1.02035272822687 368.35 73.9616623663909 10.08555 0.0199335521169711 
32 20262220 11762.1256582303 0.21222855 0.000360003677064556 0.9992842 0.000225129873628534 1000000 0 0.012665645 7.68995936270167e-06 2.8484375 0.203311212722639 633192.4 367.877751433815 0 0 20262155 11770.4067474323 0.27178285 0.00121083026370338 161.20935 1.40154519281399 247341.5 143.640349484398 141147.85 138.906542322527 276586.7 965.130048231843 665076.05 930.570549448025 0.026901125 4.27065202867193e-05 995.07815 0.60401301931332 320.25 57.0016447131133 10.552135 0.0196877188876721 
33 20142245 11543.8500943143 0.21641665 0.000292593792654595 0.99922735 0.000187832711474859 1000000 0 0.013125965 9.05528989044522e-06 2.875758 0.247282001480092 610369.65 349.585079058017 0 0 20142205 11529.4611756144 0.2947926 0.00111444225512137 164.35305 1.72558710226404 245877 140.837495007544 142806.15 134.720182229687 271184.55 752.164508269301 659867.7 725.193153580479 0.026435905 3.28670728085113e-05 994.81365 1.09393625385577 290.6 46.4504036580954 11.0268 0.0161575678862876 
34 20029280 16153.160681427 0.22030825 0.000374513934987738 0.9992564 0.000211681222596627 1000000 0 0.013584265 1.14118480098538e-05 2.8911785 0.27261016091252 589095.2 474.618646915605 0 0 20029230 16131.5870267001 0.3154331 0.00126779402506874 167.85885 1.66482699626718 244498.05 197.196976396698 144356.85 185.597757260157 266395.65 992.955501268813 655250.55 957.302641540281 0.02596926 4.49048371559232e-05 995.91315 0.556841743675889 242.15 27.7619793962895 11.47444 0.0118610033302415 
35 19914110 16467.662250605 0.22410395 0.000337896208176414 0.9991856 0.000188089978467753 1000000 0 0.014048185 1.11397161094886e-05 2.917144 0.288684061482445 568973.05 470.010795088794 0 0 19914070 16462.2932788843 0.33446885 0.000954998234291563 170.7614 1.55573000228189 243092.1 200.947729521883 145916.75 197.490474453833 262103.2 567.812257704957 651112.05 547.42044855851 0.025511835 2.38295672432384e-05 996.2415 0.784850081225702 247.45 41.8000897128224 11.918185 0.0194405574765745 
36 19801495 17905.1521914783 0.22800485 0.000375854130614526 0.9991692 0.000174718230302393 1000000 0 0.014513365 1.4968910280979e-05 3.047222 0.182384453547993 550040.55 496.581461091733 0 0 19801450 17878.8841933718 0.35399 0.00102711489133397 174.0291 1.33899868931975 241717.55 218.554220961298 147454.55 217.950332644848 257545.3 488.807743392021 646717.4 471.403372919626 0.025100835 2.6934202698428e-05 996.5862 0.51226942130094 239.3 32.439327983175 12.36872 0.0180157320139927 
37 19689520 10916.5745543188 0.2316964 0.000337363216726427 0.9991739 0.000216464754636866 1000000 0 0.01498216 8.91057798349794e-06 2.901351 0.321073096987275 532147.75 295.391583326269 0 0 19689465 10934.2706661213 0.3714812 0.00098889881181039 177.6311 1.59740238825413 240350.65 133.40287665564 148962.7 130.388688159671 253609.5 780.520115051496 642922.85 752.431344044093 0.02468325 3.34397293649338e-05 996.72425 0.693048762714428 202.9 41.4703508545563 12.799785 0.00947851649784905 
38 19583355 17135.415810537 0.2354917 0.000439270884534814 0.99913885 0.000168154475111424 1000000 0 0.015450585 1.3814603685955e-05 3.0039475 0.240077201497248 515349.8 451.181515578819 0 0 19583305 17145.975475312 0.3881115 0.00107725927705451 180.59985 1.02762178232071 239054.6 209.273361897782 150414.7 202.510024443236 249257.9 961.433039790083 638727.2 926.831840195405 0.02430513 3.74674405317473e-05 997.22235 0.382112192294346 196.25 36.2724068680312 13.23511 0.0133363375782109 
39 19472820 13824.7820959319 0.23915635 0.000386458571518346 0.99918625 0.000168227784566061 1000000 0 0.015927875 1.03547996117741e-05 2.9653845 0.229953315250618 499302.2 354.522721415708 0 0 19472785 13833.7006979333 0.40395425 0.00111708794976045 182.68605 1.4963053991415 237705.35 168.826323480671 151897.5 164.852813139479 245537.1 821.978704103701 635139.95 792.596207094129 0.023926665 3.75551764075206e-05 997.2525 0.513070609175786 173.75 27.7270175100028 13.672685 0.0149959752933912 
40 19364460 14693.1752865063 0.24272935 0.000319516709265731 0.99911985 0.000198202995688772 1000000 0 0.016404105 1.41690322534745e-05 3.04625 0.145618293837004 484109.8 367.966248452219 0 0 19364400 14716.963001924 0.4186858 0.00103613838844045 186.23 0.946196332692113 236382.45 179.360663190121 153346 172.449412872297 242029.35 652.629854894794 631757.8 629.307365283452 0.023563 2.79914808468575e-05 997.6225 0.34739206956982 168.75 33.0709464636257 14.109795 0.0195135459360928 
41 19269470 15358.4862535342 0.2463144 0.000316192567907595 0.9991553 0.000196602161737848 1000000 0 0.016875425 1.42242354803345e-05 2.9878045 0.241265168071875 469986.15 374.664286395167 0 0 19269425 15363.6543504467 0.4327197 0.000526162912033906 188.6389 1.21831493875763 235223 187.421450213149 154650.55 177.595741784537 237985.1 699.632396333961 627858.65 674.579222552844 0.02323421 2.79768100397458e-05 997.72675 0.342761560709474 141.2 32.2158346159152 14.53179 0.0151338329579788 
42 19164470 14644.9342777631 0.2497008 0.000480701945076157 0.9991266 0.000149698496986441 1000000 0 0.01735813 1.58291534833678e-05 3.02143 0.14675320964122 456295.75 348.785732936426 0 0 19164420 14656.1454687104 0.4459216 0.000789060796136777 191.04405 1.31509069934358 233941.25 178.749230767576 156041.75 185.66714168102 234932.8 764.446505649676 624915.8 736.981248065377 0.022889005 3.12256381039682e-05 997.7535 0.280746237730808 146.85 24.1501035194469 14.958745 0.0145365221081247 
43 19066645 17596.7461480809 0.2532096 0.000316108114416572 0.99912225 0.000172922200714656 1000000 0 0.017837745 1.46962061430836e-05 3.0988375 0.232076715373925 443409.25 408.903274014772 0 0 19066590 17585.8153066612 0.45900425 0.000819890960738071 193.5197 1.62883341996658 232747.25 214.762863409855 157363.6 201.285468924113 231365.25 729.726652589859 621476.1 703.58410300404 0.02257787 2.44543268155146e-05 998.05005 0.379022753274784 132 24.7507575641636 15.38922 0.0160424624045065 
44 18966895 19531.3971594456 0.25674135 0.00030361740315733 0.99910845 0.0002124762280821 1000000 0 0.01832176 1.66861439523936e-05 3.1147735 0.195834836974298 431065.4 443.843035317667 0 0 18966885 19523.1727698138 0.4710666 0.000822337424662166 196.11125 1.29716012407875 231529.45 238.444013344852 158705.05 215.917223722426 227917.7 918.241095791296 618152.2 885.330988952719 0.02227972 2.67835322539803e-05 998.1465 0.39130927665978 134.15 26.0389611927972 15.815425 0.0158194144961183 
45 18869540 15308.9973544971 0.26008815 0.000361774138793809 0.9990759 0.000228113765476797 1000000 0 0.018806895 1.58538788629161e-05 3.0366665 0.263526216063507 419322.05 340.021980907117 0 0 18869490 15299.0489900516 0.48263665 0.000847654367947217 198.97005 1.4017671873389 230341.1 186.923487020759 160003.55 177.554914040699 224845.6 762.371785941741 615190.25 735.094679276078 0.02198347 2.71140019178282e-05 998.129 0.289530654680983 123.6 21.6319208578434 16.24106 0.0178486806235081 
46 18771515 11415.4402017618 0.26338235 0.000327845737352184 0.99905015 0.000165683516078087 1000000 0 0.01929568 1.12625751939776e-05 3.095652 0.2345812667414 408075.4 247.720285806391 0 0 18771465 11397.0292181779 0.4933735 0.000695730227890093 201.5956 1.50498011282542 229144.4 139.325661670778 161302.9 119.706683188534 221982.45 918.734154965407 612429.75 885.831128093837 0.021690165 3.20084719254137e-05 998.3294 0.19950223056398 118.6 20.2716550878314 16.664625 0.0162694460569499 
47 18677900 14245.7713023901 0.26671595 0.000399340766138399 0.99901115 0.000177525850230325 1000000 0 0.01978449 1.68643084649207e-05 3.007447 0.228193902396624 397401.55 302.478011597537 0 0 18677870 14227.3012198379 0.5038713 0.000677976481892993 204.0936 1.31800286039144 228001.75 173.733956093793 162555.65 169.214146867217 218914.4 744.075090296672 609471.8 717.441258919502 0.02141837 2.70839269678534e-05 998.42355 0.337479254917979 118.95 23.468010141467 17.091045 0.0176294774454604 
48 18583040 13254.5237560616 0.26982925 0.000302409965940283 0.9990177 0.000221987634790764 1000000 0 0.02027682 1.53637755776369e-05 3.071875 0.17210858876012 387145.7 276.189445851937 0 0 18582995 13254.7906433863 0.51400455 0.00064703859815316 206.61985 0.925985651886679 226843.7 161.731598644173 163803.15 154.525491424554 216415.85 586.207068790543 607062.7 565.125216213186 0.02114245 2.18771684639492e-05 998.52295 0.256764965484004 106.7 15.4761106225046 17.51548 0.0128345471287459 
49 18496560 14536.1755630565 0.2729352 0.000375304356489502 0.9990209 0.0001861904669955 1000000 0 0.020766035 1.65557323909275e-05 3.169388 0.207030615842199 377479.5 296.898214881801 0 0 18496505 14547.7309227247 0.52350775 0.000648434027099124 208.30825 1.51931006957105 225788 177.511971427281 164958.45 174.472770081752 213640.85 605.741139018971 604387.3 584.027062729117 0.020886855 2.11255644894995e-05 998.5888 0.267990037128248 105 21.1943388667823 17.930545 0.0150711139269799 
50 18409940 25866.0859041332 0.2761634 0.000926081227538921 0.9979234 0.00437830781695395 1000000 0 0.02121461 0.000202480356825051 3.061 0.188835907602341 368197.8 517.291271915543 0 0 18409885 25877.2733300864 0.5326795 0.000559596953172563 210.995 2.0717130592821 224730.7 315.835257689828 166121.7 338.630787141394 210684.6 1039.30950154417 601537 1002.13462169511 0.02064179 5.27384764664281e-05 998.719 0.213304946027972 98.45 13.4144511628318 18.31826 0.173344098255464 
51 18314320 21058.3380160923 0.2796689 0.00039326745352241 0.99891155 0.000229867891407227 1000000 0 0.02176044 2.30220850489261e-05 3.256864 0.154255631255394 359103.35 412.972671613994 0 0 18314275 21056.1600250378 0.54172445 0.00055858092296462 213.01075 1.23877144280129 223563.5 257.104356244697 167399.55 239.464292745286 207600.7 879.185822224176 598563.75 847.594943059478 0.020425155 3.00707578055497e-05 998.74215 0.222966426844938 91.5 15.9483541470586 18.783835 0.0207199245896312 
52 18229285 17010.9751337188 0.28254795 0.000385287227273371 0.9989723 0.00018223229680822 1000000 0 0.02225545 2.19563088883353e-05 3.095192 0.217187337697206 350562.4 327.596001196596 0 0 18229245 17031.8370999725 0.5499573 0.000523011194908869 214.80955 1.32809681405386 222525.4 207.774974431475 168517.35 203.604340572592 205378.1 538.559086823349 596420.85 519.313130490651 0.02017285 1.92885328628176e-05 998.72505 0.172069019582256 90.35 23.1349843310948 19.19721 0.0174478336764196 
53 18146480 10297.1161011227 0.28549615 0.000348236597014156 0.9989116 0.000219083865220592 1000000 0 0.022750605 1.23712357911406e-05 3.166037 0.15837910323335 342385.6 194.476836666992 0 0 18146440 10298.9514029342 0.55787325 0.000465948052362057 217.1141 1.32179907323314 221514.6 125.750308150716 169614.2 121.591364824974 202975.15 646.896226221795 594103.95 623.704294918674 0.019946535 2.28487040113875e-05 998.7283 0.205719736534933 79.2 16.1789987329253 19.619425 0.0115619148500584 
54 18057395 10623.486951091 0.28867835 0.000317610024243566 0.998951 0.000197926501510032 1000000 0 0.02325601 1.48810248302998e-05 3.167593 0.217659037788464 334395.55 196.642435654159 0 0 18057360 10625.9776020844 0.56578855 0.000638750614481116 218.95275 1.40388695680955 220427.25 129.746628087207 170793.25 127.307845398467 200418.4 524.044788162233 591638.9 505.243891600878 0.01973286 1.84982810012172e-05 998.85835 0.179304845165981 78.55 11.6939086707568 20.038025 0.0129101074743785 
55 17969220 15814.6640811621 0.2918138 0.000324733059604346 0.9989415 0.000168898934277291 1000000 0 0.02376045 1.89929065706123e-05 3.1036365 0.254876326858243 326712.65 287.402031134089 0 0 17969190 15807.2103800766 0.57347265 0.000476138139094101 221.391 1.21315955257336 219350.85 192.981158406721 171957.7 184.118195733067 197963.9 568.352786568343 589272.45 548.023947925636 0.0195257 1.90836841306912e-05 998.9418 0.153133471194244 81.2 17.0956134724671 20.465565 0.0194622782582101 
56 17887945 12964.1997439102 0.2949658 0.000376865307503886 0.99889525 0.000174065469005208 1000000 0 0.02426507 1.64499574467532e-05 3.2160715 0.194543486456756 319426.65 231.161907545339 0 0 17887895 12959.7636938333 0.5804418 0.000513126066381365 222.9884 1.30007547473214 218358.6 158.13140105621 173046.8 146.285200891956 195262.65 784.592523224635 586668.05 756.447451909252 0.01933295 2.79350228208247e-05 999.0535 0.119576544522745 72.8 11.4175303809537 20.879775 0.0123185175650321 
57 17803040 16149.9969040245 0.29789315 0.000346599376081378 0.9988291 0.00022588003453161 1000000 0 0.02477339 2.24152381205283e-05 3.1535095 0.249028791738526 312332.8 283.511481248996 0 0 17802980 16153.5630744427 0.5873781 0.000703262248382493 225.1596 1.46799987738419 217322.1 197.097919826669 174158.9 188.491617850768 193154.8 586.412107651266 584635.8 565.39513616585 0.01912993 1.81258130852109e-05 998.95885 0.149440046506952 74.2 18.7205769141872 21.298155 0.0180929399214165 
58 17727040 13377.5707809751 0.30076415 0.000358430505816685 0.9988127 0.000199967772403462 1000000 0 0.02527316 1.96861474138546e-05 3.1491375 0.20856150665631 305637.7 230.689639992783 0 0 17726990 13378.0753473734 0.59389785 0.000492477032459392 227.0802 1.42937331023075 216394.55 163.368134897844 175168.95 160.784164332188 190849.9 510.802202422817 582413.4 492.585058644697 0.018940085 2.04265336021556e-05 999.0542 0.201749993804215 71.85 15.9288260709947 21.710055 0.0215425039166757 
59 17645220 11691.3899943505 0.3037695 0.000305588366925185 0.9989183 0.000219228442497777 1000000 0 0.025784125 1.54109660631642e-05 3.198305 0.177043371423502 299070.6 197.775225951078 0 0 17645180 11673.885385766 0.6003917 0.00034661406491947 228.51275 0.835473630643124 215395.75 142.54819360483 176249.8 134.117709494309 188563.8 582.145050653186 580209.35 561.306001660413 0.01875452 2.0802778660554e-05 999.12805 0.161025921826278 70.35 11.0692140642414 22.132715 0.0149675741187411 
60 17567030 11369.9648196465 0.30641255 0.000387633522157209 0.99879745 0.000147045052619942 1000000 0 0.026293035 1.94469348484538e-05 3.1591665 0.193180435973082 292782.9 189.288642025875 0 0 17566975 11356.1382080353 0.60654225 0.000419290814948297 230.41995 1.25135276700857 214441.15 138.796352617783 177267.1 136.69341608139 186816.5 609.115383158232 578524.75 587.290973453534 0.018556415 1.84353539428998e-05 999.13755 0.156037968135955 72.65 17.4850650556411 22.548855 0.0176554658675437 
61 17480580 14246.3188227696 0.309652 0.000480446563105616 0.99894495 0.000213992166912723 1000000 0 0.026814045 1.76465145283711e-05 3.194262 0.190283268539302 286566.2 233.80795538219 0 0 17480540 14256.3108832545 0.61256195 0.000410727704811835 232.03275 1.29026318536181 213385.85 174.023353317881 178410.1 164.484315361678 184368.5 874.525442740233 576164.45 843.224138352313 0.01839328 2.85316245594253e-05 999.18945 0.158428998292597 61.55 11.0339249589618 22.976195 0.020481954862757 
62 17405910 12435.1477675177 0.3122596 0.000333850775047774 0.99877025 0.00018487830456815 1000000 0 0.027323595 1.76274069278498e-05 3.2258065 0.194687508106581 280739.6 200.249194754935 0 0 17405865 12435.2834708341 0.618182 0.000288013714951216 234.0412 1.02710221497182 212474.5 151.683716990322 179384.4 140.085473907897 182613.55 670.818714333463 574472.45 646.772562420516 0.01821362 2.2728277541424e-05 999.19755 0.175706708750679 64.9 12.4535135604375 23.387095 0.0186825714236558 
63 17326435 10406.3574318779 0.3151706 0.000272108140267797 0.9987975 0.000229193259063187 1000000 0 0.027838765 1.54160071030084e-05 3.2746015 0.183406987415284 275022.15 165.138510045356 0 0 17326405 10398.5804319628 0.6236044 0.000420950638436383 235.90005 0.990877312032121 211504.3 126.923244522034 180428.8 123.500040485823 180546.7 399.169274869697 572479.8 384.861871325285 0.01804512 1.37310815306011e-05 999.24765 0.167579615407127 69.45 16.5513594607815 23.809045 0.0152322839718802 
64 17255055 14695.9679844507 0.31787505 0.000425502229723886 0.9987989 0.000181250627585103 1000000 0 0.028346135 2.10795938053844e-05 3.1101575 0.18940930230258 269609.75 229.375865120984 0 0 17255015 14675.3287867768 0.62900355 0.000354963445301058 237.78585 0.819560203706843 210633.15 179.423040605158 181370.9 169.721212581103 178569.65 750.924182258103 570573.7 724.103038248011 0.017882875 2.07536713619544e-05 999.24235 0.148427179114867 63.2 10.9160432391962 24.21598 0.0206465154445005 
65 17252810 14455.4799297706 0.31800665 0.000395245401617775 0.98354775 0.000155457027824414 1000000 0 0.027911095 2.45092120436374e-05 3.1638455 0.230782625396172 265427.35 222.048029714294 0 0 17252770 14452.7886582486 0.6334515 0.000590909003146856 234.08775 1.03325059278957 210605.6 176.364508901309 181403.35 165.999179214838 178430.65 713.528084590929 570439.6 687.897114400111 0.017616535 2.11445566281253e-05 999.2132 0.132400377642959 56.65 9.53559122446008 23.843975 0.021911569432608 
66 17242585 35332.1422362132 0.31801555 0.00129110404208956 0.96997535 0.00657675728056769 1000000 0 0.02759206 0.000416205568679709 3.113637 0.175162305708163 261250.55 535.073216952596 0 0 17242540 35318.1737919729 0.63783115 0.000468491438022075 230.8447 2.17965442444439 210480.8 431.249881159404 181515.5 456.500219057998 178783.1 1143.72535601866 570779.4 1102.65327279249 0.01734173 5.40610312517252e-05 999.2644 0.121393327658479 59.15 13.4062485431235 23.56514 0.334688118104005 
67 17170785 33914.0129592474 0.3209318 0.00124409700586409 0.9705333 0.0065018170929364 1000000 0 0.028099365 0.000415265976543949 3.064926 0.218863179804187 256279.75 505.933382472436 0 0 17170745 33904.3577582587 0.64280615 0.000537458023942327 232.4865 2.28032768478568 209604.3 413.995785002698 182473.85 439.744957333225 176500.45 1024.58052270185 568578.6 987.819487558329 0.01720732 5.31880024065576e-05 999.30825 0.115502759707292 50.8 11.0480767557073 23.9781 0.341278861050608 
68 17094810 32728.9764581785 0.3235233 0.00132546467700954 0.9708323 0.00636612565144609 1000000 0 0.02861693 0.000409546456583377 3.1919115 0.195895785311349 251393.55 481.363841080736 0 0 17094770 32718.9104341816 0.6473997 0.000645393840999427 234.361 2.76693622983978 208676.8 399.605255220699 183457.65 432.548988555054 174931.3 1105.74305785748 567065.75 1066.00548192774 0.01705155 5.78140770055183e-05 999.3456 0.0772589153431585 57.4 8.79431634636826 24.392545 0.336265975791486 
69 17028570 16206.0821915724 0.32610675 0.000381794430944192 0.9698185 0.000170383831392534 1000000 0 0.029040945 2.39858182057651e-05 3.149276 0.153316303842742 246790.3 234.868282234958 0 0 17028520 16198.6295716644 0.6519625 0.000429999476743857 235.10135 1.15231594083394 207868.35 197.811848735105 184333.45 185.984535647456 173053.65 685.728391930799 565255.45 661.129977765341 0.01690776 2.03810303959346e-05 999.3571 0.101426771613827 54.3 11.6150764095636 24.72134 0.024051162134084 
70 16949765 13170.735552732 0.3289996 0.000322024905869094 0.97019385 0.000166064528120846 1000000 0 0.029568255 1.90275451648396e-05 3.1307145 0.153349298187993 242138.9 188.049169102126 0 0 16949730 13158.6131488087 0.6564588 0.00033010265070126 236.76065 1.10831571652665 206906.25 160.673543248414 185363.85 151.416074113682 171147 564.317995460007 563417.1 544.126079139752 0.0167796 1.82291250475716e-05 999.3485 0.129665531271799 51.9 11.0086329759875 25.14769 0.0190363047884824 
