#1 Nodes,                 #2 AvgThroughput,               #4 totalBKThroughput, 
#6 totalBEThroughput,       #8 totalVIThroughput,           #10 totalVOThroughput,
#12 totalCollisions,        #14 totalBKCollisions,          #16 totalBECollisions,
#18 totalVICollisions,      #20 TotalVOCollisions,          #22 totalInternalCollisions,    
#24 totalBKIntCol,          #26 totalBEIntCol,              #28 totalVIIntCol,
#30 totalVOIntCol,          #32 overallFairness,            #34 BKFairness,
#36 BEFairness,             #38 VIFairness,                 #40 VOFairness,
#42 avgTimeBtSxTxBK,        #44 avgTimeBtSxTxBE,            #46 avgTimeBtSxTxVI,
#48 avgTimeBtSxTxVO,        #50 qEmptyBK,                   #52 qEmptyBE,
#54 qEmptyVI,               #56 qEmptyVO                    #58 totalDropped,
#60 droppedBK,              #62 droppedBE                   #64 droppedVI,
#66 droppedVO               #68 channelErrors               #70 stickiness
#72 totalThroughputUnsat    #74 totalThroughputSat          #76 totalThroughputEDCA
#78 totalBKthroughputEDCA   #80 totalBEthroughputEDCA       #82 totalVIthroughputEDCA
#84 totalVOthroughputEDCA   #86 totalThroughputECA          #88 totalBKthroughputECA
#90 totalBEthroughputECA    #92 totalVIthroughputECA        #94 totalVOthroughputECA
#96 avgTimeBtSxTxBkEDCA     #98 avgTimeBtSxTxBeEDCA         #100 avgTimeBtSxTxViEDCA
#102 avgTimeBtSxTxVoEDCA    #104 avgTimeBtSxTxBkECA         #106 avgTimeBtSxTxBeECA
#108 avgTimeBtSxTxViECA     #110 avgTimeBtSxTxVoECA         #112 BKCollisionsEDCA
#114 BECollisionsEDCA       #116 VICollisionsEDCA           #118 VOCollisionsEDCA
#120 BKCollisionsECA        #122 BECollisionsECA            #124 VICollisionsECA
#126 VOCollisionsEDCA       #128 lastCollision              #130 avgQueuingDelayBK
#132 avgQueuingDelayBE      #134 avgQueuingDelayVI          #136 avgQueuingDelayVO
5 5013175 12865 5013175 12865 0 0 0 0 0 0 7074.5 3.5 0.107531 0.000229 0 0 0 0 0 0 0 0 0 0 0 0 0 0 0 0 0.9998745 3.14999999999621e-05 0.9998745 3.14999999999621e-05 0 0 0 0 0 0 0.0004086715 1.945e-07 0 0 0 0 0 0 57937.5 92.5 0 0 0 0 0 0 0 0 0 0 0 0 0 0 0 0 0.1 0 0 0 5013175 12865 0 0 5013175 12865 5013175 12865 0 0 0 0 0 0 0 0 0 0 0 0 0 0 0 0 0.0004086715 1.945e-07 0 0 0 0 0 0 0 0 0 0 0 0 0 0 0.107531 0.000229 0 0 0 0 0 0 0 0 0 0 0 0 0 0 99.9909 0.000900000000001455 0.000447834 5.91000000000008e-07 0 0 0 0 0 0 
10 9981735 28865 9981735 28865 0 0 0 0 0 0 15523 156 0.1259745 0.000973500000000002 0 0 0 0 0 0 0 0 0 0 0 0 0 0 0 0 0.9999515 1.95000000000056e-05 0.9999515 1.95000000000056e-05 0 0 0 0 0 0 0.0004797485 1.42750000000001e-06 0 0 0 0 0 0 113999 416 0 0 0 0 0 0 0 0 0 0 0 0 0 0 0 0 0.1 0 0 0 9981735 28865 0 0 9981735 28865 9981735 28865 0 0 0 0 0 0 0 0 0 0 0 0 0 0 0 0 0.0004797485 1.42750000000001e-06 0 0 0 0 0 0 0 0 0 0 0 0 0 0 0.1259745 0.000973500000000002 0 0 0 0 0 0 0 0 0 0 0 0 0 0 99.98625 0.0114499999999964 0.000555488 1.81399999999999e-06 0 0 0 0 0 0 
15 14969900 2000 14969900 2000 0 0 0 0 0 0 28061 19 0.164969 9.20000000000087e-05 0 0 0 0 0 0 0 0 0 0 0 0 0 0 0 0 0.999921 9.99999999973245e-07 0.999921 9.99999999973245e-07 0 0 0 0 0 0 0.000658424 1.21999999999969e-07 0 0 0 0 0 0 166421 10 0 0 0 0 0 0 2.5 1.5 2.5 1.5 0 0 0 0 0 0 0.1 0 0 0 14969900 2000 0 0 14969900 2000 14969900 2000 0 0 0 0 0 0 0 0 0 0 0 0 0 0 0 0 0.000658424 1.21999999999969e-07 0 0 0 0 0 0 0 0 0 0 0 0 0 0 0.164969 9.20000000000087e-05 0 0 0 0 0 0 0 0 0 0 0 0 0 0 99.99405 0.00584999999999525 0.0008140175 1.76149999999998e-06 0 0 0 0 0 0 
20 19972100 6400 19972100 6400 0 0 0 0 0 0 64702.5 122.5 0.3040495 0.000244500000000009 0 0 0 0 0 0 0 0 0 0 0 0 0 0 0 0 0.9999665 5.00000000014378e-07 0.9999665 5.00000000014378e-07 0 0 0 0 0 0 0.001842985 1.21149999999999e-05 0 0 0 0 0 0 185766 437 0 0 0 0 0 0 299.5 3.5 299.5 3.5 0 0 0 0 0 0 0.1 0 0 0 19972100 6400 0 0 19972100 6400 19972100 6400 0 0 0 0 0 0 0 0 0 0 0 0 0 0 0 0 0.001842985 1.21149999999999e-05 0 0 0 0 0 0 0 0 0 0 0 0 0 0 0.3040495 0.000244500000000009 0 0 0 0 0 0 0 0 0 0 0 0 0 0 99.9936 0.00480000000000302 0.00423749 0.00027899 0 0 0 0 0 0 
25 18389950 18250 18389950 18250 0 0 0 0 0 0 147984 227 0.5751705 0.000619499999999995 0 0 0 0 0 0 0 0 0 0 0 0 0 0 0 0 0.9994945 5.55000000000416e-05 0.9994945 5.55000000000416e-05 0 0 0 0 0 0 0.0111262 8.90000000000005e-06 0 0 0 0 0 0 403.5 60.5 0 0 0 0 0 0 8818 11 8818 11 0 0 0 0 0 0 0.1 0 0 0 18389950 18250 0 0 18389950 18250 18389950 18250 0 0 0 0 0 0 0 0 0 0 0 0 0 0 0 0 0.0111262 8.90000000000005e-06 0 0 0 0 0 0 0 0 0 0 0 0 0 0 0.5751705 0.000619499999999995 0 0 0 0 0 0 0 0 0 0 0 0 0 0 99.9993 0.000499999999995282 8.2069 0.0181099999999992 0 0 0 0 0 0 
30 17659250 4550 17659250 4550 0 0 0 0 0 0 158222.5 33.5 0.6068225 0.00018250000000003 0 0 0 0 0 0 0 0 0 0 0 0 0 0 0 0 0.999333 7.60000000000205e-05 0.999333 7.60000000000205e-05 0 0 0 0 0 0 0.0139178 6.29999999999988e-06 0 0 0 0 0 0 181 35 0 0 0 0 0 0 11683.5 24.5 11683.5 24.5 0 0 0 0 0 0 0.1 0 0 0 17659250 4550 0 0 17659250 4550 17659250 4550 0 0 0 0 0 0 0 0 0 0 0 0 0 0 0 0 0.0139178 6.29999999999988e-06 0 0 0 0 0 0 0 0 0 0 0 0 0 0 0.6068225 0.00018250000000003 0 0 0 0 0 0 0 0 0 0 0 0 0 0 99.9995 0.00010000000000332 10.8909 0.0182000000000002 0 0 0 0 0 0 
35 16999950 10450 16999950 10450 0 0 0 0 0 0 167280.5 128.5 0.634002 0.000238000000000016 0 0 0 0 0 0 0 0 0 0 0 0 0 0 0 0 0.999505 4.10000000000132e-05 0.999505 4.10000000000132e-05 0 0 0 0 0 0 0.0168683 1.25000000000004e-05 0 0 0 0 0 0 108.5 33.5 0 0 0 0 0 0 14776.5 21.5 14776.5 21.5 0 0 0 0 0 0 0.1 0 0 0 16999950 10450 0 0 16999950 10450 16999950 10450 0 0 0 0 0 0 0 0 0 0 0 0 0 0 0 0 0.0168683 1.25000000000004e-05 0 0 0 0 0 0 0 0 0 0 0 0 0 0 0.634002 0.000238000000000016 0 0 0 0 0 0 0 0 0 0 0 0 0 0 99.99935 0.000250000000001194 13.1307 0.0164999999999997 0 0 0 0 0 0 
40 16384850 1550 16384850 1550 0 0 0 0 0 0 175583 49 0.6578715 0.0001525 0 0 0 0 0 0 0 0 0 0 0 0 0 0 0 0 0.999429 2.8000000000028e-05 0.999429 2.8000000000028e-05 0 0 0 0 0 0 0.0200049 6.99999999999312e-07 0 0 0 0 0 0 91 11 0 0 0 0 0 0 17927 28 17927 28 0 0 0 0 0 0 0.1 0 0 0 16384850 1550 0 0 16384850 1550 16384850 1550 0 0 0 0 0 0 0 0 0 0 0 0 0 0 0 0 0.0200049 6.99999999999312e-07 0 0 0 0 0 0 0 0 0 0 0 0 0 0 0.6578715 0.0001525 0 0 0 0 0 0 0 0 0 0 0 0 0 0 99.9996 0.000199999999999534 15.29955 0.0265500000000003 0 0 0 0 0 0 
45 15830300 27100 15830300 27100 0 0 0 0 0 0 183043.5 327.5 0.678692 0.000753000000000004 0 0 0 0 0 0 0 0 0 0 0 0 0 0 0 0 0.999436 9.89999999999602e-05 0.999436 9.89999999999602e-05 0 0 0 0 0 0 0.0232949 4.25000000000009e-05 0 0 0 0 0 0 67 6 0 0 0 0 0 0 21429.5 165.5 21429.5 165.5 0 0 0 0 0 0 0.1 0 0 0 15830300 27100 0 0 15830300 27100 15830300 27100 0 0 0 0 0 0 0 0 0 0 0 0 0 0 0 0 0.0232949 4.25000000000009e-05 0 0 0 0 0 0 0 0 0 0 0 0 0 0 0.678692 0.000753000000000004 0 0 0 0 0 0 0 0 0 0 0 0 0 0 99.9997 9.99999999962142e-05 17.33235 0.0204499999999985 0 0 0 0 0 0 
50 15285250 13350 15285250 13350 0 0 0 0 0 0 190315 132 0.6979145 0.000274499999999955 0 0 0 0 0 0 0 0 0 0 0 0 0 0 0 0 0.999413 0.000155000000000016 0.999413 0.000155000000000016 0 0 0 0 0 0 0.02680725 2.75499999999994e-05 0 0 0 0 0 0 67.5 7.5 0 0 0 0 0 0 24789.5 199.5 24789.5 199.5 0 0 0 0 0 0 0.1 0 0 0 15285250 13350 0 0 15285250 13350 15285250 13350 0 0 0 0 0 0 0 0 0 0 0 0 0 0 0 0 0.02680725 2.75499999999994e-05 0 0 0 0 0 0 0 0 0 0 0 0 0 0 0.6979145 0.000274499999999955 0 0 0 0 0 0 0 0 0 0 0 0 0 0 99.99835 0.000250000000001194 19.35965 0.00735000000000063 0 0 0 0 0 0 
55 14791850 7950 14791850 7950 0 0 0 0 0 0 196824.5 75.5 0.714849 0.000199000000000005 0 0 0 0 0 0 0 0 0 0 0 0 0 0 0 0 0.999269 8.90000000000057e-05 0.999269 8.90000000000057e-05 0 0 0 0 0 0 0.0304776 1.40999999999995e-05 0 0 0 0 0 0 49 14 0 0 0 0 0 0 28198 84 28198 84 0 0 0 0 0 0 0.1 0 0 0 14791850 7950 0 0 14791850 7950 14791850 7950 0 0 0 0 0 0 0 0 0 0 0 0 0 0 0 0 0.0304776 1.40999999999995e-05 0 0 0 0 0 0 0 0 0 0 0 0 0 0 0.714849 0.000199000000000005 0 0 0 0 0 0 0 0 0 0 0 0 0 0 99.99965 5.00000000016598e-05 21.2949 0 0 0 0 0 0 0 
60 14311700 4100 14311700 4100 0 0 0 0 0 0 203097.5 45.5 0.7305065 9.24999999999954e-05 0 0 0 0 0 0 0 0 0 0 0 0 0 0 0 0 0.999249 3.59999999999805e-05 0.999249 3.59999999999805e-05 0 0 0 0 0 0 0.034364 1.11999999999994e-05 0 0 0 0 0 0 46.5 2.5 0 0 0 0 0 0 31703 8 31703 8 0 0 0 0 0 0 0.1 0 0 0 14311700 4100 0 0 14311700 4100 14311700 4100 0 0 0 0 0 0 0 0 0 0 0 0 0 0 0 0 0.034364 1.11999999999994e-05 0 0 0 0 0 0 0 0 0 0 0 0 0 0 0.7305065 9.24999999999954e-05 0 0 0 0 0 0 0 0 0 0 0 0 0 0 99.9989 0.000199999999999534 23.177 0.00600000000000023 0 0 0 0 0 0 
65 13842900 12000 13842900 12000 0 0 0 0 0 0 209224.5 133.5 0.7455175 0.000185500000000005 0 0 0 0 0 0 0 0 0 0 0 0 0 0 0 0 0.9990635 0.000106500000000009 0.9990635 0.000106500000000009 0 0 0 0 0 0 0.03849685 2.95499999999997e-05 0 0 0 0 0 0 34.5 1.5 0 0 0 0 0 0 35460 13 35460 13 0 0 0 0 0 0 0.1 0 0 0 13842900 12000 0 0 13842900 12000 13842900 12000 0 0 0 0 0 0 0 0 0 0 0 0 0 0 0 0 0.03849685 2.95499999999997e-05 0 0 0 0 0 0 0 0 0 0 0 0 0 0 0.7455175 0.000185500000000005 0 0 0 0 0 0 0 0 0 0 0 0 0 0 99.9996 0.000299999999995748 24.9556 0.0105000000000004 0 0 0 0 0 0 
70 13421750 15650 13421750 15650 0 0 0 0 0 0 214717.5 192.5 0.7585755 0.000172499999999964 0 0 0 0 0 0 0 0 0 0 0 0 0 0 0 0 0.9988115 0.000132500000000035 0.9988115 0.000132500000000035 0 0 0 0 0 0 0.04276905 4.48500000000025e-05 0 0 0 0 0 0 29 1 0 0 0 0 0 0 38889.5 30.5 38889.5 30.5 0 0 0 0 0 0 0.1 0 0 0 13421750 15650 0 0 13421750 15650 13421750 15650 0 0 0 0 0 0 0 0 0 0 0 0 0 0 0 0 0.04276905 4.48500000000025e-05 0 0 0 0 0 0 0 0 0 0 0 0 0 0 0.7585755 0.000172499999999964 0 0 0 0 0 0 0 0 0 0 0 0 0 0 99.9994 0.000499999999995282 26.7152 0.0265000000000004 0 0 0 0 0 0 
