#1-sta 2-avgThroughput 3-stdThroughput 4-JFI 5-stdJFI 6-Bandwidth 7-avgDelay 8-stdDelay 9-avgBackoffStage 10-stdBackoffStage 11-totalFractionOfCollisionSlots 12.stdCollidingSlots 13.avgThroughputDCF 14. stdThroughputDCF 15.avgThroughputECA 16.stdThroughputECA 17.Sum of 15 and 16 18. std of 17 19. AvgBlockingProb 20. StdBlockingProb 21. AvgDroppedPackets 22.StdDropped 23.SxSlots 24.stdSxSlots 25.ColSlots 26.StdColSlots 27.EmptySlots 28.stdEmpty 29.totalSlots 30.stdTotalSlots 31.averageTAU 32.stdTAU 33.avgQSize 34.stdQSize 35.avgQEmpty 36.stdQEmpty 37. avgQDelay 38. stdQDelay
1 2.53333e+07 443.316 1 0 2e+08 0.00031835 1.25293e-09 0 0 0 0 2.5732e+07 328.84 0 0 2.5732e+07 328.84 0.867245 0.000245504 0 0 31412 0.0999949 0 0 235072 5.81723 266484 5.77993 0.117876 2.66322e-06 999.869 0.337742 0 0 0.312499 0
2 2.68113e+07 4049.05 1 0 6.5e+07 0.000611085 0.000103528 0 0 0.0116303 1.8249e-05 0 0 1.34056e+07 2030.76 2.68112e+07 4049.97 0.792494 0.000167687 0 0 327286 49.4259 20472.7 36.2294 1.41253e+06 368.692 1.76028e+06 355.463 0.104594 1.46165e-05 999.793 0.266004 0.0909091 0.320697 0.60862 0
3 2.65836e+07 1096.94 0.999985 2.75389e-06 6.5e+07 0.000924486 3.54565e-05 0.282828 0.301003 0.0252245 1.76884e-05 0 0 8.86119e+06 364.814 2.65836e+07 1097.18 0.862412 9.17048e-05 0.0538721 0.181694 324508 13.3601 35854.1 10.9525 1.06104e+06 613.806 1.4214e+06 591.169 0.0932174 4.85513e-05 999.869 0.182285 0.0808081 0.27254 0.919409 0
4 2.61486e+07 3317.13 0.999978 9.47492e-06 6.5e+07 0.00125308 0.000163355 0.409091 0.394813 0.0382529 5.21483e-05 0 0 6.53714e+06 828.061 2.61485e+07 3313 0.89816 6.60541e-05 4.76768 0.86912 319197 40.4451 47675.6 33.9149 879456 1153.13 1.24633e+06 1111.96 0.0837697 8.5025e-05 999.891 0.13836 0.121212 0.35598 1.24427 0
5 2.57134e+07 10298.5 0.999925 3.94531e-05 6.5e+07 0.00159278 0.000646524 0.850505 0.481868 0.0502108 0.000171605 0 0 5.14267e+06 2058.8 2.57134e+07 10290.7 0.919611 5.14404e-05 9.31313 1.24468 313885 125.69 57068.9 116.53 765640 2593.64 1.13659e+06 2500.27 0.0761673 0.000188683 999.895 0.12175 0.121212 0.326374 1.57908 0
6 2.53211e+07 14987.8 0.999894 7.239e-05 6.5e+07 0.00194066 0.00113029 1.22559 0.59662 0.0610359 0.000184501 0 0 4.22018e+06 2497.48 2.53211e+07 14983.7 0.933793 4.78578e-05 15.6481 1.41379 309096 182.98 64703 165.137 686285 1949.44 1.06008e+06 1879.7 0.0699861 0.000136759 999.926 0.0954928 0.111111 0.344917 1.921 0
7 2.49548e+07 15736.9 0.999869 7.8371e-05 6.5e+07 0.00229682 0.00142004 1.34921 0.486563 0.0709459 0.000226248 0 0 3.56496e+06 2248.25 2.49548e+07 15741.7 0.943864 4.15677e-05 23.4531 1.74799 304624 192.113 71249.9 181.878 628414 1899.65 1.00429e+06 1831.51 0.0648006 0.000133724 999.942 0.0758299 0.141414 0.348448 2.27005 0
8 2.46129e+07 16008.1 0.999842 7.67782e-05 6.5e+07 0.00266068 0.00170176 1.57449 0.430424 0.0802447 0.000213042 0 0 3.07661e+06 2001.41 2.46129e+07 16008.6 0.951368 3.76003e-05 31.2134 1.90959 300451 195.393 77059.2 169.8 582796 1947.69 960306 1877.87 0.0604914 0.000127495 999.955 0.0651691 0.161616 0.394586 2.62558 0
9 2.43047e+07 14430.8 0.999807 9.2695e-05 6.5e+07 0.00303016 0.00182132 1.66218 0.455782 0.0887646 0.000219778 0 0 2.70052e+06 1603.25 2.43047e+07 14427.4 0.957143 2.98155e-05 39.3053 1.92309 296688 176.227 82126.3 155.274 546402 1803.75 925217 1739.07 0.0567765 0.000115487 999.946 0.0576743 0.141414 0.376322 2.9858 0
10 2.40162e+07 14799.8 0.999768 0.000119164 6.5e+07 0.00340596 0.00202836 1.80505 0.424115 0.0968443 0.000260047 0 0 2.40161e+06 1480.64 2.40161e+07 14806.4 0.961732 2.72617e-05 47.2192 2.0313 293166 180.652 86745.3 172.883 515811 1618.53 895722 1560.5 0.0536025 0.000105438 999.969 0.0485059 0.121212 0.383306 3.35111 0
11 2.37517e+07 14512 0.999733 0.000126097 6.5e+07 0.00378658 0.00229863 1.95409 0.48971 0.104433 0.00028417 0 0 2.15924e+06 1319.47 2.37517e+07 14513.8 0.965452 2.41776e-05 54.3352 2.15881 289938 177.214 90910.9 170.133 489677 1687.72 870525 1627.19 0.0508413 0.000107792 999.967 0.0437752 0.171717 0.403029 3.7202 0
12 2.35009e+07 15786.9 0.99971 0.000114517 6.5e+07 0.00417271 0.00277601 1.97475 0.324473 0.111637 0.000261019 0 0 1.9584e+06 1316.07 2.35009e+07 15792.2 0.968532 2.22735e-05 62.3401 2.08788 286876 192.715 94774.6 174.703 467303 1578.09 848954 1521.48 0.0483986 9.41786e-05 999.969 0.0451459 0.151515 0.35855 4.0936 0
13 2.32637e+07 16287.7 0.999654 0.000152662 6.5e+07 0.00456412 0.00306585 2.13986 0.413646 0.118535 0.000267267 0 0 1.78951e+06 1253.12 2.32636e+07 16294 0.971121 2.22735e-05 69.3357 2.13809 283980 198.818 98377.5 182.628 447592 1434.76 829949 1383.23 0.0462425 8.35801e-05 999.97 0.0390131 0.131313 0.366431 4.47134 0
14 2.30403e+07 16317.9 0.999627 0.000157873 6.5e+07 0.00495971 0.00343682 2.2316 0.353458 0.125013 0.000300196 0 0 1.64573e+06 1165.57 2.30402e+07 16315.5 0.973324 1.95857e-05 76.834 1.81682 281254 199.195 101712 192.019 430648 1305.48 813613 1258.69 0.0442763 7.57987e-05 999.972 0.0361621 0.0909091 0.28748 4.8521 0
15 2.28291e+07 13973.2 0.999617 0.000159616 6.5e+07 0.0053597 0.00331919 2.26734 0.383439 0.13134 0.000288084 0 0 1.52193e+06 931.872 2.2829e+07 13979.1 0.97522 1.63638e-05 83.0539 1.97126 278675 170.591 104857 161.04 414834 1362.48 798366 1313.67 0.0425498 7.89223e-05 999.98 0.0304921 0.0909091 0.28748 5.23606 0
16 2.26263e+07 15600.2 0.99963 0.000109003 6.5e+07 0.00576391 0.00370025 2.33712 0.357418 0.137436 0.000301122 0 0 1.41414e+06 974.859 2.26263e+07 15600.8 0.976871 1.66238e-05 89.6294 1.94889 276200 190.431 107842 181.471 400626 1255.86 784668 1210.87 0.0409793 7.09343e-05 999.978 0.0296402 0.151515 0.35855 5.62337 0
17 2.24332e+07 14638.3 0.999567 0.000143518 6.5e+07 0.00617251 0.00403463 2.43256 0.305749 0.143279 0.000291992 0 0 1.31959e+06 860.814 2.24331e+07 14629 0.978317 1.44557e-05 95.7861 1.77531 273842 178.668 110658 163.317 387829 1361.45 772330 1312.71 0.0395427 7.33498e-05 999.979 0.0349904 0.181818 0.41105 6.01368 0
18 2.22493e+07 17121.8 0.999515 0.000153894 6.5e+07 0.00658481 0.00485947 2.41975 0.356843 0.148857 0.000343309 0 0 1.23607e+06 951.531 2.22493e+07 17124.1 0.979595 1.5416e-05 101.608 1.95196 271598 208.996 113315 197.718 376320 1359.73 761234 1310.97 0.0382171 7.15033e-05 999.975 0.0328989 0.10101 0.301342 6.4068 0
19 2.20679e+07 14614.6 0.999516 0.000177258 6.5e+07 0.00700175 0.00446622 2.49389 0.34352 0.154335 0.000289511 0 0 1.16147e+06 768.627 2.20679e+07 14612.4 0.980735 1.1992e-05 107.518 2.01419 269384 178.458 115909 167.423 365734 1129.57 751027 1089.09 0.0370017 5.99139e-05 999.978 0.027225 0.040404 0.196905 6.80346 0
20 2.18976e+07 14576.7 0.999504 0.000153542 6.5e+07 0.0074213 0.00475786 2.55455 0.316075 0.159742 0.00033927 0 0 1.09488e+06 729.216 2.18975e+07 14577.6 0.981753 1.30547e-05 112.667 1.89333 267305 177.952 118362 170.373 355296 1247.75 740963 1202.96 0.0359128 6.48319e-05 999.983 0.0257823 0.111111 0.344917 7.20137 0
21 2.17335e+07 14770.5 0.999492 0.000157022 6.5e+07 0.00784413 0.00505898 2.56037 0.301992 0.164792 0.000313834 0 0 1.03492e+06 702.521 2.17334e+07 14765.8 0.982669 1.20558e-05 118.037 1.91058 265301 180.274 120686 167.59 346368 1195.68 732355 1152.74 0.0348627 5.92092e-05 999.985 0.024009 0.10101 0.301342 7.60186 0
22 2.15723e+07 16434.2 0.999433 0.000180636 6.5e+07 0.00827186 0.00616014 2.58448 0.300402 0.169808 0.000337068 0 0 980556 746.504 2.15722e+07 16432.1 0.983499 1.23334e-05 122.921 2.02605 263333 200.57 122960 188.296 337820 1185.8 724113 1143.27 0.0339005 5.62344e-05 999.984 0.0224772 0.171717 0.403029 8.00585 0
23 2.14203e+07 13839 0.999432 0.000163552 6.5e+07 0.00870099 0.00551899 2.66535 0.271941 0.17476 0.00029885 0 0 931314 601.729 2.14202e+07 13837.7 0.984251 1.03218e-05 127.448 1.73093 261478 168.991 125119 159.306 329354 1011.55 715951 975.262 0.0330274 4.87536e-05 999.986 0.022824 0.171717 0.403029 8.4098 0
24 2.12682e+07 14912 0.999411 0.000155044 6.5e+07 0.00913506 0.00587333 2.67424 0.280752 0.179551 0.000335962 0 0 886174 621.433 2.12682e+07 14915.1 0.984939 1.09886e-05 132.335 1.91582 259622 182.044 127245 174.915 321820 1030.94 708687 993.961 0.0321913 4.98598e-05 999.987 0.0201685 0.181818 0.385695 8.81817 0
25 2.11249e+07 15817.9 0.999377 0.000170572 6.5e+07 0.00957078 0.00700086 2.75475 0.284759 0.18419 0.000368341 0 0 844993 632.955 2.11248e+07 15824.8 0.985567 1.02079e-05 136.744 1.62574 257872 193.115 129254 188.442 314615 1028.89 701740 991.962 0.0314154 4.91977e-05 999.989 0.0186997 0.121212 0.326374 9.22698 0
26 2.09814e+07 13810 0.99935 0.000179268 6.5e+07 0.0100114 0.00664923 2.78011 0.228756 0.188784 0.00033418 0 0 806974 531.206 2.09813e+07 13810.7 0.986147 9.49304e-06 140.947 1.86059 256120 168.51 131248 159.198 307858 1055.36 695226 1017.56 0.0306837 4.99578e-05 999.989 0.0179832 0.111111 0.31427 9.63922 0
27 2.08471e+07 15125.4 0.999329 0.000186744 6.5e+07 0.0104522 0.00758378 2.77666 0.264914 0.193206 0.000365782 0 0 772113 560.327 2.0847e+07 15125.3 0.986677 9.54984e-06 145.35 1.7867 254481 184.683 133119 178.263 301400 1029.55 689000 992.609 0.029997 4.7822e-05 999.988 0.0173053 0.0909091 0.28748 10.0507 0
28 2.07129e+07 14759.6 0.999295 0.000202357 6.5e+07 0.0108976 0.00763813 2.80592 0.28725 0.197528 0.000359753 0 0 739743 527.129 2.07128e+07 14761 0.98717 9.13442e-06 149.46 1.68074 252842 180.182 134969 175.397 295482 947.363 683294 913.404 0.0293368 4.27569e-05 999.989 0.0172823 0.171717 0.377134 10.4657 0
29 2.05806e+07 14180.5 0.999288 0.000178333 6.5e+07 0.0113463 0.00847217 2.79624 0.333607 0.20186 0.000353247 0 0 709673 489.095 2.05805e+07 14178.3 0.987628 7.77236e-06 153.518 1.78761 251228 173.098 136793 165.447 289646 990.899 677667 955.352 0.0287291 4.29334e-05 999.988 0.0168868 0.10101 0.301342 10.8831 0
30 2.04544e+07 13928.8 0.999284 0.000189223 6.5e+07 0.0117963 0.00816237 2.86094 0.257286 0.206067 0.000357728 0 0 681810 464.037 2.04543e+07 13923.5 0.988052 7.48018e-06 157.216 1.88256 249687 170.02 138535 162.592 284058 983.412 672279 948.138 0.0281521 4.42484e-05 999.993 0.0134907 0.0909091 0.320697 11.2998 0
31 2.03271e+07 14243.8 0.999234 0.000190113 6.5e+07 0.0122514 0.00809422 2.92799 0.277146 0.210218 0.000321646 0 0 655713 459.314 2.03271e+07 14242.6 0.988449 7.42345e-06 160.981 1.7639 248134 173.83 140273 162.792 278870 916.403 667278 883.55 0.0275991 3.90233e-05 999.988 0.0167472 0.111111 0.344917 11.7215 0
32 2.02063e+07 14741.5 0.999244 0.000188436 6.5e+07 0.0127069 0.00845822 2.86016 0.237841 0.214197 0.000361361 0 0 631447 460.529 2.02063e+07 14732.6 0.988818 7.43493e-06 164.432 1.84095 246659 179.937 141923 174.486 274000 870.615 662582 839.411 0.0270708 3.95769e-05 999.991 0.0161619 0.151515 0.385695 12.1412 0
33 2.00878e+07 15357.7 0.999216 0.000169851 6.5e+07 0.0131656 0.00931263 2.93541 0.247672 0.21821 0.000344126 0 0 608721 465.297 2.00878e+07 15358.3 0.989163 7.48353e-06 167.668 1.62924 245213 187.423 143546 181.075 269076 788.998 657835 760.734 0.0265786 3.25388e-05 999.993 0.0128565 0.151515 0.385695 12.5636 0
34 1.99715e+07 14609.9 0.999223 0.000185203 6.5e+07 0.0136258 0.00947849 2.99881 0.261632 0.222161 0.000295349 0 0 587397 429.746 1.99715e+07 14612.7 0.989487 6.91573e-06 171.177 1.5382 243793 178.314 145135 163.835 264359 864.514 653287 833.539 0.0261101 3.46912e-05 999.99 0.0150192 0.0808081 0.27254 12.9869 0
35 1.98589e+07 13978.4 0.999141 0.000194487 6.5e+07 0.0140892 0.00986908 3.00895 0.233237 0.225988 0.00038499 0 0 567395 399.158 1.98588e+07 13969 0.989791 6.59095e-06 174.374 1.59225 242418 170.609 146669 166.176 259925 890.32 649011 858.386 0.0256576 3.82675e-05 999.993 0.0130546 0.111111 0.31427 13.4114 0
36 1.97432e+07 14216.7 0.999131 0.000190189 6.5e+07 0.0145577 0.0099837 2.95006 0.280985 0.229796 0.000368942 0 0 548421 394.717 1.97431e+07 14207 0.990079 6.27418e-06 177.555 1.45208 241006 173.546 148229 165.314 255810 903.776 645044 871.378 0.0252233 3.72944e-05 999.99 0.0138788 0.141414 0.348448 13.839 0
37 1.96391e+07 14828.8 0.999163 0.000219485 6.5e+07 0.015021 0.0106853 2.97734 0.24865 0.233507 0.000379973 0 0 530784 400.672 1.9639e+07 14824.8 0.990346 6.7484e-06 180.57 1.50476 239735 180.968 149654 176.296 251508 813.205 640897 784.022 0.0248177 3.38474e-05 999.992 0.0128732 0.0909091 0.28748 14.2624 0
38 1.95243e+07 15246.2 0.999124 0.000213246 6.5e+07 0.0154964 0.011282 3.01701 0.256844 0.237279 0.000397966 0 0 513796 401.089 1.95242e+07 15241.9 0.990603 6.67448e-06 183.815 1.57899 238334 186.089 151193 179.906 247669 875.152 637195 843.759 0.0244225 3.57121e-05 999.993 0.011296 0.0707071 0.256335 14.6947 0
39 1.94197e+07 13797.4 0.999122 0.000223723 6.5e+07 0.0159679 0.0107219 3.06993 0.22427 0.240864 0.000353293 0 0 497939 353.732 1.94196e+07 13801.2 0.990844 5.73255e-06 186.636 1.4401 237056 168.388 152605 162.525 243912 763.663 633573 736.331 0.0240435 3.13926e-05 999.992 0.013075 0.151515 0.385695 15.123 0
40 1.93166e+07 14137.5 0.999107 0.000217888 6.5e+07 0.0164421 0.0111344 3.07247 0.233266 0.244478 0.000321948 0 0 482913 353.567 1.93165e+07 14140.8 0.991071 5.59778e-06 189.404 1.47123 235798 172.55 153999 165.029 240115 690.281 629912 665.522 0.0236872 2.76651e-05 999.992 0.0123091 0.111111 0.31427 15.5533 0
41 1.92115e+07 15448.4 0.999099 0.000199203 6.5e+07 0.0169216 0.0123561 3.0505 0.258405 0.248013 0.000320331 0 0 468571 376.795 1.92114e+07 15449.4 0.991289 5.71628e-06 192.104 1.57275 234515 188.559 155405 174.299 236681 821.408 626602 791.947 0.0233352 2.92492e-05 999.992 0.0116769 0.111111 0.31427 15.9848 0
42 1.9113e+07 15603.3 0.999089 0.000192815 6.5e+07 0.017399 0.0128719 3.05123 0.242418 0.251485 0.000340566 0 0 455070 371.374 1.91129e+07 15607.7 0.991493 5.80087e-06 194.699 1.53927 233313 190.474 156733 180.761 233185 737.174 623231 710.714 0.0230018 2.8732e-05 999.992 0.0122178 0.222222 0.41574 16.4158 0
43 1.90116e+07 14450.1 0.999054 0.000202325 6.5e+07 0.0178827 0.0120423 3.09514 0.238727 0.255006 0.000364521 0 0 442130 335.94 1.90116e+07 14447.8 0.991689 5.77262e-06 197.275 1.57283 232075 176.392 158092 167.485 229788 795.949 619956 767.435 0.0226848 3.04141e-05 999.992 0.0119254 0.111111 0.344917 16.8492 0
44 1.89126e+07 14012.4 0.999042 0.000187151 6.5e+07 0.0183656 0.0133844 3.08494 0.226112 0.258377 0.000357588 0 0 429831 318.37 1.89126e+07 14009.2 0.991874 5.14331e-06 200.321 1.44243 230867 171.037 159411 162.979 226695 759.314 616974 732.07 0.0223711 2.90777e-05 999.993 0.0109303 0.0606061 0.238606 17.2839 0
45 1.88184e+07 13462.4 0.999043 0.000187833 6.5e+07 0.0188501 0.0123249 3.12974 0.2271 0.261748 0.000386691 0 0 418185 299.025 1.88183e+07 13455.8 0.992051 5.14047e-06 202.419 1.46843 229716 164.308 160678 158.214 223472 787.542 613866 759.244 0.02208 3.04897e-05 999.992 0.0119422 0.131313 0.337742 17.7153 0
46 1.8723e+07 15295.8 0.998997 0.000213848 6.5e+07 0.0193383 0.015954 3.13834 0.204456 0.265069 0.000340808 0 0 407021 332.639 1.8723e+07 15299.1 0.99222 5.31317e-06 204.839 1.41863 228552 186.778 161949 177.594 220469 690.723 610970 665.916 0.0217894 2.55558e-05 999.994 0.0104585 0.0808081 0.27254 18.1506 0
47 1.86309e+07 15024 0.999044 0.000203789 6.5e+07 0.019825 0.014596 3.12035 0.214865 0.268312 0.000372244 0 0 396401 319.87 1.86308e+07 15032.2 0.99238 5.29601e-06 207.302 1.39058 227428 183.455 163178 177.354 217561 683.721 608167 659.2 0.0215111 2.5979e-05 999.994 0.00995482 0.121212 0.326374 18.5838 0
48 1.8538e+07 13618.9 0.999004 0.000183184 6.5e+07 0.0203167 0.0138934 3.10753 0.210505 0.271558 0.000399172 0 0 386208 283.813 1.8538e+07 13626.5 0.992534 4.79103e-06 209.674 1.34611 226294 166.301 164413 162.138 214736 736.089 605443 709.703 0.0212434 2.66267e-05 999.995 0.0094816 0.10101 0.301342 19.0193 0
49 1.84497e+07 15797.5 0.998973 0.000218129 6.5e+07 0.0208076 0.016514 3.13832 0.239049 0.274856 0.000366721 0 0 376523 322.328 1.84496e+07 15790.5 0.99268 5.00376e-06 211.845 1.38295 225216 192.836 165601 184.467 211683 693.654 602500 668.793 0.020993 2.59583e-05 999.995 0.00844628 0.121212 0.326374 19.4545 0
50 1.83561e+07 15325.1 0.998963 0.000180536 6.5e+07 0.0213066 0.0163012 3.15758 0.202953 0.278004 0.000332261 0 0 367120 306.486 1.8356e+07 15319.4 0.992822 4.69253e-06 213.988 1.31097 224073 187.108 166833 175.154 209203 713.509 600109 687.893 0.02074 2.51705e-05 999.995 0.00946697 0.0707071 0.256335 19.8939 0
51 1.82681e+07 15451.7 0.998952 0.000211395 6.5e+07 0.0218017 0.0161766 3.16835 0.230255 0.281159 0.000375034 0 0 358198 303.03 1.82681e+07 15450.8 0.992956 4.84147e-06 216.26 1.32308 223000 188.618 168001 179.615 206532 719.775 597533 693.91 0.0205001 2.43736e-05 999.993 0.0107668 0.10101 0.301342 20.3299 0
52 1.81799e+07 13678.5 0.998935 0.000215941 6.5e+07 0.0223009 0.0145916 3.10256 0.206417 0.284277 0.000442682 0 0 349613 262.875 1.81799e+07 13671.3 0.993085 4.0908e-06 218.439 1.27392 221923 166.909 169170 163.924 203996 766.274 595089 738.764 0.0202647 2.65151e-05 999.994 0.00881158 0.0909091 0.28748 20.7679 0
53 1.8094e+07 13767 0.998924 0.000195538 6.5e+07 0.0228 0.0162161 3.15647 0.222769 0.2874 0.000364564 0 0 341396 259.614 1.8094e+07 13770.1 0.993209 3.94917e-06 220.489 1.50042 220875 168.012 170310 160.484 201405 679.254 592591 654.916 0.0200425 2.29648e-05 999.996 0.00809253 0.111111 0.31427 21.205 0
54 1.80065e+07 12563.1 0.998911 0.000192324 6.5e+07 0.0233058 0.0151353 3.16124 0.236542 0.290434 0.000375498 0 0 333452 232.679 1.80064e+07 12564.9 0.993329 4.05097e-06 222.258 1.20033 219806 153.354 171462 146.98 199098 693.044 590366 668.148 0.0198181 2.50232e-05 999.994 0.00953701 0.0909091 0.28748 21.6441 0
55 1.79223e+07 15684.8 0.998849 0.000228422 6.5e+07 0.0238075 0.0179302 3.1787 0.225911 0.293498 0.000359898 0 0 325859 285.029 1.79222e+07 15681.7 0.993443 4.33763e-06 224.619 1.28185 218778 191.436 172578 180.298 196648 705.73 588003 680.436 0.0196085 2.52385e-05 999.994 0.00873106 0.0808081 0.27254 22.083 0
56 1.78427e+07 13675 0.998885 0.000205801 6.5e+07 0.0243086 0.0167384 3.17983 0.214829 0.296427 0.000327201 0 0 318618 244.097 1.78426e+07 13666.9 0.993553 3.5965e-06 226.275 1.17721 217806 166.907 173634 159.954 194316 564.035 585756 543.825 0.019401 2.00085e-05 999.994 0.00886259 0.0909091 0.28748 22.5165 0
57 1.77586e+07 13731.8 0.998904 0.000213639 6.5e+07 0.0248157 0.0176051 3.21318 0.20957 0.299424 0.000449422 0 0 311553 240.905 1.77585e+07 13732.3 0.993659 3.84837e-06 228.238 1.26004 216779 167.661 174741 164.982 192069 722.373 583589 696.423 0.0192011 2.54439e-05 999.994 0.00869644 0.131313 0.337742 22.9549 0
58 1.76785e+07 16014.3 0.998809 0.000247613 6.5e+07 0.0253236 0.0195708 3.25967 0.182166 0.302402 0.000421274 0 0 304801 276.138 1.76785e+07 16017.5 0.99376 4.11765e-06 230.087 1.29171 215802 195.46 175801 189.237 189747 675.633 581350 651.393 0.0190098 2.32699e-05 999.995 0.00817778 0.121212 0.326374 23.3943 0
59 1.75966e+07 15202.4 0.998847 0.000234946 6.5e+07 0.0258338 0.0192124 3.22958 0.211835 0.305348 0.000408553 0 0 298246 257.664 1.75965e+07 15210.1 0.993859 4.12851e-06 231.895 1.21556 214802 185.56 176879 180.482 187589 631.296 579269 608.696 0.0188203 2.27886e-05 999.995 0.008863 0.0909091 0.28748 23.8313 0
60 1.75212e+07 14953 0.998839 0.000200964 6.5e+07 0.0263385 0.0197112 3.16263 0.206911 0.308127 0.000348991 0 0 292019 249.182 1.75211e+07 14957.4 0.993952 4.1141e-06 233.781 1.16999 213881 182.471 177873 175.526 185518 554.677 577273 534.789 0.0186364 1.86746e-05 999.996 0.00773297 0.0808081 0.27254 24.2657 0
61 1.74361e+07 16405.7 0.998809 0.00025239 6.5e+07 0.0268598 0.0215472 3.22272 0.19741 0.311068 0.000330686 0 0 285836 269.158 1.7436e+07 16414.5 0.994045 4.14545e-06 235.575 1.18938 212843 200.329 178983 188.501 183556 624.405 575381 602.067 0.018456 2.01216e-05 999.995 0.00831479 0.0808081 0.27254 24.7094 0
62 1.73599e+07 17214 0.998817 0.000232775 6.5e+07 0.0273708 0.0234759 3.21033 0.220209 0.313944 0.000390241 0 0 279998 277.83 1.73598e+07 17225.3 0.994133 4.22589e-06 237.285 1.25956 211913 210.207 179989 201.676 181414 616.919 573316 594.824 0.018285 2.03592e-05 999.995 0.00755631 0.161616 0.368098 25.1452 0
63 1.72817e+07 15198.3 0.998771 0.000202534 6.5e+07 0.0278882 0.020515 3.20314 0.215784 0.316749 0.000356133 0 0 274312 241.191 1.72817e+07 15200.8 0.994218 3.56264e-06 238.953 1.2018 210958 185.51 181012 176.861 179500 595.085 571471 573.754 0.0181141 2.02399e-05 999.996 0.00665184 0.0909091 0.28748 25.5837 0
64 1.7206e+07 15583.1 0.998801 0.000217271 6.5e+07 0.0284027 0.0232413 3.25473 0.179304 0.319573 0.000395313 0 0 268844 243.577 1.7206e+07 15587.3 0.9943 4.04167e-06 240.569 1.28272 210035 190.245 182008 185.164 177492 556.025 569535 536.049 0.0179509 1.97452e-05 999.995 0.00813478 0.131313 0.337742 26.0205 0
65 1.71307e+07 15747.1 0.998767 0.000231524 6.5e+07 0.0289191 0.0212179 3.21834 0.221845 0.322245 0.00031499 0 0 263548 242.269 1.71306e+07 15748 0.994379 3.74226e-06 242.421 1.13224 209115 192.245 182990 180.971 175756 574.061 567861 553.458 0.0177871 1.72638e-05 999.996 0.00668043 0.151515 0.35855 26.4569 0
66 1.70566e+07 15506.1 0.998765 0.000224059 6.5e+07 0.0294399 0.0225611 3.2285 0.188551 0.325084 0.000382522 0 0 258433 234.93 1.70566e+07 15503.5 0.994457 3.78679e-06 243.659 1.06246 208211 189.318 183967 181.817 173728 590.241 565905 569.098 0.0176363 1.9407e-05 999.995 0.00721569 0.131313 0.337742 26.8926 0
67 1.69808e+07 15696.8 0.998792 0.000197972 6.5e+07 0.029961 0.0222947 3.28675 0.219135 0.327867 0.000407681 0 0 253444 234.41 1.69808e+07 15704.6 0.994531 3.69832e-06 245.294 1.18932 207285 191.67 184958 184.87 171883 608.447 564127 586.679 0.0174849 2.02639e-05 999.996 0.00693668 0.0909091 0.28748 27.3305 0
68 1.69073e+07 12402.1 0.998706 0.000237042 6.5e+07 0.0304815 0.0216452 3.2751 0.203269 0.330568 0.000388786 0 0 248636 182.324 1.69073e+07 12402.1 0.994603 3.12401e-06 247.143 1.13051 206388 151.396 185919 146.776 170116 583.572 562423 562.664 0.0173351 1.91271e-05 999.994 0.00756833 0.0909091 0.28748 27.7655 0
69 1.68363e+07 14226.5 0.998733 0.000199748 6.5e+07 0.0310048 0.0207116 3.24726 0.194265 0.333163 0.000424055 0 0 244004 205.975 1.68363e+07 14213.1 0.994673 3.08906e-06 248.263 1.10402 205521 173.664 186845 171.331 168456 548.028 560823 528.387 0.0171883 1.79482e-05 999.996 0.00658287 0.0808081 0.27254 28.1982 0
70 1.67609e+07 15775.6 0.998681 0.000232157 6.5e+07 0.0315323 0.024259 3.26926 0.208472 0.335967 0.000398268 0 0 239441 225.367 1.67608e+07 15781.6 0.994741 3.57678e-06 250.041 1.32008 204601 192.603 187831 185.692 166644 574.622 559075 554.026 0.0170506 1.70672e-05 999.996 0.00754111 0.0808081 0.27254 28.6387 0
