#1 Nodes,                 #2 AvgThroughput,               #4 totalBKThroughput, 
#6 totalBEThroughput,       #8 totalVIThroughput,           #10 totalVOThroughput,
#12 totalCollisions,        #14 totalBKCollisions,          #16 totalBECollisions,
#18 totalVICollisions,      #20 TotalVOCollisions,          #22 totalInternalCollisions,    
#24 totalBKIntCol,          #26 totalBEIntCol,              #28 totalVIIntCol,
#30 totalVOIntCol,          #32 overallFairness,            #34 BKFairness,
#36 BEFairness,             #38 VIFairness,                 #40 VOFairness,
#42 avgTimeBtSxTxBK,        #44 avgTimeBtSxTxBE,            #46 avgTimeBtSxTxVI,
#48 avgTimeBtSxTxVO,        #50 qEmptyBK,                   #52 qEmptyBE,
#54 qEmptyVI,               #56 qEmptyVO                    #58 totalDropped,
#60 droppedBK,              #62 droppedBE                   #64 droppedVI,
#66 droppedVO               #68 channelErrors               #70 stickiness
#72 totalThroughputUnsat    #74 totalThroughputSat          #76 totalThroughputEDCA
#78 totalBKthroughputEDCA   #80 totalBEthroughputEDCA       #82 totalVIthroughputEDCA
#84 totalVOthroughputEDCA   #86 totalThroughputECA          #88 totalBKthroughputECA
#90 totalBEthroughputECA    #92 totalVIthroughputECA        #94 totalVOthroughputECA
#96 avgTimeBtSxTxBkEDCA     #98 avgTimeBtSxTxBeEDCA         #100 avgTimeBtSxTxViEDCA
#102 avgTimeBtSxTxVoEDCA    #104 avgTimeBtSxTxBkECA         #106 avgTimeBtSxTxBeECA
#108 avgTimeBtSxTxViECA     #110 avgTimeBtSxTxVoECA         #112 BKCollisionsEDCA
#114 BECollisionsEDCA       #116 VICollisionsEDCA           #118 VOCollisionsEDCA
#120 BKCollisionsECA        #122 BECollisionsECA            #124 VICollisionsECA
#126 VOCollisionsEDCA       #128 lastCollision              #130 avgQueuingDelayBK
#132 avgQueuingDelayBE      #134 avgQueuingDelayVI          #136 avgQueuingDelayVO
5 22594400 6800 22594400 6800 0 0 0 0 0 0 77647 20 0.317128 3.40000000000062e-05 0 0 0 0 0 0 0 0 0 0 0 0 0 0 0 0 0.9999575 1.84999999999769e-05 0.9999575 1.84999999999769e-05 0 0 0 0 0 0 0.00181291 5.80000000000025e-07 0 0 0 0 0 0 0 0 0 0 0 0 0 0 326.5 14.5 326.5 14.5 0 0 0 0 0 0 0.1 0 0 0 0 0 22594400 6800 22594400 6800 22594400 6800 0 0 0 0 0 0 0 0 0 0 0 0 0 0 0 0 0.00181291 5.80000000000025e-07 0 0 0 0 0 0 0 0 0 0 0 0 0 0 0.317128 3.40000000000062e-05 0 0 0 0 0 0 0 0 0 0 0 0 0 0 99.9995 0.00010000000000332 1.793985 0.000485000000000069 0 0 0 0 0 0 
10 21210000 12100 21210000 12100 0 0 0 0 0 0 105030 132 0.425848 0.000435999999999992 0 0 0 0 0 0 0 0 0 0 0 0 0 0 0 0 0.9998805 2.94999999999601e-05 0.9998805 2.94999999999601e-05 0 0 0 0 0 0 0.00386279 2.10000000000011e-06 0 0 0 0 0 0 0 0 0 0 0 0 0 0 1687 17 1687 17 0 0 0 0 0 0 0.1 0 0 0 0 0 21210000 12100 21210000 12100 21210000 12100 0 0 0 0 0 0 0 0 0 0 0 0 0 0 0 0 0.00386279 2.10000000000011e-06 0 0 0 0 0 0 0 0 0 0 0 0 0 0 0.425848 0.000435999999999992 0 0 0 0 0 0 0 0 0 0 0 0 0 0 99.99925 0.000149999999997874 3.763185 0.00193500000000002 0 0 0 0 0 0 
15 20111500 36300 20111500 36300 0 0 0 0 0 0 122771.5 407.5 0.4906025 0.000924499999999995 0 0 0 0 0 0 0 0 0 0 0 0 0 0 0 0 0.999723 1.2000000000012e-05 0.999723 1.2000000000012e-05 0 0 0 0 0 0 0.006111645 1.1105e-05 0 0 0 0 0 0 0 0 0 0 0 0 0 0 3725 13 3725 13 0 0 0 0 0 0 0.1 0 0 0 0 0 20111500 36300 20111500 36300 20111500 36300 0 0 0 0 0 0 0 0 0 0 0 0 0 0 0 0 0.006111645 1.1105e-05 0 0 0 0 0 0 0 0 0 0 0 0 0 0 0.4906025 0.000924499999999995 0 0 0 0 0 0 0 0 0 0 0 0 0 0 99.9997 0.000199999999999534 5.837815 0.0103049999999998 0 0 0 0 0 0 
20 19173250 7450 19173250 7450 0 0 0 0 0 0 136722.5 32.5 0.5387555 8.25000000000409e-05 0 0 0 0 0 0 0 0 0 0 0 0 0 0 0 0 0.9996895 0.000130500000000033 0.9996895 0.000130500000000033 0 0 0 0 0 0 0.00854789 4.40999999999983e-06 0 0 0 0 0 0 0 0 0 0 0 0 0 0 6198.5 51.5 6198.5 51.5 0 0 0 0 0 0 0.1 0 0 0 0 0 19173250 7450 19173250 7450 19173250 7450 0 0 0 0 0 0 0 0 0 0 0 0 0 0 0 0 0.00854789 4.40999999999983e-06 0 0 0 0 0 0 0 0 0 0 0 0 0 0 0.5387555 8.25000000000409e-05 0 0 0 0 0 0 0 0 0 0 0 0 0 0 99.99895 0.00104999999999933 7.978405 0.0027149999999998 0 0 0 0 0 0 
25 18376900 8500 18376900 8500 0 0 0 0 0 0 148212 85 0.5756885 5.24999999999554e-05 0 0 0 0 0 0 0 0 0 0 0 0 0 0 0 0 0.999582 0.000112000000000001 0.999582 0.000112000000000001 0 0 0 0 0 0 0.0111491 6.40000000000016e-06 0 0 0 0 0 0 0 0 0 0 0 0 0 0 8834.5 39.5 8834.5 39.5 0 0 0 0 0 0 0.1 0 0 0 0 0 18376900 8500 18376900 8500 18376900 8500 0 0 0 0 0 0 0 0 0 0 0 0 0 0 0 0 0.0111491 6.40000000000016e-06 0 0 0 0 0 0 0 0 0 0 0 0 0 0 0.5756885 5.24999999999554e-05 0 0 0 0 0 0 0 0 0 0 0 0 0 0 99.99865 0.000250000000001194 10.14685 0.00514999999999954 0 0 0 0 0 0 
30 17645850 2350 17645850 2350 0 0 0 0 0 0 158416 36 0.607523 0.000122000000000011 0 0 0 0 0 0 0 0 0 0 0 0 0 0 0 0 0.9995955 2.95000000000156e-05 0.9995955 2.95000000000156e-05 0 0 0 0 0 0 0.01393295 1.45000000000006e-06 0 0 0 0 0 0 0 0 0 0 0 0 0 0 11779 76 11779 76 0 0 0 0 0 0 0.1 0 0 0 0 0 17645850 2350 17645850 2350 17645850 2350 0 0 0 0 0 0 0 0 0 0 0 0 0 0 0 0 0.01393295 1.45000000000006e-06 0 0 0 0 0 0 0 0 0 0 0 0 0 0 0.607523 0.000122000000000011 0 0 0 0 0 0 0 0 0 0 0 0 0 0 99.99985 5.00000000016598e-05 12.3341 0.0022000000000002 0 0 0 0 0 0 
35 16986700 500 16986700 500 0 0 0 0 0 0 167448 9 0.6342655 6.65000000000249e-05 0 0 0 0 0 0 0 0 0 0 0 0 0 0 0 0 0.9994665 8.50000000002238e-06 0.9994665 8.50000000002238e-06 0 0 0 0 0 0 0.01688805 3.50000000001391e-07 0 0 0 0 0 0 0 0 0 0 0 0 0 0 14767 23 14767 23 0 0 0 0 0 0 0.1 0 0 0 0 0 16986700 500 16986700 500 16986700 500 0 0 0 0 0 0 0 0 0 0 0 0 0 0 0 0 0.01688805 3.50000000001391e-07 0 0 0 0 0 0 0 0 0 0 0 0 0 0 0.6342655 6.65000000000249e-05 0 0 0 0 0 0 0 0 0 0 0 0 0 0 99.99855 0.000250000000001194 14.5162 0.000799999999999912 0 0 0 0 0 0 
40 16389100 5800 16389100 5800 0 0 0 0 0 0 175551.5 49.5 0.657709 6.89999999999857e-05 0 0 0 0 0 0 0 0 0 0 0 0 0 0 0 0 0.999233 5.60000000000005e-05 0.999233 5.60000000000005e-05 0 0 0 0 0 0 0.0200088 5.89999999999966e-06 0 0 0 0 0 0 0 0 0 0 0 0 0 0 18000 28 18000 28 0 0 0 0 0 0 0.1 0 0 0 0 0 16389100 5800 16389100 5800 16389100 5800 0 0 0 0 0 0 0 0 0 0 0 0 0 0 0 0 0.0200088 5.89999999999966e-06 0 0 0 0 0 0 0 0 0 0 0 0 0 0 0.657709 6.89999999999857e-05 0 0 0 0 0 0 0 0 0 0 0 0 0 0 99.99925 0.000450000000000728 16.66145 0.00014999999999965 0 0 0 0 0 0 
45 15819950 7950 15819950 7950 0 0 0 0 0 0 183168.5 102.5 0.678829 6.000000000006e-06 0 0 0 0 0 0 0 0 0 0 0 0 0 0 0 0 0.9992775 0.000177499999999997 0.9992775 0.000177499999999997 0 0 0 0 0 0 0.02331895 1.61500000000012e-05 0 0 0 0 0 0 0 0 0 0 0 0 0 0 21288 40 21288 40 0 0 0 0 0 0 0.1 0 0 0 0 0 15819950 7950 15819950 7950 15819950 7950 0 0 0 0 0 0 0 0 0 0 0 0 0 0 0 0 0.02331895 1.61500000000012e-05 0 0 0 0 0 0 0 0 0 0 0 0 0 0 0.678829 6.000000000006e-06 0 0 0 0 0 0 0 0 0 0 0 0 0 0 99.99965 0.000149999999997874 18.7838 0.0109999999999992 0 0 0 0 0 0 
50 15275500 15800 15275500 15800 0 0 0 0 0 0 190388 186 0.698045 0.000520999999999994 0 0 0 0 0 0 0 0 0 0 0 0 0 0 0 0 0.9993825 0.000124500000000027 0.9993825 0.000124500000000027 0 0 0 0 0 0 0.0268309 3.09999999999998e-05 0 0 0 0 0 0 0 0 0 0 0 0 0 0 24852.5 147.5 24852.5 147.5 0 0 0 0 0 0 0.1 0 0 0 0 0 15275500 15800 15275500 15800 15275500 15800 0 0 0 0 0 0 0 0 0 0 0 0 0 0 0 0 0.0268309 3.09999999999998e-05 0 0 0 0 0 0 0 0 0 0 0 0 0 0 0.698045 0.000520999999999994 0 0 0 0 0 0 0 0 0 0 0 0 0 0 99.9998 9.99999999962142e-05 20.85965 0.00605000000000011 0 0 0 0 0 0 
55 14801550 5450 14801550 5450 0 0 0 0 0 0 196699 50 0.7147125 0.000173499999999993 0 0 0 0 0 0 0 0 0 0 0 0 0 0 0 0 0.9992885 1.95000000000056e-05 0.9992885 1.95000000000056e-05 0 0 0 0 0 0 0.0304615 1.16999999999999e-05 0 0 0 0 0 0 0 0 0 0 0 0 0 0 28271.5 89.5 28271.5 89.5 0 0 0 0 0 0 0.1 0 0 0 0 0 14801550 5450 14801550 5450 14801550 5450 0 0 0 0 0 0 0 0 0 0 0 0 0 0 0 0 0.0304615 1.16999999999999e-05 0 0 0 0 0 0 0 0 0 0 0 0 0 0 0.7147125 0.000173499999999993 0 0 0 0 0 0 0 0 0 0 0 0 0 0 99.99985 0.000149999999997874 22.8624 0.0022000000000002 0 0 0 0 0 0 
60 14304700 36400 14304700 36400 0 0 0 0 0 0 203193 417 0.7306715 0.00066949999999999 0 0 0 0 0 0 0 0 0 0 0 0 0 0 0 0 0.999044 9.69999999999582e-05 0.999044 9.69999999999582e-05 0 0 0 0 0 0 0.034393 8.38999999999979e-05 0 0 0 0 0 0 0 0 0 0 0 0 0 0 31689 169 31689 169 0 0 0 0 0 0 0.1 0 0 0 0 0 14304700 36400 14304700 36400 14304700 36400 0 0 0 0 0 0 0 0 0 0 0 0 0 0 0 0 0.034393 8.38999999999979e-05 0 0 0 0 0 0 0 0 0 0 0 0 0 0 0.7306715 0.00066949999999999 0 0 0 0 0 0 0 0 0 0 0 0 0 0 99.9997 0.000300000000002854 24.8543 0.0297999999999998 0 0 0 0 0 0 
65 13842350 2450 13842350 2450 0 0 0 0 0 0 209253 18 0.7455505 0.000188500000000036 0 0 0 0 0 0 0 0 0 0 0 0 0 0 0 0 0.998987 0.000192999999999999 0.998987 0.000192999999999999 0 0 0 0 0 0 0.03850645 1.45499999999986e-05 0 0 0 0 0 0 0 0 0 0 0 0 0 0 35464.5 43.5 35464.5 43.5 0 0 0 0 0 0 0.1 0 0 0 0 0 13842350 2450 13842350 2450 13842350 2450 0 0 0 0 0 0 0 0 0 0 0 0 0 0 0 0 0.03850645 1.45499999999986e-05 0 0 0 0 0 0 0 0 0 0 0 0 0 0 0.7455505 0.000188500000000036 0 0 0 0 0 0 0 0 0 0 0 0 0 0 99.99945 0.000149999999997874 26.73805 0.00865000000000116 0 0 0 0 0 0 
70 13409200 9500 13409200 9500 0 0 0 0 0 0 214862.5 131.5 0.759145 0.000105999999999995 0 0 0 0 0 0 0 0 0 0 0 0 0 0 0 0 0.999036 1.69999999999892e-05 0.999036 1.69999999999892e-05 0 0 0 0 0 0 0.0428057 2.99999999999988e-05 0 0 0 0 0 0 0 0 0 0 0 0 0 0 39064.5 78.5 39064.5 78.5 0 0 0 0 0 0 0.1 0 0 0 0 0 13409200 9500 13409200 9500 13409200 9500 0 0 0 0 0 0 0 0 0 0 0 0 0 0 0 0 0.0428057 2.99999999999988e-05 0 0 0 0 0 0 0 0 0 0 0 0 0 0 0.759145 0.000105999999999995 0 0 0 0 0 0 0 0 0 0 0 0 0 0 99.99985 5.00000000016598e-05 28.5612 0.0185999999999993 0 0 0 0 0 0 
