#1-sta 2-avgThroughput 3-stdThroughput 4-JFI 5-stdJFI 6-Bandwidth 7-avgDelay 8-stdDelay 9-avgBackoffStage 10-stdBackoffStage 11-totalFractionOfCollisionSlots 12.stdCollidingSlots 13.avgThroughputDCF 14. stdThroughputDCF 15.avgThroughputECA 16.stdThroughputECA 17.Sum of 15 and 16 18. std of 17 19. AvgBlockingProb 20. StdBlockingProb 21. AvgDroppedPackets 22.StdDropped 23.SxSlots 24.stdSxSlots 25.ColSlots 26.StdColSlots 27.EmptySlots 28.stdEmpty 29.totalSlots 30.stdTotalSlots 31.averageTAU 32.stdTAU 33.avgQSize 34.stdQSize 35.avgQEmpty 36.stdQEmpty 37. avgQDelay 38. stdQDelay
2 1.9424e+06 9655.85 0.999968 4.38759e-05 1e+06 0.000251741 3.70222e-07 0 0 1.31261e-06 3.88002e-07 0 0 1.0009e+06 5110.25 2.0018e+06 10219.5 0 0 0 0 23686.2 117.945 13.7475 4.06349 1.04498e+07 3294.5 1.04735e+07 3174.9 0.00113208 6.00253e-06 0.0555556 0.157135 23686.1 117.912 0.000256114 0
3 2.9114e+06 11335.2 0.999937 6.13081e-05 1e+06 0.000253378 5.0012e-07 0 0 7.01704e-06 9.20069e-07 0 0 1.0002e+06 4075.29 3.00059e+06 12225.6 0 0 0 0 35480 137.673 71.2525 9.33803 1.01187e+07 3880.31 1.01543e+07 3746.69 0.00116938 5.04543e-06 0.026936 0.0908466 35479.9 137.709 0.000261448 0
4 3.88135e+06 14025.3 0.999935 4.5779e-05 1e+06 0.000256238 5.36048e-07 0 0 2.12801e-05 1.41223e-06 0 0 1.00002e+06 3721.68 4.0001e+06 14888.1 0 0 0 0 47262.3 170.654 209.242 13.8506 9.78543e+06 4880.88 9.8329e+06 4705.95 0.00121232 5.15672e-06 0.0353535 0.10666 47262.2 170.646 0.000268127 0
5 4.85294e+06 17769.1 0.999937 4.66515e-05 1e+06 0.000260252 7.90952e-07 0 0 4.72287e-05 2.6443e-06 0 0 1.00026e+06 3805.73 5.00131e+06 19027.3 0 0 0 0 59037.6 216.182 449.071 25.0725 9.44903e+06 6174.42 9.50852e+06 5953.53 0.00126082 5.59046e-06 0.0343434 0.102653 59037.4 216.194 0.000276001 0
6 5.82183e+06 21096.9 0.999928 4.38945e-05 1e+06 0.00026555 8.46083e-07 0.003367 0.0333316 8.91007e-05 3.1431e-06 0 0 1.00001e+06 3633.03 6.00006e+06 21797.1 0 0 0 0 70744.8 252.821 818.111 28.6624 9.11039e+06 7327.45 9.18195e+06 7068.2 0.00131421 5.90603e-06 0.0404041 0.0823713 70744.6 252.816 0.000285274 0
7 6.79311e+06 21482.1 0.99993 4.02656e-05 1e+06 0.000272434 1.16057e-06 0 0 0.0001528 4.96835e-06 0 0 1.00013e+06 3228.2 7.00093e+06 22599.3 0 0 0 0 82444.1 260.892 1352.34 43.4407 8.76677e+06 7775.62 8.85056e+06 7498.66 0.00137515 6.0123e-06 0.021645 0.0550992 82443.9 260.851 0.00029627 0
8 7.76323e+06 24052.2 0.999932 3.56351e-05 1e+06 0.000281256 1.17191e-06 0.00126263 0.0124994 0.000244931 5.65387e-06 0 0 1.00004e+06 3142.64 8.0003e+06 25140.4 0 0 0 0 94074.4 287.826 2085.52 47.1369 8.41865e+06 8649.11 8.51481e+06 8342.51 0.00144365 6.31202e-06 0.0391414 0.0724884 94074.2 287.773 0.000309399 0
9 8.73425e+06 26281.7 0.99993 3.14611e-05 1e+06 0.000291833 1.56588e-06 0.003367 0.0247423 0.000369405 8.28589e-06 0 0 1.00011e+06 3106.73 9.00099e+06 27961.2 0 0 0 0 105662 307.644 3019.44 65.8163 8.06525e+06 9616.82 8.17393e+06 9280.77 0.00152067 6.82438e-06 0.0415263 0.0662272 105661 307.564 0.000324457 0
10 9.70544e+06 28251.9 0.999929 3.11172e-05 1e+06 0.000305074 1.7105e-06 0.00606061 0.0311989 0.000539162 9.96185e-06 0 0 1.00015e+06 2948.91 1.00015e+07 29489.1 0 0 0 0 117167 330.14 4219.84 74.7836 7.70538e+06 10423.3 7.82677e+06 10058.3 0.00160837 7.35441e-06 0.0393939 0.0736058 117166 330.13 0.00034245 0
11 1.06759e+07 28694.7 0.99993 3.0192e-05 1e+06 0.000320912 1.99737e-06 0.0156106 0.0563822 0.000759937 1.28421e-05 0 0 1.00011e+06 2747.54 1.10012e+07 30222.8 0 0 0 0 128582 337.236 5679.47 91.5842 7.33945e+06 10688.8 7.47371e+06 10315.1 0.00170751 7.60016e-06 0.0541781 0.0826548 128582 337.174 0.000363426 0
12 1.16477e+07 28919.4 0.999928 3.30235e-05 1e+06 0.000340132 2.27934e-06 0.0159933 0.0634281 0.00104717 1.72099e-05 0 0 1.00017e+06 2531.97 1.2002e+07 30382.2 0 0 0 0 139892 330.593 7448.56 113.521 6.96584e+06 11607.4 7.11318e+06 11206.7 0.00182105 8.65791e-06 0.0513468 0.0736905 139892 330.542 0.000388181 0
13 1.26186e+07 29374.7 0.999922 3.03774e-05 1e+06 0.000363648 2.50818e-06 0.016317 0.0549642 0.00141767 1.80298e-05 0 0 1.00011e+06 2335.03 1.30015e+07 30357.8 0 0 0 0 151049 317.848 9562.35 109.924 6.58461e+06 11429.2 6.74522e+06 11045.2 0.00195158 8.62119e-06 0.05439 0.0862645 151049 317.83 0.000417887 0
14 1.35895e+07 29323.9 0.999927 2.88515e-05 1e+06 0.000392347 3.13084e-06 0.02886 0.0759189 0.00189613 2.23187e-05 0 0 1.0001e+06 2235.92 1.40014e+07 31307.9 0 0 0 0 162049 328.094 12074.5 125.808 6.19395e+06 11803 6.36807e+06 11403.6 0.00210352 9.52777e-06 0.0663781 0.0920755 162049 328.008 0.000453466 0
15 1.45614e+07 31976.6 0.999925 2.62533e-05 1e+06 0.000427116 4.02867e-06 0.0094276 0.0367111 0.00250173 3.07705e-05 0 0 1.00012e+06 2223.26 1.50018e+07 33346.8 0 0 0 0 172836 339.899 14966.8 157.173 5.79492e+06 13379.3 5.98272e+06 12934.6 0.00228011 1.1511e-05 0.0397306 0.052689 172836 339.853 0.000496497 0
16 1.55312e+07 33429.1 0.999926 2.62567e-05 1e+06 0.000469451 4.65811e-06 0.0214646 0.0576814 0.00327769 4.13876e-05 0 0 1.00001e+06 2195.14 1.60002e+07 35123.7 0 0 0.00126263 0.0124994 183347 351.993 18316.2 193.216 5.38664e+06 14451.2 5.5883e+06 13975.2 0.00248811 1.36253e-05 0.0637626 0.07378 183347 351.907 0.000548259 0
17 1.6502e+07 34325.1 0.999925 2.81447e-05 1e+06 0.000522207 5.71627e-06 0.0404041 0.0910702 0.00427146 4.98567e-05 0 0 999896 2066.24 1.69982e+07 35120.4 0 0 0.00594177 0.0422158 193504 344.352 22143.4 204.314 4.96853e+06 14994.7 5.18417e+06 14510.9 0.00273541 1.55159e-05 0.0742721 0.102257 193503 344.33 0.000613295 0
18 1.74757e+07 33208 0.999926 2.45363e-05 1e+06 0.000588535 6.90941e-06 0.043771 0.0928524 0.00556963 5.84668e-05 0 0 999973 1973.38 1.79995e+07 35521.8 0 0 0.00392817 0.0298106 203229 327.1 26555 212.202 4.53816e+06 14359.5 4.76795e+06 13908.4 0.0030368 1.66755e-05 0.0847363 0.112045 203228 327.1 0.00069549 0
19 1.84498e+07 34519.6 0.999928 2.46173e-05 1e+06 0.000673229 9.90772e-06 0.0446571 0.0827503 0.00727348 9.17504e-05 0 0 1.00001e+06 1911.15 1.90003e+07 36307.8 0 0 0.0111643 0.0514338 212386 311.618 31569.3 287.524 4.09657e+06 16824.6 4.34053e+06 16321.3 0.00340831 2.28773e-05 0.086656 0.0789254 212385 311.587 0.000801886 0
20 1.94242e+07 34756 0.999922 2.63135e-05 1e+06 0.000782251 1.11257e-05 0.1 0.176383 0.00953443 0.000107262 0 0 999997 1850.85 1.99999e+07 37020 0 0 0.0282828 0.0779023 220689 316.577 37219.8 282.935 3.64599e+06 16153 3.9039e+06 15675.2 0.00387125 2.57008e-05 0.128788 0.160977 220688 316.549 0.000942605 0
21 2.04005e+07 36273.5 0.999919 2.85723e-05 1e+06 0.000926853 1.38337e-05 0.108706 0.158158 0.0126179 0.000148 0 0 1.00001e+06 1785.7 2.10003e+07 37504.7 0 0 0.126503 0.194776 227944 293.192 43603.6 312.769 3.18433e+06 17332.5 3.45588e+06 16851.5 0.00446705 3.36206e-05 0.132275 0.141091 227943 293.126 0.00113571 0
22 2.13755e+07 35590.2 0.99992 2.3601e-05 1e+06 0.00111922 1.9885e-05 0.147842 0.210971 0.016853 0.000211084 0 0 999934 1723.9 2.19986e+07 37923.5 0 0 0.405418 0.344883 233703 298.129 50615.6 354.755 2.71925e+06 17879.1 3.00357e+06 17399 0.00524111 4.41652e-05 0.168962 0.200596 233703 298.091 0.00140525 0
23 2.23518e+07 35279.9 0.999917 2.55191e-05 1e+06 0.00137999 2.594e-05 0.193676 0.208402 0.0228263 0.000260942 0 0 999822 1624.86 2.29959e+07 37371.3 0 0 1.26263 0.77636 237530 283.291 58212.2 323.828 2.25465e+06 16030 2.5504e+06 15665.6 0.00627616 5.19334e-05 0.219148 0.182791 237529 283.292 0.00179583 0
24 2.33316e+07 38061 0.999918 2.47594e-05 1e+06 0.00174531 3.99006e-05 0.239478 0.25523 0.0314194 0.000423785 0 0 999650 1645.93 2.39916e+07 39504.5 0 0 3.7803 1.37378 238583 311.979 66179.1 373.228 1.80177e+06 17246.7 2.10654e+06 16948.7 0.00768541 7.6913e-05 0.246633 0.237457 238583 311.958 0.00239059 0
25 2.43022e+07 39462.8 0.999919 2.20318e-05 1e+06 0.0022512 5.58738e-05 0.443636 0.32377 0.04377 0.000612851 0 0 999080 1658.65 2.4977e+07 41466.5 0 0 11.1172 2.17978 236298 372.989 74018.6 350.012 1.38099e+06 16408.1 1.6913e+06 16204.8 0.00959828 0.000107911 0.454545 0.331288 236298 372.968 0.00330329 0
26 2.5252e+07 39324.1 0.999923 2.41782e-05 1e+06 0.00295577 8.61136e-05 0.556332 0.329878 0.0610073 0.00084781 0 0 997432 1582.8 2.59332e+07 41153.4 0 0 30.6403 4.17284 229999 455.527 80944 308.071 1.01604e+06 13806.8 1.32698e+06 13789.7 0.0121079 0.000138662 0.576534 0.359119 229999 455.492 0.00474415 0
27 2.61501e+07 39582.5 0.999915 2.27695e-05 1e+06 0.00388944 0.000131079 0.657314 0.392717 0.0824621 0.00110199 0 0 993823 1543.95 2.68332e+07 41684.2 0 0 74.205 5.68424 220104 633.517 85869.6 258.218 735497 11011.4 1.04147e+06 11240.9 0.0150067 0.000166723 0.778152 0.475429 220103 633.625 0.00691484 0
28 2.69667e+07 40764.3 0.999904 2.64202e-05 1e+06 0.00507253 0.000171427 0.869408 0.418661 0.10512 0.00095252 0 0 987500 1507.43 2.765e+07 42212.3 0 0 151.197 7.84215 207530 644.161 88379.6 183.994 544904 6585.26 840813 6975.85 0.017762 0.000139511 1.07864 0.554887 207528 644.21 0.00999107 0
29 2.76967e+07 44292.2 0.999889 3.00074e-05 1e+06 0.00649702 0.000206062 1.12818 0.413707 0.125246 0.00101383 0 0 978404 1554.37 2.83737e+07 45078.5 0 0 261.922 11.6937 193753 769.763 88675 186.37 425622 5020.05 708050 5636.79 0.0198675 0.000132219 1.58412 0.655453 193748 769.513 0.0140208 0
30 2.8358e+07 44761.8 0.999878 3.03417e-05 1e+06 0.00809342 0.00028585 1.2404 0.405802 0.14086 0.000817415 0 0 967673 1516.75 2.90302e+07 45503.5 0 0 392.364 13.584 180345 807.156 87356.7 215.488 352486 3460.9 620189 4245 0.0211713 0.000103061 2 0.80576 180333 807.974 0.0187838 0
31 2.89619e+07 50480.3 0.999851 4.00845e-05 1e+06 0.00989771 0.000370029 1.52134 0.3519 0.153595 0.000780802 0 0 955700 1714.36 2.96267e+07 53140.4 0 0 537.759 15.6116 167433 920.592 85065.8 261.159 301353 2870.31 553852 3851.34 0.0219958 9.04118e-05 2.56501 0.812501 167399 923.761 0.0243482 0
32 2.9527e+07 51087.2 0.999828 4.98289e-05 1e+06 0.0119237 0.000405715 1.62847 0.351395 0.164437 0.000717152 0 0 943258 1622.6 3.01843e+07 51921.8 0 0 687.759 16.9336 155082 843.962 82183.8 251.018 262534 2247.93 499800 3158.84 0.0225162 7.47822e-05 3.23201 0.913412 155003 848.613 0.030623 0
33 3.00929e+07 56027.4 0.999798 4.52631e-05 1e+06 0.0142324 0.000529477 1.69054 0.356222 0.17422 0.000690877 0 0 931551 1705.61 3.07412e+07 56284.5 0 0 830.138 20.5512 143192 909.573 78788 348.943 230264 2111.38 452244 3224.66 0.0228781 7.13022e-05 3.65503 1.00163 143033 918.484 0.03769 0
34 3.06463e+07 74798.4 0.999773 5.93163e-05 1e+06 0.0169647 0.000700831 1.9082 0.341651 0.18331 0.000586595 0 0 920075 2215.06 3.12826e+07 75311.7 0 0 969.404 23.2141 131284 1022.48 74844.5 460.761 202175 2013.92 408303 3378.46 0.0231327 6.6798e-05 4.5303 1.20964 130978 1043.97 0.0459315 0
35 3.12406e+07 73330.4 0.999736 5.87337e-05 1e+06 0.0202254 0.000911278 2.157 0.289822 0.191919 0.000692056 0 0 910324 2032.23 3.18613e+07 71127.9 0 0 1086.99 20.4634 119475 1110.64 70429.7 514.399 177081 2067.75 366986 3578.69 0.0233044 7.01512e-05 5.8202 1.36972 118939 1140.26 0.0555305 0
36 3.18676e+07 77822.1 0.999709 6.58872e-05 1e+06 0.0245026 0.00123799 2.22306 0.303559 0.200451 0.000671119 0 0 901837 2172.53 3.24661e+07 78212.2 0 0 1189.34 24.7154 106720 1230.13 65038.9 593.822 152713 1984.6 324472 3730.09 0.023444 6.30724e-05 7.06005 1.85109 105795 1273.97 0.0680394 0
37 3.26336e+07 79498.1 0.999683 7.69236e-05 1e+06 0.0307662 0.0027984 2.42124 0.288954 0.209499 0.00096055 0 0 897166 2068.08 3.31951e+07 76516.6 0 0 1244.17 20.3852 92066.7 1884.73 58082.6 1017.32 127118 2955.89 277267 5805.09 0.0235947 8.21696e-05 9.44745 2.84258 90458.2 1990.08 0.0864308 0
38 3.37111e+07 146450 0.999698 6.58889e-05 1e+06 0.0429824 0.0126449 2.61749 0.276491 0.220353 0.00134454 0 0 900102 3524.83 3.42039e+07 133943 0 0 1203.86 38.6571 72225.6 3304.57 47502.7 1970.3 95897.8 4717.29 215626 9969.36 0.0237825 8.90248e-05 14.0625 6.17314 69165.1 3630.23 0.127067 0
39 3.57386e+07 182159 0.999147 0.000421557 1e+06 0.126424 0.381609 3.0676 0.254967 0.238201 0.00202451 0 0 921097 4251.91 3.59228e+07 165821 0.00194456 0.0022651 661.188 96.6154 29411.3 5297.15 19879.9 3711.45 34264 7183.49 83555.2 16185.3 0.0240271 0.000101458 276.829 83.3594 19694.5 6420.85 1.0418 0
40 3.58529e+07 154285 0.997165 0.000695654 1e+06 0.189736 0.231623 3.06818 0.241466 0.243868 0.00141931 0 0 898371 3940.38 3.59348e+07 157608 0.0208478 0.00428996 492.288 25.9469 20137.1 1038.37 13497.5 729.214 21722.1 1395.25 55356.7 3146.7 0.02371 0.000118694 492.499 27.2031 8235.85 1262.81 2.53482 0
41 3.5716e+07 146687 0.995477 0.00104306 1e+06 0.216115 0.17552 3.08918 0.253829 0.24748 0.00124326 0 0 872547 3641.6 3.57744e+07 149307 0.0419141 0.00487389 459.465 19.2466 18185.5 540.569 12284.8 369.074 19172.1 676.333 49642.3 1561.36 0.0233443 0.000108432 583.531 25.8944 5838.69 651.351 3.41414 0
42 3.56014e+07 154813 0.994038 0.00127994 1e+06 0.238188 0.160711 3.07864 0.230505 0.250958 0.00152831 0 0 848693 3747.69 3.56451e+07 157407 0.0629148 0.00421397 439.681 14.8544 16954.8 351.926 11550.1 227.59 17521.8 468.275 46026.7 999.213 0.0230033 0.000124519 638.155 23.0721 4341.3 406.266 4.11701 0
43 3.54512e+07 137575 0.992117 0.00148308 1e+06 0.255284 0.138095 3.05614 0.248985 0.254635 0.00147633 0 0 825261 3234.41 3.54862e+07 139078 0.0837888 0.00372588 430.492 14.0042 16210.7 283.944 11176.2 195.259 16505.7 385.263 43892.6 816.523 0.0226917 0.000117497 678.779 20.9244 3466.57 331.877 4.74137 0
44 3.52515e+07 129440 0.990693 0.00182403 1e+06 0.270164 0.114211 3.0668 0.22103 0.258286 0.00130044 0 0 801823 2978.22 3.52802e+07 131041 0.10476 0.00342019 424.263 11.4476 15683.6 215.852 10946 131.196 15750.8 256.304 42380.5 548.781 0.0223908 0.000100324 715.039 24.7464 2884.7 243.802 5.30253 0
45 3.50989e+07 128092 0.989552 0.00208797 1e+06 0.283938 0.122845 3.12233 0.25395 0.261624 0.00172154 0 0 780518 2863.89 3.51233e+07 128875 0.123556 0.00345452 420.085 15.1657 15267.8 203.952 10775.1 127.426 15144.2 292.732 41187 550.413 0.0220913 0.000134442 749.712 18.2391 2430.68 223.967 5.79495 0
46 3.49613e+07 136178 0.988506 0.00217549 1e+06 0.295478 0.105091 3.0751 0.237744 0.264745 0.00153633 0 0 760482 2970.2 3.49822e+07 136635 0.141859 0.00309793 420.171 11.5541 14982.5 159.762 10686.5 99.2216 14697.4 248.531 40366.4 436.018 0.021803 0.00010628 771.111 16.9 2129.09 170.65 6.23563 0
47 3.47761e+07 126169 0.987579 0.0026168 1e+06 0.307355 0.105314 3.14808 0.259422 0.268104 0.00150435 0 0 740309 2696.99 3.47945e+07 126760 0.160421 0.00283008 419.296 12.9541 14708.1 153.077 10613.5 106.265 14267.2 264.394 39588.8 467.196 0.0215261 0.000109626 791.428 19.4061 1866.58 171.054 6.66989 0
48 3.46137e+07 145833 0.987151 0.00283575 1e+06 0.319059 0.0986113 3.11848 0.214587 0.271229 0.00141366 0 0 721447 3037.51 3.46294e+07 145801 0.177618 0.00319973 420.576 11.5916 14450.6 124.713 10556.7 86.4288 13915.1 206.897 38922.4 326.368 0.0212388 0.000101626 810.152 19.6314 1616.73 128.257 7.08358 0
49 3.44184e+07 119648 0.985656 0.00252446 1e+06 0.329967 0.0936613 3.15296 0.2243 0.27484 0.00147262 0 0 702701 2450.02 3.44323e+07 120049 0.195093 0.00298947 420.937 11.7323 14257.5 93.6152 10553.5 67.7526 13588.6 196.589 38399.6 286.162 0.0210042 0.00010088 825.389 17.162 1463.25 99.6695 7.48526 0
50 3.42624e+07 123341 0.985569 0.00250771 1e+06 0.340474 0.0833382 3.13253 0.228488 0.278102 0.0014271 0 0 685499 2467.82 3.42749e+07 123392 0.211059 0.00257472 422.052 12.411 14080.1 95.055 10538.1 68.9478 13275.4 211.649 37893.6 295.009 0.0207661 0.000104165 839.558 14.8414 1309.87 94.5255 7.85218 0
51 3.40923e+07 104985 0.984678 0.00273519 1e+06 0.350401 0.0748667 3.16914 0.200593 0.28117 0.00150427 0 0 668705 2063.23 3.41039e+07 105223 0.226449 0.00276416 424.711 11.5246 13939.1 95.5407 10551.6 61.9413 13037.7 195.638 37528.4 278.586 0.0205159 0.000106134 853.983 15.7125 1215.69 100.787 8.19902 0
52 3.39219e+07 121131 0.984509 0.00283084 1e+06 0.360463 0.0838741 3.12665 0.226423 0.284358 0.00154108 0 0 652550 2327.04 3.39326e+07 121009 0.241546 0.00285408 426.883 10.6323 13799.9 95.4154 10575.9 69.3772 12817.5 212.735 37193.3 290.968 0.0202807 0.000106557 864.623 15.2245 1119.21 96.3837 8.5312 0
53 3.37666e+07 94782.1 0.984429 0.00306677 1e+06 0.370323 0.0700218 3.17172 0.225548 0.287207 0.00147853 0 0 637291 1798.12 3.37764e+07 95304.3 0.255811 0.00214587 427.08 11.1832 13668.2 82.6708 10581.5 62.3905 12594 214.415 36843.7 285.715 0.0200468 0.000106306 876.816 13.8861 1024.76 86.8359 8.87041 0
54 3.36019e+07 112068 0.984133 0.00284799 1e+06 0.379814 0.0803373 3.17939 0.227425 0.290623 0.00148346 0 0 622423 2079.53 3.36109e+07 112299 0.269548 0.00259443 432.742 11.291 13551.3 74.3193 10616.6 55.227 12363.3 192.524 36531.2 256.166 0.0198419 8.97882e-05 884.904 12.3836 954.899 75.2325 9.19008 0
55 3.34512e+07 116488 0.983224 0.00292044 1e+06 0.389515 0.080874 3.21286 0.204797 0.293481 0.00131378 0 0 608356 2118.4 3.34596e+07 116511 0.282927 0.0024154 432.465 9.6729 13447.1 75.6949 10642 60.0193 12172.8 173.196 36261.8 229.822 0.0196255 8.40364e-05 893.597 12.6003 894.444 70.7744 9.50067 0
56 3.32573e+07 89946.2 0.982942 0.00287958 1e+06 0.399527 0.0743379 3.1921 0.192831 0.29681 0.00152697 0 0 594021 1612.01 3.32652e+07 90275 0.296519 0.00188228 435.548 10.8803 13327.1 69.0563 10685.4 52.6857 11989 169.371 36001.5 208.12 0.0194286 9.90746e-05 899.624 11.3347 833.97 70.1326 9.82398 0
57 3.31362e+07 98312.2 0.982355 0.00283645 1e+06 0.408955 0.0631579 3.21691 0.242191 0.299666 0.00138641 0 0 581464 1719.49 3.31434e+07 98008.8 0.308315 0.00200798 436.579 9.66905 13239.8 59.4996 10707.2 55.7884 11783.8 171.621 35730.7 205.916 0.0192352 9.89698e-05 907.513 11.1151 783.99 61.3812 10.1071 0
58 3.29347e+07 98625.3 0.982234 0.00336717 1e+06 0.418832 0.0717434 3.21299 0.224483 0.302802 0.00156858 0 0 567954 1699.39 3.29414e+07 98567.4 0.320931 0.00205825 441.494 9.50193 13125.9 61.3624 10756.9 58.4056 11642.3 177.063 35525.2 225.258 0.0190286 9.78888e-05 913.794 9.67377 734.626 61.7291 10.4266 0
59 3.28074e+07 101943 0.98165 0.00298873 1e+06 0.427971 0.0734684 3.24105 0.200031 0.305483 0.00156742 0 0 556163 1728.98 3.28136e+07 102008 0.332103 0.00202089 444.994 10.7102 13049.4 65.6373 10791.4 53.0908 11485.6 163.616 35326.4 205.964 0.0188315 8.19802e-05 917.798 9.83356 700.121 65.1101 10.7027 0
60 3.26655e+07 106438 0.981731 0.00288986 1e+06 0.437232 0.0676661 3.19899 0.223165 0.308473 0.00145271 0 0 544520 1775.66 3.26712e+07 106533 0.343356 0.001892 445.81 10.9361 12969.6 57.6244 10826.5 47.6268 11301.5 161.281 35097.6 179.929 0.0186689 9.26825e-05 921.814 8.62183 668.202 46.8981 10.9857 0
61 3.25207e+07 103954 0.981349 0.00332812 1e+06 0.446581 0.0744408 3.22736 0.214943 0.311384 0.0015377 0 0 533218 1704.72 3.25263e+07 103989 0.354083 0.00208451 447.54 10.035 12889.8 65.4857 10868.1 52.7144 11145.4 170.034 34903.3 204.553 0.0184877 9.13711e-05 927.105 8.24038 636.667 59.5072 11.2592 0
62 3.23664e+07 107174 0.980399 0.00366604 1e+06 0.456329 0.0762668 3.2263 0.206049 0.313996 0.00142956 0 0 522129 1725.9 3.2372e+07 107007 0.364555 0.0018359 451.808 9.96163 12806.1 55.0892 10914.1 53.0613 11039.1 155.849 34759.2 189.445 0.0182949 8.04346e-05 930.109 8.49569 605.788 52.2945 11.5453 0
63 3.22115e+07 111873 0.9807 0.00322424 1e+06 0.465726 0.0733815 3.21196 0.206778 0.317172 0.00160174 0 0 511378 1773.36 3.22168e+07 111718 0.374813 0.0018668 453.623 9.36762 12724.5 57.33 10954.9 49.9579 10860.4 154.094 34539.8 182.536 0.0181505 8.29836e-05 934.512 7.83687 575.525 48.4985 11.8232 0
64 3.2067e+07 121770 0.980052 0.00364035 1e+06 0.475069 0.0802037 3.2429 0.186924 0.319934 0.00171188 0 0 501122 1901.5 3.20718e+07 121695 0.384548 0.0019733 456.789 8.227 12648.4 60.9722 11001.5 48.9602 10737.7 173.115 34387.6 198.06 0.0179764 9.03924e-05 937.771 7.75383 550.919 39.028 12.0944 0
65 3.19033e+07 123001 0.979891 0.00358649 1e+06 0.484504 0.0734124 3.23403 0.208839 0.322756 0.00171888 0 0 490897 1893.32 3.19083e+07 123064 0.394286 0.00214082 459.565 10.5959 12574.9 61.0204 11059.1 53.3054 10631.2 158.062 34265.1 193.717 0.0178065 8.01481e-05 940.817 6.94853 536.525 45.1313 12.3674 0
66 3.17531e+07 121525 0.97975 0.00335429 1e+06 0.493883 0.0729953 3.26171 0.183909 0.325334 0.00153852 0 0 481177 1843.5 3.17577e+07 121671 0.403575 0.00181086 462.157 10.3453 12503.8 55.9348 11103.4 48.922 10522.5 161.625 34129.7 175.015 0.0176477 8.35138e-05 943.73 7.47466 518.657 42.825 12.6378 0
67 3.16258e+07 102988 0.978814 0.00353337 1e+06 0.503556 0.0659035 3.22117 0.208712 0.328386 0.00154995 0 0 472090 1538.88 3.163e+07 103108 0.41219 0.00175823 464.952 10.5961 12432.3 51.5959 11140.9 43.6967 10353.6 149.689 33926.9 167.52 0.017513 8.26349e-05 946.591 7.31762 489.222 35.6108 12.8975 0
68 3.14796e+07 107541 0.978409 0.00348948 1e+06 0.51258 0.068935 3.25535 0.201132 0.330925 0.00154268 0 0 462997 1581.76 3.14838e+07 107559 0.420693 0.0018259 469.138 9.46446 12371.9 54.7618 11195.1 46.7392 10263.1 136.992 33830.1 150.732 0.0173534 7.26798e-05 949.604 7.12608 483.03 40.1684 13.1545 0
69 3.13472e+07 117039 0.98003 0.00334516 1e+06 0.521723 0.0783936 3.26263 0.180572 0.333968 0.00166373 0 0 454361 1696.97 3.13509e+07 117085 0.429261 0.00180666 468.39 9.55589 12296.7 51.7592 11231.5 53.1094 10102.6 145.696 33630.8 160.994 0.0172264 8.19236e-05 951.288 6.26582 451.889 37.8009 13.4002 0
70 3.12321e+07 118484 0.979353 0.00357104 1e+06 0.530959 0.0754394 3.25079 0.187896 0.33599 0.00178592 0 0 446224 1692.72 3.12357e+07 118487 0.437011 0.00195853 471.146 8.12334 12244.3 56.1147 11266.6 46.7178 10022.1 147.764 33532.9 156.505 0.0170627 8.50424e-05 953.088 5.44092 440.717 34.8231 13.6547 0
