#1 Nodes,                 #2 AvgThroughput,               #4 totalBKThroughput, 
#6 totalBEThroughput,       #8 totalVIThroughput,           #10 totalVOThroughput,
#12 totalCollisions,        #14 totalBKCollisions,          #16 totalBECollisions,
#18 totalVICollisions,      #20 TotalVOCollisions,          #22 totalInternalCollisions,    
#24 totalBKIntCol,          #26 totalBEIntCol,              #28 totalVIIntCol,
#30 totalVOIntCol,          #32 overallFairness,            #34 BKFairness,
#36 BEFairness,             #38 VIFairness,                 #40 VOFairness,
#42 avgTimeBtSxTxBK,        #44 avgTimeBtSxTxBE,            #46 avgTimeBtSxTxVI,
#48 avgTimeBtSxTxVO,        #50 qEmptyBK,                   #52 qEmptyBE,
#54 qEmptyVI,               #56 qEmptyVO                    #58 totalDropped,
#60 droppedBK,              #62 droppedBE                   #64 droppedVI,
#66 droppedVO               #68 channelErrors               #70 stickiness
#72 totalThroughputUnsat    #74 totalThroughputSat          #76 totalThroughputEDCA
#78 totalBKthroughputEDCA   #80 totalBEthroughputEDCA       #82 totalVIthroughputEDCA
#84 totalVOthroughputEDCA   #86 totalThroughputECA          #88 totalBKthroughputECA
#90 totalBEthroughputECA    #92 totalVIthroughputECA        #94 totalVOthroughputECA
#96 avgTimeBtSxTxBkEDCA     #98 avgTimeBtSxTxBeEDCA         #100 avgTimeBtSxTxViEDCA
#102 avgTimeBtSxTxVoEDCA    #104 avgTimeBtSxTxBkECA         #106 avgTimeBtSxTxBeECA
#108 avgTimeBtSxTxViECA     #110 avgTimeBtSxTxVoECA         #112 BKCollisionsEDCA
#114 BECollisionsEDCA       #116 VICollisionsEDCA           #118 VOCollisionsEDCA
#120 BKCollisionsECA        #122 BECollisionsECA            #124 VICollisionsECA
#126 VOCollisionsEDCA       #128 lastCollision              #130 avgQueuingDelayBK
#132 avgQueuingDelayBE      #134 avgQueuingDelayVI          #136 avgQueuingDelayVO
2 2003296.5 15166.3902346603 2003296.5 15166.3902346603 0 0 0 0 0 0 2674.8 33.8653214955949 0.099904405 0.00106474170692943 0 0 0 0 0 0 0 0 0 0 0 0 0 0 0 0 0.9999561 5.79938789873676e-05 0.9999561 5.79938789873676e-05 0 0 0 0 0 0 0.00038556795 7.88401323882704e-07 0 0 0 0 0 0 23276.35 155.573222310268 0 0 0 0 0 0 0 0 0 0 0 0 0 0 0 0 0.1 1.38777878078145e-17 1 0 2003296.5 15166.3902346603 0 0 0 0 0 0 0 0 0 0 0 0 2003296.5 15166.3902346603 2003296.5 15166.3902346603 0 0 0 0 0 0 0 0 0 0 0 0 0 0 0.00038556795 7.88401323882704e-07 0 0 0 0 0 0 0 0 0 0 0 0 0 0 0.099904405 0.00106474170692943 nan nan nan nan nan nan 99.95282 0.0833100750209708 0.0004047443 8.52955397427094e-07 0 0 0 0 0 0 
4 3995438.5 15503.206208717 3995438.5 15503.206208717 0 0 0 0 0 0 5482.8 64.0067183973683 0.1042825 0.00112542811853979 0 0 0 0 0 0 0 0 0 0 0 0 0 0 0 0 0.99994365 3.38914074656139e-05 0.99994365 3.38914074656139e-05 0 0 0 0 0 0 0.0004002149 8.25266617524304e-07 0 0 0 0 0 0 46288.95 174.8963907575 0 0 0 0 0 0 0.05 0.217944947177034 0.05 0.217944947177034 0 0 0 0 0 0 0.1 1.38777878078145e-17 1 0 3995438.5 15503.206208717 0 0 0 0 0 0 0 0 0 0 0 0 3995438.5 15503.206208717 3995438.5 15503.206208717 0 0 0 0 0 0 0 0 0 0 0 0 0 0 0.0004002149 8.25266617524304e-07 0 0 0 0 0 0 0 0 0 0 0 0 0 0 0.1042825 0.00112542811853979 nan nan nan nan nan nan 99.983025 0.0138217536875753 0.0004302616 8.60118387200267e-07 0 0 0 0 0 0 
6 6006894.5 15738.4419416281 6006894.5 15738.4419416281 0 0 0 0 0 0 8480.5 66.2106486903731 0.10950515 0.000724368640610565 0 0 0 0 0 0 0 0 0 0 0 0 0 0 0 0 0.99993885 2.42265866353429e-05 0.99993885 2.42265866353429e-05 0 0 0 0 0 0 0.00041909945 6.35400462307034e-07 0 0 0 0 0 0 69358.7 187.230633177373 0 0 0 0 0 0 0.2 0.4 0.2 0.4 0 0 0 0 0 0 0.1 1.38777878078145e-17 1 0 6006894.5 15738.4419416281 0 0 0 0 0 0 0 0 0 0 0 0 6006894.5 15738.4419416281 6006894.5 15738.4419416281 0 0 0 0 0 0 0 0 0 0 0 0 0 0 0.00041909945 6.35400462307034e-07 0 0 0 0 0 0 0 0 0 0 0 0 0 0 0.10950515 0.000724368640610565 nan nan nan nan nan nan 99.989635 0.00911335695559188 0.00046088485 8.73550243260225e-07 0 0 0 0 0 0 
8 7992546 23245.0954827034 7992546 23245.0954827034 0 0 0 0 0 0 11632.25 70.5909873850763 0.1157796 0.00061443587134867 0 0 0 0 0 0 0 0 0 0 0 0 0 0 0 0 0.9999406 2.88503032913027e-05 0.9999406 2.88503032913027e-05 0 0 0 0 0 0 0.0004444728 8.33235116878785e-07 0 0 0 0 0 0 91897.55 284.731360232764 0 0 0 0 0 0 0.1 0.3 0.1 0.3 0 0 0 0 0 0 0.1 1.38777878078145e-17 1 0 7992546 23245.0954827034 0 0 0 0 0 0 0 0 0 0 0 0 7992546 23245.0954827034 7992546 23245.0954827034 0 0 0 0 0 0 0 0 0 0 0 0 0 0 0.0004444728 8.33235116878785e-07 0 0 0 0 0 0 0 0 0 0 0 0 0 0 0.1157796 0.00061443587134867 nan nan nan nan nan nan 99.99217 0.00580466191952734 0.00049923255 1.1810615341717e-06 0 0 0 0 0 0 
10 9980680.5 21073.3778675845 9980680.5 21073.3778675845 0 0 0 0 0 0 15173.05 132.378425357004 0.12456195 0.00104137253060564 0 0 0 0 0 0 0 0 0 0 0 0 0 0 0 0 0.9999217 3.02524379182902e-05 0.9999217 3.02524379182902e-05 0 0 0 0 0 0 0.00047940095 1.51935218020708e-06 0 0 0 0 0 0 114077.65 189.743320040522 0 0 0 0 0 0 0.25 0.433012701892219 0.25 0.433012701892219 0 0 0 0 0 0 0.1 1.38777878078145e-17 1 0 9980680.5 21073.3778675845 0 0 0 0 0 0 0 0 0 0 0 0 9980680.5 21073.3778675845 9980680.5 21073.3778675845 0 0 0 0 0 0 0 0 0 0 0 0 0 0 0.00047940095 1.51935218020708e-06 0 0 0 0 0 0 0 0 0 0 0 0 0 0 0.12456195 0.00104137253060564 nan nan nan nan nan nan 99.99418 0.00478253071082892 0.0005488638 1.85916173583689e-06 0 0 0 0 0 0 
12 12014280 33184.4782993495 12014280 33184.4782993495 0 0 0 0 0 0 19192.1 129.924170191693 0.1353247 0.000907833635640364 0 0 0 0 0 0 0 0 0 0 0 0 0 0 0 0 0.9999287 2.25346400015582e-05 0.9999287 2.25346400015582e-05 0 0 0 0 0 0 0.00052735665 2.05434883296388e-06 0 0 0 0 0 0 136260.8 340.79856220354 0 0 0 0 0 0 0.35 0.57227615711298 0.35 0.57227615711298 0 0 0 0 0 0 0.1 1.38777878078145e-17 1 0 12014280 33184.4782993495 0 0 0 0 0 0 0 0 0 0 0 0 12014280 33184.4782993495 12014280 33184.4782993495 0 0 0 0 0 0 0 0 0 0 0 0 0 0 0.00052735665 2.05434883296388e-06 0 0 0 0 0 0 0 0 0 0 0 0 0 0 0.1353247 0.000907833635640364 nan nan nan nan nan nan 99.995295 0.00392765515288636 0.00061501455 2.74306205680805e-06 0 0 0 0 0 0 
14 13998995 27792.0937498419 13998995 27792.0937498419 0 0 0 0 0 0 23799.65 199.879782619454 0.14972205 0.00108659677318681 0 0 0 0 0 0 0 0 0 0 0 0 0 0 0 0 0.9999123 4.43994369333721e-05 0.9999123 4.43994369333721e-05 0 0 0 0 0 0 0.00059608555 2.4716891890972e-06 0 0 0 0 0 0 157254.4 272.50273393124 0 0 0 0 0 0 0.95 1.02347447452294 0.95 1.02347447452294 0 0 0 0 0 0 0.1 1.38777878078145e-17 1 0 13998995 27792.0937498419 0 0 0 0 0 0 0 0 0 0 0 0 13998995 27792.0937498419 13998995 27792.0937498419 0 0 0 0 0 0 0 0 0 0 0 0 0 0 0.00059608555 2.4716891890972e-06 0 0 0 0 0 0 0 0 0 0 0 0 0 0 0.14972205 0.00108659677318681 nan nan nan nan nan nan 99.995985 0.0043024731260043 0.00070716155 3.52158196660251e-06 0 0 0 0 0 0 
16 15995105 29362.3479136121 15995105 29362.3479136121 0 0 0 0 0 0 29400.15 206.233429637389 0.16890115 0.00118126213327102 0 0 0 0 0 0 0 0 0 0 0 0 0 0 0 0 0.99991305 3.09539577437345e-05 0.99991305 3.09539577437345e-05 0 0 0 0 0 0 0.0007005412 3.99880090277074e-06 0 0 0 0 0 0 176997.75 313.494956099775 0 0 0 0 0 0 1.1 1.17898261225516 1.1 1.17898261225516 0 0 0 0 0 0 0.1 1.38777878078145e-17 1 0 15995105 29362.3479136121 0 0 0 0 0 0 0 0 0 0 0 0 15995105 29362.3479136121 15995105 29362.3479136121 0 0 0 0 0 0 0 0 0 0 0 0 0 0 0.0007005412 3.99880090277074e-06 0 0 0 0 0 0 0 0 0 0 0 0 0 0 0.16890115 0.00118126213327102 nan nan nan nan nan nan 99.9943 0.00620322496770723 0.00084683995 5.80588854935228e-06 0 0 0 0 0 0 
18 17993890 44487.6825649527 17993890 44487.6825649527 0 0 0 0 0 0 36507.6 274.607975120899 0.19545615 0.00139922383037883 0 0 0 0 0 0 0 0 0 0 0 0 0 0 0 0 0.99992085 2.94164494798462e-05 0.99992085 2.94164494798462e-05 0 0 0 0 0 0 0.00086976495 7.43182788737065e-06 0 0 0 0 0 0 194612.2 324.629881557444 0 0 0 0 0 0 2.65 1.52561463023924 2.65 1.52561463023924 0 0 0 0 0 0 0.1 1.38777878078145e-17 1 0 17993890 44487.6825649527 0 0 0 0 0 0 0 0 0 0 0 0 17993890 44487.6825649527 17993890 44487.6825649527 0 0 0 0 0 0 0 0 0 0 0 0 0 0 0.00086976495 7.43182788737065e-06 0 0 0 0 0 0 0 0 0 0 0 0 0 0 0.19545615 0.00139922383037883 nan nan nan nan nan nan 99.997335 0.00218661267717934 0.001078087 1.07696820287324e-05 0 0 0 0 0 0 
20 20007530 40433.1064846618 20007530 40433.1064846618 0 0 0 0 0 0 45877.15 285.585061759189 0.2331769 0.00136169493279515 0 0 0 0 0 0 0 0 0 0 0 0 0 0 0 0 0.99991995 2.74489981602221e-05 0.99991995 2.74489981602221e-05 0 0 0 0 0 0 0.00118292 1.04077005145229e-05 0 0 0 0 0 0 207699.95 275.572581183252 0 0 0 0 0 0 11.55 3.36860505254029 11.55 3.36860505254029 0 0 0 0 0 0 0.1 1.38777878078145e-17 1 0 20007530 40433.1064846618 0 0 0 0 0 0 0 0 0 0 0 0 20007530 40433.1064846618 20007530 40433.1064846618 0 0 0 0 0 0 0 0 0 0 0 0 0 0 0.00118292 1.04077005145229e-05 0 0 0 0 0 0 0 0 0 0 0 0 0 0 0.2331769 0.00136169493279515 nan nan nan nan nan nan 99.996675 0.00370686862459406 0.0015368165 1.56658770182202e-05 0 0 0 0 0 0 
22 21986305 44898.1455630408 21986305 44898.1455630408 0 0 0 0 0 0 57316.3 301.204764238549 0.28297815 0.00153850639501433 0 0 0 0 0 0 0 0 0 0 0 0 0 0 0 0 0.99992715 2.67437375847021e-05 0.99992715 2.67437375847021e-05 0 0 0 0 0 0 0.001795306 2.23551755528781e-05 0 0 0 0 0 0 211558.6 371.533363239427 0 0 0 0 0 0 47.75 7.37478813254998 47.75 7.37478813254998 0 0 0 0 0 0 0.1 1.38777878078145e-17 1 0 21986305 44898.1455630408 0 0 0 0 0 0 0 0 0 0 0 0 21986305 44898.1455630408 21986305 44898.1455630408 0 0 0 0 0 0 0 0 0 0 0 0 0 0 0.001795306 2.23551755528781e-05 0 0 0 0 0 0 0 0 0 0 0 0 0 0 0.28297815 0.00153850639501433 nan nan nan nan nan nan 99.997975 0.00208035453709159 0.002568363 4.28343113753449e-05 0 0 0 0 0 0 
24 23981370 36010.5831666192 23981370 36010.5831666192 0 0 0 0 0 0 68680.4 321.26179355784 0.34261295 0.00159579357922634 0 0 0 0 0 0 0 0 0 0 0 0 0 0 0 0 0.999926 2.530612574062e-05 0.999926 2.530612574062e-05 0 0 0 0 0 0 0.0030639195 3.45378034152434e-05 0 0 0 0 0 0 199485.95 680.219190776032 0 0 0 0 0 0 186.85 22.8544853365811 186.85 22.8544853365811 0 0 0 0 0 0 0.1 1.38777878078145e-17 1 0 23981370 36010.5831666192 0 0 0 0 0 0 0 0 0 0 0 0 23981370 36010.5831666192 23981370 36010.5831666192 0 0 0 0 0 0 0 0 0 0 0 0 0 0 0.0030639195 3.45378034152434e-05 0 0 0 0 0 0 0 0 0 0 0 0 0 0 0.34261295 0.00159579357922634 nan nan nan nan nan nan 99.99834 0.00224263238182133 0.005150386 8.07533213806095e-05 0 0 0 0 0 0 
26 25940320 30431.1287993068 25940320 30431.1287993068 0 0 0 0 0 0 72819.8 200.068638221986 0.39136795 0.00111894787523816 0 0 0 0 0 0 0 0 0 0 0 0 0 0 0 0 0.99991655 2.80329716583809e-05 0.99991655 2.80329716583809e-05 0 0 0 0 0 0 0.0053512885 4.98965032116479e-05 0 0 0 0 0 0 171276.45 701.108798618303 0 0 0 0 0 0 506.75 47.1390231124914 506.75 47.1390231124914 0 0 0 0 0 0 0.1 1.38777878078145e-17 1 0 25940320 30431.1287993068 0 0 0 0 0 0 0 0 0 0 0 0 25940320 30431.1287993068 25940320 30431.1287993068 0 0 0 0 0 0 0 0 0 0 0 0 0 0 0.0053512885 4.98965032116479e-05 0 0 0 0 0 0 0 0 0 0 0 0 0 0 0.39136795 0.00111894787523816 nan nan nan nan nan nan 99.998125 0.00152245689594041 0.01094148 0.00015437051726285 0 0 0 0 0 0 
28 27874905 39535.0663968078 27874905 39535.0663968078 0 0 0 0 0 0 68532.15 261.285337323012 0.41833635 0.000917780108468253 0 0 0 0 0 0 0 0 0 0 0 0 0 0 0 0 0.999925 1.72162713733228e-05 0.999925 1.72162713733228e-05 0 0 0 0 0 0 0.008623054 8.66974804362849e-05 0 0 0 0 0 0 139513.8 919.268600573304 0 0 0 0 0 0 1056.2 104.365990629132 1056.2 104.365990629132 0 0 0 0 0 0 0.1 1.38777878078145e-17 1 0 27874905 39535.0663968078 0 0 0 0 0 0 0 0 0 0 0 0 27874905 39535.0663968078 27874905 39535.0663968078 0 0 0 0 0 0 0 0 0 0 0 0 0 0 0.008623054 8.66974804362849e-05 0 0 0 0 0 0 0 0 0 0 0 0 0 0 0.41833635 0.000917780108468253 nan nan nan nan nan nan 99.99916 0.000755910047557984 0.020163455 0.000326258721684187 0 0 0 0 0 0 
30 29878380 41862.8307690725 29878380 41862.8307690725 0 0 0 0 0 0 59857.65 415.000635541682 0.42824665 0.000649132288135471 0 0 0 0 0 0 0 0 0 0 0 0 0 0 0 0 0.9999076 1.98201917246004e-05 0.9999076 1.98201917246004e-05 0 0 0 0 0 0 0.0128882 0.000150066575225798 0 0 0 0 0 0 110251.2 1098.94283745789 0 0 0 0 0 0 1499.8 138.331702801635 1499.8 138.331702801635 0 0 0 0 0 0 0.1 1.38777878078145e-17 1 0 29878380 41862.8307690725 0 0 0 0 0 0 0 0 0 0 0 0 29878380 41862.8307690725 29878380 41862.8307690725 0 0 0 0 0 0 0 0 0 0 0 0 0 0 0.0128882 0.000150066575225798 0 0 0 0 0 0 0 0 0 0 0 0 0 0 0.42824665 0.000649132288135471 nan nan nan nan nan nan 99.999025 0.000967406326214566 0.03230815 0.000519215414351308 0 0 0 0 0 0 
32 31835470 50720.8744009801 31835470 50720.8744009801 0 0 0 0 0 0 50563 397.613128555887 0.4280765 0.00112045854452541 0 0 0 0 0 0 0 0 0 0 0 0 0 0 0 0 0.99991035 2.14622342732615e-05 0.99991035 2.14622342732615e-05 0 0 0 0 0 0 0.018108105 0.000153186407605244 0 0 0 0 0 0 86187.4 708.32608310015 0 0 0 0 0 0 1844.5 171.33490595906 1844.5 171.33490595906 0 0 0 0 0 0 0.1 1.38777878078145e-17 1 0 31835470 50720.8744009801 0 0 0 0 0 0 0 0 0 0 0 0 31835470 50720.8744009801 31835470 50720.8744009801 0 0 0 0 0 0 0 0 0 0 0 0 0 0 0.018108105 0.000153186407605244 0 0 0 0 0 0 0 0 0 0 0 0 0 0 0.4280765 0.00112045854452541 nan nan nan nan nan nan 99.99815 0.00193403722818262 0.0463215 0.00055789350865555 0 0 0 0 0 0 
34 33849285 43903.2718029078 33849285 43903.2718029078 0 0 0 0 0 0 40911.3 426.838037199123 0.4198526 0.00123809116788708 0 0 0 0 0 0 0 0 0 0 0 0 0 0 0 0 0.99990185 3.16042323115223e-05 0.99990185 3.16042323115223e-05 0 0 0 0 0 0 0.024957095 0.00021203743413605 0 0 0 0 0 0 64971.95 655.489624250453 0 0 0 0 0 0 1828.4 161.357801174904 1828.4 161.357801174904 0 0 0 0 0 0 0.1 1.38777878078145e-17 1 0 33849285 43903.2718029078 0 0 0 0 0 0 0 0 0 0 0 0 33849285 43903.2718029078 33849285 43903.2718029078 0 0 0 0 0 0 0 0 0 0 0 0 0 0 0.024957095 0.00021203743413605 0 0 0 0 0 0 0 0 0 0 0 0 0 0 0.4198526 0.00123809116788708 nan nan nan nan nan nan 99.998455 0.00151508250600416 0.06392245 0.00104555076753833 0 0 0 0 0 0 
36 35830100 57958.1141860223 35830100 57958.1141860223 0 0 0 0 0 0 32206.85 611.495647981243 0.4038241 0.00231162405896807 0 0 0 0 0 0 0 0 0 0 0 0 0 0 0 0 0.99990665 2.11217305162316e-05 0.99990665 2.11217305162316e-05 0 0 0 0 0 0 0.033475985 0.000480100817823715 0 0 0 0 0 0 47908.45 932.66314792641 0 0 0 0 0 0 1610.35 209.002218887743 1610.35 209.002218887743 0 0 0 0 0 0 0.1 1.38777878078145e-17 1 0 35830100 57958.1141860223 0 0 0 0 0 0 0 0 0 0 0 0 35830100 57958.1141860223 35830100 57958.1141860223 0 0 0 0 0 0 0 0 0 0 0 0 0 0 0.033475985 0.000480100817823715 0 0 0 0 0 0 0 0 0 0 0 0 0 0 0.4038241 0.00231162405896807 nan nan nan nan nan nan 99.997835 0.00181969090781932 0.085218125 0.0016110835697986 0 0 0 0 0 0 
38 37827215 48980.9378738301 37827215 48980.9378738301 0 0 0 0 0 0 24449.9 271.642577664106 0.3821413 0.00129481848534843 0 0 0 0 0 0 0 0 0 0 0 0 0 0 0 0 0.9999121 1.3999642852598e-05 0.9999121 1.3999642852598e-05 0 0 0 0 0 0 0.04460398 0.00050905051772884 0 0 0 0 0 0 33598.6 608.708008818678 0 0 0 0 0 0 1293.25 158.303466481312 1293.25 158.303466481312 0 0 0 0 0 0 0.1 1.38777878078145e-17 1 0 37827215 48980.9378738301 0 0 0 0 0 0 0 0 0 0 0 0 37827215 48980.9378738301 37827215 48980.9378738301 0 0 0 0 0 0 0 0 0 0 0 0 0 0 0.04460398 0.00050905051772884 0 0 0 0 0 0 0 0 0 0 0 0 0 0 0.3821413 0.00129481848534843 nan nan nan nan nan nan 99.99722 0.00224445984593267 0.1134494 0.00222272529566746 0 0 0 0 0 0 
40 39873040 50514.7641784063 39873040 50514.7641784063 0 0 0 0 0 0 17894.85 330.109266001426 0.35358855 0.00194763357629201 0 0 0 0 0 0 0 0 0 0 0 0 0 0 0 0 0.9999111 1.77084725484797e-05 0.9999111 1.77084725484797e-05 0 0 0 0 0 0 0.0591184 0.000828065302980387 0 0 0 0 0 0 21942.15 605.127943083114 0 0 0 0 0 0 952.2 137.227402511306 952.2 137.227402511306 0 0 0 0 0 0 0.1 1.38777878078145e-17 1 0 39873040 50514.7641784063 0 0 0 0 0 0 0 0 0 0 0 0 39873040 50514.7641784063 39873040 50514.7641784063 0 0 0 0 0 0 0 0 0 0 0 0 0 0 0.0591184 0.000828065302980387 0 0 0 0 0 0 0 0 0 0 0 0 0 0 0.35358855 0.00194763357629201 nan nan nan nan nan nan 99.99142 0.00761732236419056 0.1514888 0.00395722563925789 0 0 0 0 0 0 
42 41846230 50459.1825141867 41846230 50459.1825141867 0 0 0 0 0 0 12833.75 325.432308629613 0.31781255 0.00344030352549015 0 0 0 0 0 0 0 0 0 0 0 0 0 0 0 0 0.9999146 1.55961533719083e-05 0.9999146 1.55961533719083e-05 0 0 0 0 0 0 0.07550831 0.0010647847274919 0 0 0 0 0 0 13390.4 556.448056875033 0 0 0 0 0 0 614.25 121.458583476015 614.25 121.458583476015 0 0 0 0 0 0 0.1 1.38777878078145e-17 1 0 41846230 50459.1825141867 0 0 0 0 0 0 0 0 0 0 0 0 41846230 50459.1825141867 41846230 50459.1825141867 0 0 0 0 0 0 0 0 0 0 0 0 0 0 0.07550831 0.0010647847274919 0 0 0 0 0 0 0 0 0 0 0 0 0 0 0.31781255 0.00344030352549015 nan nan nan nan nan nan 99.988735 0.00972318234941764 0.2091012 0.00748315007600409 0 0 0 0 0 0 
44 43834980 40741.7059043924 43834980 40741.7059043924 0 0 0 0 0 0 8787.8 178.593560914161 0.26453015 0.00320628930814111 0 0 0 0 0 0 0 0 0 0 0 0 0 0 0 0 0.9999177 1.67185525689438e-05 0.9999177 1.67185525689438e-05 0 0 0 0 0 0 0.08999119 0.000586741388432758 0 0 0 0 0 0 6926.2 313.798279153981 0 0 0 0 0 0 507.75 103.052353199721 507.75 103.052353199721 0 0 0 0 0 0 0.1 1.38777878078145e-17 1 0 43834980 40741.7059043924 0 0 0 0 0 0 0 0 0 0 0 0 43834980 40741.7059043924 43834980 40741.7059043924 0 0 0 0 0 0 0 0 0 0 0 0 0 0 0.08999119 0.000586741388432758 0 0 0 0 0 0 0 0 0 0 0 0 0 0 0.26453015 0.00320628930814111 nan nan nan nan nan nan 99.98617 0.0110744796717513 0.3208281 0.0122511754248317 0 0 0 0 0 0 
46 45613390 52781.9561971703 45613390 52781.9561971703 0 0 0 0 0 0 5377.7 124.280770837648 0.1729702 0.00479795175673954 0 0 0 0 0 0 0 0 0 0 0 0 0 0 0 0 0.9998726 3.03469932612799e-05 0.9998726 3.03469932612799e-05 0 0 0 0 0 0 0.088888885 0.000957982433698554 0 0 0 0 0 0 2567.15 136.674531277777 0 0 0 0 0 0 570.9 122.59889885313 570.9 122.59889885313 0 0 0 0 0 0 0.1 1.38777878078145e-17 1 0 45613390 52781.9561971703 0 0 0 0 0 0 0 0 0 0 0 0 45613390 52781.9561971703 45613390 52781.9561971703 0 0 0 0 0 0 0 0 0 0 0 0 0 0 0.088888885 0.000957982433698554 0 0 0 0 0 0 0 0 0 0 0 0 0 0 0.1729702 0.00479795175673954 nan nan nan nan nan nan 99.974695 0.0200535651443817 0.6367096 0.0507794929507966 0 0 0 0 0 0 
48 46933530 115950.192324118 46933530 115950.192324118 0 0 0 0 0 0 2952.45 160.826762387359 0.08549247 0.00553059981332043 0 0 0 0 0 0 0 0 0 0 0 0 0 0 0 0 0.9996723 8.27007255107144e-05 0.9996723 8.27007255107144e-05 0 0 0 0 0 0 0.07490474 0.00126672776491241 0 0 0 0 0 0 799.4 67.7180921172474 0 0 0 0 0 0 853.1 127.66867274316 853.1 127.66867274316 0 0 0 0 0 0 0.1 1.38777878078145e-17 1 0 46933530 115950.192324118 0 0 0 0 0 0 0 0 0 0 0 0 46933530 115950.192324118 46933530 115950.192324118 0 0 0 0 0 0 0 0 0 0 0 0 0 0 0.07490474 0.00126672776491241 0 0 0 0 0 0 0 0 0 0 0 0 0 0 0.08549247 0.00553059981332043 nan nan nan nan nan nan 99.953955 0.0482318823497484 1.4310515 0.10124395612949 0 0 0 0 0 0 
50 47944860 360784.656547365 47944860 360784.656547365 0 0 0 0 0 0 1646.75 345.239174341499 0.044214625 0.01046612712716 0 0 0 0 0 0 0 0 0 0 0 0 0 0 0 0 0.9996158 0.000178823264705689 0.9996158 0.000178823264705689 0 0 0 0 0 0 0.068282615 0.00246575106697229 0 0 0 0 0 0 380.2 50.4029761026073 0 0 0 0 0 0 706.15 278.704552348899 706.15 278.704552348899 0 0 0 0 0 0 0.1 1.38777878078145e-17 1 0 47944860 360784.656547365 0 0 0 0 0 0 0 0 0 0 0 0 47944860 360784.656547365 47944860 360784.656547365 0 0 0 0 0 0 0 0 0 0 0 0 0 0 0.068282615 0.00246575106697229 0 0 0 0 0 0 0 0 0 0 0 0 0 0 0.044214625 0.01046612712716 nan nan nan nan nan nan 77.355915 18.5583223583188 2.593739 0.315380889226028 0 0 0 0 0 0 
52 48132045 840743.728180591 48132045 840743.728180591 0 0 0 0 0 0 1373.25 803.255244302831 0.03753249 0.0236627494009656 0 0 0 0 0 0 0 0 0 0 0 0 0 0 0 0 0.99959555 0.000333779938732097 0.99959555 0.000333779938732097 0 0 0 0 0 0 0.06961217 0.00568573980147703 0 0 0 0 0 0 253.4 30.0772339153719 0 0 0 0 0 0 646.85 534.956659459437 646.85 534.956659459437 0 0 0 0 0 0 0.1 1.38777878078145e-17 1 0 48132045 840743.728180591 0 0 0 0 0 0 0 0 0 0 0 0 48132045 840743.728180591 48132045 840743.728180591 0 0 0 0 0 0 0 0 0 0 0 0 0 0 0.06961217 0.00568573980147703 0 0 0 0 0 0 0 0 0 0 0 0 0 0 0.03753249 0.0236627494009656 nan nan nan nan nan nan 48.4676125 36.077466536274 3.993591 0.609421269056964 0 0 0 0 0 0 
54 46900560 569160.56644852 46900560 569160.56644852 0 0 0 0 0 0 2505.35 529.827167574484 0.07230382 0.0164987875257729 0 0 0 0 0 0 0 0 0 0 0 0 0 0 0 0 0.9989238 0.000314570914103631 0.9989238 0.000314570914103631 0 0 0 0 0 0 0.081318285 0.00422126218899928 0 0 0 0 0 0 193.65 21.2938371365989 0 0 0 0 0 0 1600.65 434.848166030397 1600.65 434.848166030397 0 0 0 0 0 0 0.1 1.38777878078145e-17 1 0 46900560 569160.56644852 0 0 0 0 0 0 0 0 0 0 0 0 46900560 569160.56644852 46900560 569160.56644852 0 0 0 0 0 0 0 0 0 0 0 0 0 0 0.081318285 0.00422126218899928 0 0 0 0 0 0 0 0 0 0 0 0 0 0 0.07230382 0.0164987875257729 nan nan nan nan nan nan 89.39029 20.3604587991504 5.924651 0.191107815379173 0 0 0 0 0 0 
56 46271325 468632.682252316 46271325 468632.682252316 0 0 0 0 0 0 3043.15 440.761985089458 0.09136112 0.01434582238077 0 0 0 0 0 0 0 0 0 0 0 0 0 0 0 0 0.9986052 0.000297927273004673 0.9986052 0.000297927273004673 0 0 0 0 0 0 0.0897786 0.00389190371296619 0 0 0 0 0 0 162.35 20.2417267050022 0 0 0 0 0 0 2108.4 401.480559927875 2108.4 401.480559927875 0 0 0 0 0 0 0.1 1.38777878078145e-17 1 0 46271325 468632.682252316 0 0 0 0 0 0 0 0 0 0 0 0 46271325 468632.682252316 46271325 468632.682252316 0 0 0 0 0 0 0 0 0 0 0 0 0 0 0.0897786 0.00389190371296619 0 0 0 0 0 0 0 0 0 0 0 0 0 0 0.09136112 0.01434582238077 nan nan nan nan nan nan 96.14488 14.6113223973602 6.9251485 0.109107413234619 0 0 0 0 0 0 
58 45808080 102265.202292862 45808080 102265.202292862 0 0 0 0 0 0 3473.05 79.0686252567983 0.10743605 0.00311922327631415 0 0 0 0 0 0 0 0 0 0 0 0 0 0 0 0 0.99841305 0.000365118538970577 0.99841305 0.000365118538970577 0 0 0 0 0 0 0.097777435 0.00100685932695437 0 0 0 0 0 0 145.05 24.8303745440942 0 0 0 0 0 0 2272.35 141.533838710041 2272.35 141.533838710041 0 0 0 0 0 0 0.1 1.38777878078145e-17 1 0 45808080 102265.202292862 0 0 0 0 0 0 0 0 0 0 0 0 45808080 102265.202292862 45808080 102265.202292862 0 0 0 0 0 0 0 0 0 0 0 0 0 0 0.097777435 0.00100685932695437 0 0 0 0 0 0 0 0 0 0 0 0 0 0 0.10743605 0.00311922327631415 nan nan nan nan nan nan 99.97848 0.026187413007015 7.638849 0.0571966763807127 0 0 0 0 0 0 
60 45439785 165615.302055698 45439785 165615.302055698 0 0 0 0 0 0 3800.35 111.134726795903 0.1211647 0.0048338162470247 0 0 0 0 0 0 0 0 0 0 0 0 0 0 0 0 0.99818115 0.000357764765593254 0.99818115 0.000357764765593254 0 0 0 0 0 0 0.10566235 0.00162809785562785 0 0 0 0 0 0 120.55 17.5398831238979 0 0 0 0 0 0 2594.15 207.375571126399 2594.15 207.375571126399 0 0 0 0 0 0 0.1 1.38777878078145e-17 1 0 45439785 165615.302055698 0 0 0 0 0 0 0 0 0 0 0 0 45439785 165615.302055698 45439785 165615.302055698 0 0 0 0 0 0 0 0 0 0 0 0 0 0 0.10566235 0.00162809785562785 0 0 0 0 0 0 0 0 0 0 0 0 0 0 0.1211647 0.0048338162470247 nan nan nan nan nan nan 99.97048 0.0239942826523313 8.247262 0.0586594824900457 0 0 0 0 0 0 
62 45071130 120939.663055591 45071130 120939.663055591 0 0 0 0 0 0 4117.9 103.609314253111 0.1347214 0.00458735927740568 0 0 0 0 0 0 0 0 0 0 0 0 0 0 0 0 0.9981109 0.000260405241882731 0.9981109 0.000260405241882731 0 0 0 0 0 0 0.11370085 0.00163359497045626 0 0 0 0 0 0 110.6 18.5213390444644 0 0 0 0 0 0 2840.05 216.969001242113 2840.05 216.969001242113 0 0 0 0 0 0 0.1 1.38777878078145e-17 1 0 45071130 120939.663055591 0 0 0 0 0 0 0 0 0 0 0 0 45071130 120939.663055591 45071130 120939.663055591 0 0 0 0 0 0 0 0 0 0 0 0 0 0 0.11370085 0.00163359497045626 0 0 0 0 0 0 0 0 0 0 0 0 0 0 0.1347214 0.00458735927740568 nan nan nan nan nan nan 99.97821 0.0214084072270685 8.79005 0.0482546824670933 0 0 0 0 0 0 
64 44713505 88227.2093801 44713505 88227.2093801 0 0 0 0 0 0 4422.9 80.8677315126373 0.14837815 0.00356416902341906 0 0 0 0 0 0 0 0 0 0 0 0 0 0 0 0 0.9980192 0.000345940977624804 0.9980192 0.000345940977624804 0 0 0 0 0 0 0.1222279 0.00128818228135618 0 0 0 0 0 0 99.15 11.598599053334 0 0 0 0 0 0 3034.2 210.993980956804 3034.2 210.993980956804 0 0 0 0 0 0 0.1 1.38777878078145e-17 1 0 44713505 88227.2093801 0 0 0 0 0 0 0 0 0 0 0 0 44713505 88227.2093801 44713505 88227.2093801 0 0 0 0 0 0 0 0 0 0 0 0 0 0 0.1222279 0.00128818228135618 0 0 0 0 0 0 0 0 0 0 0 0 0 0 0.14837815 0.00356416902341906 nan nan nan nan nan nan 99.98122 0.0119003193234463 9.293495 0.0343001077986643 0 0 0 0 0 0 
66 44375725 152763.460536216 44375725 152763.460536216 0 0 0 0 0 0 4699.8 104.063730473206 0.161722 0.00491457323681314 0 0 0 0 0 0 0 0 0 0 0 0 0 0 0 0 0.9978709 0.00035767833314308 0.9978709 0.00035767833314308 0 0 0 0 0 0 0.13110745 0.0019257576814075 0 0 0 0 0 0 91.2 10.9480591887329 0 0 0 0 0 0 3235.25 246.202939665634 3235.25 246.202939665634 0 0 0 0 0 0 0.1 1.38777878078145e-17 1 0 44375725 152763.460536216 0 0 0 0 0 0 0 0 0 0 0 0 44375725 152763.460536216 44375725 152763.460536216 0 0 0 0 0 0 0 0 0 0 0 0 0 0 0.13110745 0.0019257576814075 0 0 0 0 0 0 0 0 0 0 0 0 0 0 0.161722 0.00491457323681314 nan nan nan nan nan nan 99.97692 0.0242318509404469 9.7694805 0.0387204650637101 0 0 0 0 0 0 
68 44147900 120419.865470777 44147900 120419.865470777 0 0 0 0 0 0 4923.4 84.5360278224616 0.172912 0.00399644323117444 0 0 0 0 0 0 0 0 0 0 0 0 0 0 0 0 0.9978339 0.000355586824840287 0.9978339 0.000355586824840287 0 0 0 0 0 0 0.1394049 0.00157444510542604 0 0 0 0 0 0 81.5 15.7591243411555 0 0 0 0 0 0 3409.65 227.003584773457 3409.65 227.003584773457 0 0 0 0 0 0 0.1 1.38777878078145e-17 1 0 44147900 120419.865470777 0 0 0 0 0 0 0 0 0 0 0 0 44147900 120419.865470777 44147900 120419.865470777 0 0 0 0 0 0 0 0 0 0 0 0 0 0 0.1394049 0.00157444510542604 0 0 0 0 0 0 0 0 0 0 0 0 0 0 0.172912 0.00399644323117444 nan nan nan nan nan nan 99.981635 0.0168403763318987 10.19826 0.0441332686303654 0 0 0 0 0 0 
70 43856475 111276.430006538 43856475 111276.430006538 0 0 0 0 0 0 5143.9 71.5499126484442 0.1846848 0.00377811238054137 0 0 0 0 0 0 0 0 0 0 0 0 0 0 0 0 0.99761605 0.000431706668352482 0.99761605 0.000431706668352482 0 0 0 0 0 0 0.148685 0.00170495178817467 0 0 0 0 0 0 74.55 15.3898505515811 0 0 0 0 0 0 3560.45 256.31571840213 3560.45 256.31571840213 0 0 0 0 0 0 0.1 1.38777878078145e-17 1 0 43856475 111276.430006538 0 0 0 0 0 0 0 0 0 0 0 0 43856475 111276.430006538 43856475 111276.430006538 0 0 0 0 0 0 0 0 0 0 0 0 0 0 0.148685 0.00170495178817467 0 0 0 0 0 0 0 0 0 0 0 0 0 0 0.1846848 0.00377811238054137 nan nan nan nan nan nan 99.98193 0.0123103249347841 10.63009 0.030981573555906 0 0 0 0 0 0 
