#1 Nodes,                 #2 AvgThroughput,               #4 totalBKThroughput, 
#6 totalBEThroughput,       #8 totalVIThroughput,           #10 totalVOThroughput,
#12 totalCollisions,        #14 totalBKCollisions,          #16 totalBECollisions,
#18 totalVICollisions,      #20 TotalVOCollisions,          #22 totalInternalCollisions,    
#24 totalBKIntCol,          #26 totalBEIntCol,              #28 totalVIIntCol,
#30 totalVOIntCol,          #32 overallFairness,            #34 BKFairness,
#36 BEFairness,             #38 VIFairness,                 #40 VOFairness,
#42 avgTimeBtSxTxBK,        #44 avgTimeBtSxTxBE,            #46 avgTimeBtSxTxVI,
#48 avgTimeBtSxTxVO,        #50 qEmptyBK,                   #52 qEmptyBE,
#54 qEmptyVI,               #56 qEmptyVO                    #58 totalDropped,
#60 droppedBK,              #62 droppedBE                   #64 droppedVI,
#66 droppedVO               #68 channelErrors               #70 stickiness
#72 totalThroughputUnsat    #74 totalThroughputSat          #76 totalThroughputEDCA
#78 totalBKthroughputEDCA   #80 totalBEthroughputEDCA       #82 totalVIthroughputEDCA
#84 totalVOthroughputEDCA   #86 totalThroughputECA          #88 totalBKthroughputECA
#90 totalBEthroughputECA    #92 totalVIthroughputECA        #94 totalVOthroughputECA
#96 avgTimeBtSxTxBkEDCA     #98 avgTimeBtSxTxBeEDCA         #100 avgTimeBtSxTxViEDCA
#102 avgTimeBtSxTxVoEDCA    #104 avgTimeBtSxTxBkECA         #106 avgTimeBtSxTxBeECA
#108 avgTimeBtSxTxViECA     #110 avgTimeBtSxTxVoECA         #112 BKCollisionsEDCA
#114 BECollisionsEDCA       #116 VICollisionsEDCA           #118 VOCollisionsEDCA
#120 BKCollisionsECA        #122 BECollisionsECA            #124 VICollisionsECA
#126 VOCollisionsEDCA       #128 lastCollision              #130 avgQueuingDelayBK
#132 avgQueuingDelayBE      #134 avgQueuingDelayVI          #136 avgQueuingDelayVO
2 39764520 241374.196218237 39764520 241374.196218237 0 0 0 0 0 0 5.65 0.57227615711298 8.3611985e-05 1.2006977115922e-05 0 0 0 0 0 0 0 0 0 0 0 0 0 0 0 0 0.9999999 4.35889894342405e-07 0.9999999 4.35889894342405e-07 0 0 0 0 0 0 0.0027483225 0.000241075069218594 0 0 0 0 0 0 0 0 0 0 0 0 0 0 0 0 0 0 0 0 0 0 0 0 0.1 1.38777878078145e-17 1 0 0 0 39764520 241374.196218237 0 0 0 0 0 0 0 0 0 0 39764520 241374.196218237 39764520 241374.196218237 0 0 0 0 0 0 0 0 0 0 0 0 0 0 0.0027483225 0.000241075069218594 0 0 0 0 0 0 0 0 0 0 0 0 0 0 8.3611985e-05 1.2006977115922e-05 nan nan nan nan nan nan 13.72858275 6.52309409762872 0 0 0 0 0 0 0 0 
4 43996805 438818.138270286 43996805 438818.138270286 0 0 0 0 0 0 9.9 0.94339811320566 0.0001676928 5.31545649644506e-05 0 0 0 0 0 0 0 0 0 0 0 0 0 0 0 0 0.99999955 4.97493718567616e-07 0.99999955 4.97493718567616e-07 0 0 0 0 0 0 0.00522434 0.000966112673568668 0 0 0 0 0 0 0 0 0 0 0 0 0 0 0 0 0 0 0 0 0 0 0 0 0.1 1.38777878078145e-17 1 0 0 0 43996805 438818.138270286 0 0 0 0 0 0 0 0 0 0 43996805 438818.138270286 43996805 438818.138270286 0 0 0 0 0 0 0 0 0 0 0 0 0 0 0.00522434 0.000966112673568668 0 0 0 0 0 0 0 0 0 0 0 0 0 0 0.0001676928 5.31545649644506e-05 nan nan nan nan nan nan 27.27641 14.3485569553841 0 0 0 0 0 0 0 0 
6 45673565 673306.91833294 45673565 673306.91833294 0 0 0 0 0 0 13.65 1.45859521458148 0.00026438885 8.70882650351211e-05 0 0 0 0 0 0 0 0 0 0 0 0 0 0 0 0 0.99999865 6.53834841502783e-07 0.99999865 6.53834841502783e-07 0 0 0 0 0 0 0.007921893 0.00166764243370124 0 0 0 0 0 0 0 0 0 0 0 0 0 0 0 0 0 0 0 0 0 0 0 0 0.1 1.38777878078145e-17 1 0 0 0 45673565 673306.91833294 0 0 0 0 0 0 0 0 0 0 45673565 673306.91833294 45673565 673306.91833294 0 0 0 0 0 0 0 0 0 0 0 0 0 0 0.007921893 0.00166764243370124 0 0 0 0 0 0 0 0 0 0 0 0 0 0 0.00026438885 8.70882650351211e-05 nan nan nan nan nan nan 42.57018 22.7472125588741 0 0 0 0 0 0 0 0 
8 46488200 653185.845682529 46488200 653185.845682529 0 0 0 0 0 0 16.85 1.95639975465139 0.00040480035 0.000124533671569289 0 0 0 0 0 0 0 0 0 0 0 0 0 0 0 0 0.9999988 5.09901951330395e-07 0.9999988 5.09901951330395e-07 0 0 0 0 0 0 0.011290946 0.00223800612192058 0 0 0 0 0 0 0 0 0 0 0 0 0 0 0 0 0 0 0 0 0 0 0 0 0.1 1.38777878078145e-17 1 0 0 0 46488200 653185.845682529 0 0 0 0 0 0 0 0 0 0 46488200 653185.845682529 46488200 653185.845682529 0 0 0 0 0 0 0 0 0 0 0 0 0 0 0.011290946 0.00223800612192058 0 0 0 0 0 0 0 0 0 0 0 0 0 0 0.00040480035 0.000124533671569289 nan nan nan nan nan nan 53.48066115 31.3781961447891 0 0 0 0 0 0 0 0 
10 47469670 779610.810019974 47469670 779610.810019974 0 0 0 0 0 0 20.75 2.07062792408487 0.0006243517 0.000218305563516622 0 0 0 0 0 0 0 0 0 0 0 0 0 0 0 0 0.99999805 8.64580823277793e-07 0.99999805 8.64580823277793e-07 0 0 0 0 0 0 0.016109875 0.00365900054425727 0 0 0 0 0 0 0 0 0 0 0 0 0 0 0 0 0 0 0 0 0 0 0 0 0.1 1.38777878078145e-17 1 0 0 0 47469670 779610.810019974 0 0 0 0 0 0 0 0 0 0 47469670 779610.810019974 47469670 779610.810019974 0 0 0 0 0 0 0 0 0 0 0 0 0 0 0.016109875 0.00365900054425727 0 0 0 0 0 0 0 0 0 0 0 0 0 0 0.0006243517 0.000218305563516622 nan nan nan nan nan nan 52.8215153 27.4624320887522 0 0 0 0 0 0 0 0 
12 47865935 659018.478705264 47865935 659018.478705264 0 0 0 0 0 0 22.45 2.53919278511892 0.00079348365 0.000232472497698174 0 0 0 0 0 0 0 0 0 0 0 0 0 0 0 0 0.99999775 9.93730345704269e-07 0.99999775 9.93730345704269e-07 0 0 0 0 0 0 0.02015403 0.00389359822389265 0 0 0 0 0 0 0 0 0 0 0 0 0 0 0 0 0 0 0 0 0 0 0 0 0.1 1.38777878078145e-17 1 0 0 0 47865935 659018.478705264 0 0 0 0 0 0 0 0 0 0 47865935 659018.478705264 47865935 659018.478705264 0 0 0 0 0 0 0 0 0 0 0 0 0 0 0.02015403 0.00389359822389265 0 0 0 0 0 0 0 0 0 0 0 0 0 0 0.00079348365 0.000232472497698174 nan nan nan nan nan nan 54.075495 26.3407309254029 0 0 0 0 0 0 0 0 
14 48350325 675679.400955068 48350325 675679.400955068 0 0 0 0 0 0 25.95 2.41816045786875 0.0009644359 0.000225142416922245 0 0 0 0 0 0 0 0 0 0 0 0 0 0 0 0 0.99999775 8.87411967459183e-07 0.99999775 8.87411967459183e-07 0 0 0 0 0 0 0.024296675 0.00399600521119217 0 0 0 0 0 0 0 0 0 0 0 0 0 0 0.1 0.3 0.1 0.3 0 0 0 0 0 0 0.1 1.38777878078145e-17 1 0 0 0 48350325 675679.400955068 0 0 0 0 0 0 0 0 0 0 48350325 675679.400955068 48350325 675679.400955068 0 0 0 0 0 0 0 0 0 0 0 0 0 0 0.024296675 0.00399600521119217 0 0 0 0 0 0 0 0 0 0 0 0 0 0 0.0009644359 0.000225142416922245 nan nan nan nan nan nan 52.9081565 25.2701564753654 0 0 0 0 0 0 0 0 
16 48732220 648165.642100844 48732220 648165.642100844 0 0 0 0 0 0 27.3 2.45153013442625 0.00114087635 0.000270478987111804 0 0 0 0 0 0 0 0 0 0 0 0 0 0 0 0 0.99999705 1.11691539519717e-06 0.99999705 1.11691539519717e-06 0 0 0 0 0 0 0.028519545 0.00493642630801626 0 0 0 0 0 0 0 0 0 0 0 0 0 0 0.2 0.509901951359279 0.2 0.509901951359279 0 0 0 0 0 0 0.1 1.38777878078145e-17 1 0 0 0 48732220 648165.642100844 0 0 0 0 0 0 0 0 0 0 48732220 648165.642100844 48732220 648165.642100844 0 0 0 0 0 0 0 0 0 0 0 0 0 0 0.028519545 0.00493642630801626 0 0 0 0 0 0 0 0 0 0 0 0 0 0 0.00114087635 0.000270478987111804 nan nan nan nan nan nan 37.58047205 25.5186587925711 0 0 0 0 0 0 0 0 
18 48984895 679264.620361608 48984895 679264.620361608 0 0 0 0 0 0 31.5 2.61725046566048 0.001416264 0.000323584597739138 0 0 0 0 0 0 0 0 0 0 0 0 0 0 0 0 0.9999969 1.22065556158573e-06 0.9999969 1.22065556158573e-06 0 0 0 0 0 0 0.03371022 0.005178990240153 0 0 0 0 0 0 0 0 0 0 0 0 0 0 0.95 3.47095087836172 0.95 3.47095087836172 0 0 0 0 0 0 0.1 1.38777878078145e-17 1 0 0 0 48984895 679264.620361608 0 0 0 0 0 0 0 0 0 0 48984895 679264.620361608 48984895 679264.620361608 0 0 0 0 0 0 0 0 0 0 0 0 0 0 0.03371022 0.005178990240153 0 0 0 0 0 0 0 0 0 0 0 0 0 0 0.001416264 0.000323584597739138 nan nan nan nan nan nan 54.7873756 25.2040285613517 0 0 0 0 0 0 0 0 
20 49293925 806798.428899685 49293925 806798.428899685 0 0 0 0 0 0 34.75 3.01454805899657 0.00168751935 0.00051447446647334 0 0 0 0 0 0 0 0 0 0 0 0 0 0 0 0 0.9999966 1.1135528725731e-06 0.9999966 1.1135528725731e-06 0 0 0 0 0 0 0.0400627 0.00870608722136414 0 0 0 0 0 0 0 0 0 0 0 0 0 0 0.55 1.11691539518443 0.55 1.11691539518443 0 0 0 0 0 0 0.1 1.38777878078145e-17 1 0 0 0 49293925 806798.428899685 0 0 0 0 0 0 0 0 0 0 49293925 806798.428899685 49293925 806798.428899685 0 0 0 0 0 0 0 0 0 0 0 0 0 0 0.0400627 0.00870608722136414 0 0 0 0 0 0 0 0 0 0 0 0 0 0 0.00168751935 0.00051447446647334 nan nan nan nan nan nan 54.75559415 30.7441360188282 0 0 0 0 0 0 0 0 
22 50028675 492756.645693389 50028675 492756.645693389 0 0 0 0 0 0 38.65 3.71853465763061 0.002215928 0.000447900025994641 0 0 0 0 0 0 0 0 0 0 0 0 0 0 0 0 0.99999615 1.10792599031833e-06 0.99999615 1.10792599031833e-06 0 0 0 0 0 0 0.05013528 0.00672621521114215 0 0 0 0 0 0 0 0 0 0 0 0 0 0 0.45 0.668954408012983 0.45 0.668954408012983 0 0 0 0 0 0 0.1 1.38777878078145e-17 1 0 0 0 50028675 492756.645693389 0 0 0 0 0 0 0 0 0 0 50028675 492756.645693389 50028675 492756.645693389 0 0 0 0 0 0 0 0 0 0 0 0 0 0 0.05013528 0.00672621521114215 0 0 0 0 0 0 0 0 0 0 0 0 0 0 0.002215928 0.000447900025994641 nan nan nan nan nan nan 40.38859675 18.6302068681054 0 0 0 0 0 0 0 0 
24 50137350 637644.465591916 50137350 637644.465591916 0 0 0 0 0 0 42.65 4.7673367827331 0.00245187 0.000697937250281141 0 0 0 0 0 0 0 0 0 0 0 0 0 0 0 0 0.99999555 1.74570902501752e-06 0.99999555 1.74570902501752e-06 0 0 0 0 0 0 0.054283065 0.0100936391411757 0 0 0 0 0 0 0 0 0 0 0 0 0 0 1 1.92353840616713 1 1.92353840616713 0 0 0 0 0 0 0.1 1.38777878078145e-17 1 0 0 0 50137350 637644.465591916 0 0 0 0 0 0 0 0 0 0 50137350 637644.465591916 50137350 637644.465591916 0 0 0 0 0 0 0 0 0 0 0 0 0 0 0.054283065 0.0100936391411757 0 0 0 0 0 0 0 0 0 0 0 0 0 0 0.00245187 0.000697937250281141 nan nan nan nan nan nan 36.14821595 29.9865009878203 0 0 0 0 0 0 0 0 
26 50403245 560067.374049766 50403245 560067.374049766 0 0 0 0 0 0 45.75 3.93541611522848 0.0028954595 0.000561258588392864 0 0 0 0 0 0 0 0 0 0 0 0 0 0 0 0 0.99999455 1.56444878471843e-06 0.99999455 1.56444878471843e-06 0 0 0 0 0 0 0.063201925 0.00873863224337053 0 0 0 0 0 0 0 0 0 0 0 0 0 0 0.65 0.909670269933013 0.65 0.909670269933013 0 0 0 0 0 0 0.1 1.38777878078145e-17 1 0 0 0 50403245 560067.374049766 0 0 0 0 0 0 0 0 0 0 50403245 560067.374049766 50403245 560067.374049766 0 0 0 0 0 0 0 0 0 0 0 0 0 0 0.063201925 0.00873863224337053 0 0 0 0 0 0 0 0 0 0 0 0 0 0 0.0028954595 0.000561258588392864 nan nan nan nan nan nan 41.90216845 36.4562792616765 0 0 0 0 0 0 0 0 
28 50224395 688704.278682077 50224395 688704.278682077 0 0 0 0 0 0 45.7 4.9 0.00280424 0.000697574118714277 0 0 0 0 0 0 0 0 0 0 0 0 0 0 0 0 0.9999944 1.28062484747745e-06 0.9999944 1.28062484747745e-06 0 0 0 0 0 0 0.06348524 0.0115175865152557 0 0 0 0 0 0 0 0 0 0 0 0 0 0 1.1 0.768114574786861 1.1 0.768114574786861 0 0 0 0 0 0 0.1 1.38777878078145e-17 1 0 0 0 50224395 688704.278682077 0 0 0 0 0 0 0 0 0 0 50224395 688704.278682077 50224395 688704.278682077 0 0 0 0 0 0 0 0 0 0 0 0 0 0 0.06348524 0.0115175865152557 0 0 0 0 0 0 0 0 0 0 0 0 0 0 0.00280424 0.000697574118714277 nan nan nan nan nan nan 29.340877 27.9065167805186 0 0 0 0 0 0 0 0 
30 50768040 551093.620358646 50768040 551093.620358646 0 0 0 0 0 0 51.25 4.86698058348295 0.003497295 0.000768427973173153 0 0 0 0 0 0 0 0 0 0 0 0 0 0 0 0 0.99999385 1.42390308658164e-06 0.99999385 1.42390308658164e-06 0 0 0 0 0 0 0.076109935 0.01139014293757 0 0 0 0 0 0 0 0 0 0 0 0 0 0 1.2 0.92736184954957 1.2 0.92736184954957 0 0 0 0 0 0 0.1 1.38777878078145e-17 1 0 0 0 50768040 551093.620358646 0 0 0 0 0 0 0 0 0 0 50768040 551093.620358646 50768040 551093.620358646 0 0 0 0 0 0 0 0 0 0 0 0 0 0 0.076109935 0.01139014293757 0 0 0 0 0 0 0 0 0 0 0 0 0 0 0.003497295 0.000768427973173153 nan nan nan nan nan nan 26.7288672 32.3363841853525 0 0 0 0 0 0 0 0 
32 50963075 553323.563455416 50963075 553323.563455416 0 0 0 0 0 0 56.75 5.51248582764618 0.0039465725 0.000760354121938423 0 0 0 0 0 0 0 0 0 0 0 0 0 0 0 0 0.99999315 1.73997126412872e-06 0.99999315 1.73997126412872e-06 0 0 0 0 0 0 0.08453261 0.0121396912782369 0 0 0 0 0 0 0 0 0 0 0 0 0 0 1.7 1.34536240470737 1.7 1.34536240470737 0 0 0 0 0 0 0.1 1.38777878078145e-17 1 0 0 0 50963075 553323.563455416 0 0 0 0 0 0 0 0 0 0 50963075 553323.563455416 50963075 553323.563455416 0 0 0 0 0 0 0 0 0 0 0 0 0 0 0.08453261 0.0121396912782369 0 0 0 0 0 0 0 0 0 0 0 0 0 0 0.0039465725 0.000760354121938423 nan nan nan nan nan nan 35.47159485 31.5859653075999 0 0 0 0 0 0 0 0 
34 51195275 584400.486716943 51195275 584400.486716943 0 0 0 0 0 0 61.15 5.87601055138603 0.0046653435 0.000839917103923209 0 0 0 0 0 0 0 0 0 0 0 0 0 0 0 0 0.99999165 2.10416254124305e-06 0.99999165 2.10416254124305e-06 0 0 0 0 0 0 0.095852675 0.0118605309372252 0 0 0 0 0 0 0 0 0 0 0 0 0 0 2.7 2.43104915622864 2.7 2.43104915622864 0 0 0 0 0 0 0.1 1.38777878078145e-17 1 0 0 0 51195275 584400.486716943 0 0 0 0 0 0 0 0 0 0 51195275 584400.486716943 51195275 584400.486716943 0 0 0 0 0 0 0 0 0 0 0 0 0 0 0.095852675 0.0118605309372252 0 0 0 0 0 0 0 0 0 0 0 0 0 0 0.0046653435 0.000839917103923209 nan nan nan nan nan nan 23.59778425 30.7059864544423 0 0 0 0 0 0 0 0 
36 51409080 375372.856770438 51409080 375372.856770438 0 0 0 0 0 0 64.25 4.81534007106456 0.0049592275 0.000642811502151875 0 0 0 0 0 0 0 0 0 0 0 0 0 0 0 0 0.9999922 2.37907545069254e-06 0.9999922 2.37907545069254e-06 0 0 0 0 0 0 0.103482045 0.00932990842508516 0 0 0 0 0 0 0 0 0 0 0 0 0 0 1.75 1.54515371403624 1.75 1.54515371403624 0 0 0 0 0 0 0.1 1.38777878078145e-17 1 0 0 0 51409080 375372.856770438 0 0 0 0 0 0 0 0 0 0 51409080 375372.856770438 51409080 375372.856770438 0 0 0 0 0 0 0 0 0 0 0 0 0 0 0.103482045 0.00932990842508516 0 0 0 0 0 0 0 0 0 0 0 0 0 0 0.0049592275 0.000642811502151875 nan nan nan nan nan nan 6.35131445 16.0110563534473 0 0 0 0 0 0 0 0 
38 51455190 462149.781888946 51455190 462149.781888946 0 0 0 0 0 0 66.05 5.80925984958497 0.0052642185 0.000815750545211433 0 0 0 0 0 0 0 0 0 0 0 0 0 0 0 0 0.99999145 2.43874967964463e-06 0.99999145 2.43874967964463e-06 0 0 0 0 0 0 0.10918135 0.0117849141084481 0 0 0 0 0 0 0 0 0 0 0 0 0 0 2.85 3.6779749863206 2.85 3.6779749863206 0 0 0 0 0 0 0.1 1.38777878078145e-17 1 0 0 0 51455190 462149.781888946 0 0 0 0 0 0 0 0 0 0 51455190 462149.781888946 51455190 462149.781888946 0 0 0 0 0 0 0 0 0 0 0 0 0 0 0.10918135 0.0117849141084481 0 0 0 0 0 0 0 0 0 0 0 0 0 0 0.0052642185 0.000815750545211433 nan nan nan nan nan nan 5.15337155 11.2471189891078 0 0 0 0 0 0 0 0 
40 51824155 337315.754857374 51824155 337315.754857374 0 0 0 0 0 0 74.55 5.58994633247941 0.0062439075 0.000865558978867847 0 0 0 0 0 0 0 0 0 0 0 0 0 0 0 0 0.99999075 2.4469368606513e-06 0.99999075 2.4469368606513e-06 0 0 0 0 0 0 0.124447 0.0114044641829417 0 0 0 0 0 0 0 0 0 0 0 0 0 0 5.35 5.85896748582888 5.35 5.85896748582888 0 0 0 0 0 0 0.1 1.38777878078145e-17 1 0 0 0 51824155 337315.754857374 0 0 0 0 0 0 0 0 0 0 51824155 337315.754857374 51824155 337315.754857374 0 0 0 0 0 0 0 0 0 0 0 0 0 0 0.124447 0.0114044641829417 0 0 0 0 0 0 0 0 0 0 0 0 0 0 0.0062439075 0.000865558978867847 nan nan nan nan nan nan 10.88234375 22.0069378605889 0 0 0 0 0 0 0 0 
42 51792390 291937.448608431 51792390 291937.448608431 0 0 0 0 0 0 75.05 6.73405524182866 0.0062356165 0.000765979469759307 0 0 0 0 0 0 0 0 0 0 0 0 0 0 0 0 0.9999882 2.48193472919037e-06 0.9999882 2.48193472919037e-06 0 0 0 0 0 0 0.1272949 0.00977667185140219 0 0 0 0 0 0 0 0 0 0 0 0 0 0 2.8 2.56124969497314 2.8 2.56124969497314 0 0 0 0 0 0 0.1 1.38777878078145e-17 1 0 0 0 51792390 291937.448608431 0 0 0 0 0 0 0 0 0 0 51792390 291937.448608431 51792390 291937.448608431 0 0 0 0 0 0 0 0 0 0 0 0 0 0 0.1272949 0.00977667185140219 0 0 0 0 0 0 0 0 0 0 0 0 0 0 0.0062356165 0.000765979469759307 nan nan nan nan nan nan 5.854855 13.829299000802 0 0 0 0 0 0 0 0 
44 52091940 341934.188697182 52091940 341934.188697182 0 0 0 0 0 0 82.05 7.2696286012423 0.0071779715 0.00107099087583077 0 0 0 0 0 0 0 0 0 0 0 0 0 0 0 0 0.9999882 2.99332590942548e-06 0.9999882 2.99332590942548e-06 0 0 0 0 0 0 0.14236005 0.014178310084333 0 0 0 0 0 0 0 0 0 0 0 0 0 0 3.8 3.17175030543074 3.8 3.17175030543074 0 0 0 0 0 0 0.1 1.38777878078145e-17 1 0 0 0 52091940 341934.188697182 0 0 0 0 0 0 0 0 0 0 52091940 341934.188697182 52091940 341934.188697182 0 0 0 0 0 0 0 0 0 0 0 0 0 0 0.14236005 0.014178310084333 0 0 0 0 0 0 0 0 0 0 0 0 0 0 0.0071779715 0.00107099087583077 nan nan nan nan nan nan 1.842441 3.232712717412 0 0 0 0 0 0 0 0 
46 52129100 275778.133650948 52129100 275778.133650948 0 0 0 0 0 0 85.25 6.54121548337922 0.0076255335 0.001110581580305 0 0 0 0 0 0 0 0 0 0 0 0 0 0 0 0 0.9999883 2.49198715888337e-06 0.9999883 2.49198715888337e-06 0 0 0 0 0 0 0.15042565 0.013030529756211 0 0 0 0 0 0 0 0 0 0 0 0 0 0 3.25 2.29945645751338 3.25 2.29945645751338 0 0 0 0 0 0 0.1 1.38777878078145e-17 1 0 0 0 52129100 275778.133650948 0 0 0 0 0 0 0 0 0 0 52129100 275778.133650948 52129100 275778.133650948 0 0 0 0 0 0 0 0 0 0 0 0 0 0 0.15042565 0.013030529756211 0 0 0 0 0 0 0 0 0 0 0 0 0 0 0.0076255335 0.001110581580305 nan nan nan nan nan nan 9.39968135 22.7914200590457 0 0 0 0 0 0 0 0 
48 52176945 279985.782630119 52176945 279985.782630119 0 0 0 0 0 0 89.85 6.7474069093245 0.0080819495 0.00103231060435062 0 0 0 0 0 0 0 0 0 0 0 0 0 0 0 0 0.9999852 3.23419232576608e-06 0.9999852 3.23419232576608e-06 0 0 0 0 0 0 0.1574568 0.0129980641004728 0 0 0 0 0 0 0 0 0 0 0 0 0 0 4.6 2.90516780926679 4.6 2.90516780926679 0 0 0 0 0 0 0.1 1.38777878078145e-17 1 0 0 0 52176945 279985.782630119 0 0 0 0 0 0 0 0 0 0 52176945 279985.782630119 52176945 279985.782630119 0 0 0 0 0 0 0 0 0 0 0 0 0 0 0.1574568 0.0129980641004728 0 0 0 0 0 0 0 0 0 0 0 0 0 0 0.0080819495 0.00103231060435062 nan nan nan nan nan nan 2.90730715 5.49845528548935 0 0 0 0 0 0 0 0 
50 52260080 269086.398021156 52260080 269086.398021156 0 0 0 0 0 0 91.85 5.96049494589166 0.0084868085 0.000883407000466235 0 0 0 0 0 0 0 0 0 0 0 0 0 0 0 0 0.9999871 2.79105714738213e-06 0.9999871 2.79105714738213e-06 0 0 0 0 0 0 0.1663176 0.0118479783735454 0 0 0 0 0 0 0 0 0 0 0 0 0 0 6.75 6.66239446445495 6.75 6.66239446445495 0 0 0 0 0 0 0.1 1.38777878078145e-17 1 0 0 0 52260080 269086.398021156 0 0 0 0 0 0 0 0 0 0 52260080 269086.398021156 52260080 269086.398021156 0 0 0 0 0 0 0 0 0 0 0 0 0 0 0.1663176 0.0118479783735454 0 0 0 0 0 0 0 0 0 0 0 0 0 0 0.0084868085 0.000883407000466235 nan nan nan nan nan nan 2.17868775 4.57267834349653 0 0 0 0 0 0 0 0 
52 52428035 197394.737201882 52428035 197394.737201882 0 0 0 0 0 0 97.9 6.72235077930332 0.009168465 0.000896209984453978 0 0 0 0 0 0 0 0 0 0 0 0 0 0 0 0 0.99998525 3.40404171537433e-06 0.99998525 3.40404171537433e-06 0 0 0 0 0 0 0.1785292 0.0116125291629343 0 0 0 0 0 0 0 0 0 0 0 0 0 0 5.4 3.63868107973205 5.4 3.63868107973205 0 0 0 0 0 0 0.1 1.38777878078145e-17 1 0 0 0 52428035 197394.737201882 0 0 0 0 0 0 0 0 0 0 52428035 197394.737201882 52428035 197394.737201882 0 0 0 0 0 0 0 0 0 0 0 0 0 0 0.1785292 0.0116125291629343 0 0 0 0 0 0 0 0 0 0 0 0 0 0 0.009168465 0.000896209984453978 nan nan nan nan nan nan 1.11226255 0.436416220825541 0 0 0 0 0 0 0 0 
54 52503865 186916.634559367 52503865 186916.634559367 0 0 0 0 0 0 103.95 8.57598390856699 0.0098359335 0.000965951142534005 0 0 0 0 0 0 0 0 0 0 0 0 0 0 0 0 0.99998285 3.22916397849534e-06 0.99998285 3.22916397849534e-06 0 0 0 0 0 0 0.1879395 0.0110851126990212 0 0 0 0 0 0 0 0 0 0 0 0 0 0 7.15 4.60733111464761 7.15 4.60733111464761 0 0 0 0 0 0 0.1 1.38777878078145e-17 1 0 0 0 52503865 186916.634559367 0 0 0 0 0 0 0 0 0 0 52503865 186916.634559367 52503865 186916.634559367 0 0 0 0 0 0 0 0 0 0 0 0 0 0 0.1879395 0.0110851126990212 0 0 0 0 0 0 0 0 0 0 0 0 0 0 0.0098359335 0.000965951142534005 nan nan nan nan nan nan 1.4808962 0.537556935445781 0 0 0 0 0 0 0 0 
56 52432865 193495.442517388 52432865 193495.442517388 0 0 0 0 0 0 105.05 9.00819071734164 0.010025657 0.00104889591816395 0 0 0 0 0 0 0 0 0 0 0 0 0 0 0 0 0.9999826 3.48425027804051e-06 0.9999826 3.48425027804051e-06 0 0 0 0 0 0 0.19254735 0.0109149319433288 0 0 0 0 0 0 0 0 0 0 0 0 0 0 6.6 4.63033476111609 6.6 4.63033476111609 0 0 0 0 0 0 0.1 1.38777878078145e-17 1 0 0 0 52432865 193495.442517388 0 0 0 0 0 0 0 0 0 0 52432865 193495.442517388 52432865 193495.442517388 0 0 0 0 0 0 0 0 0 0 0 0 0 0 0.19254735 0.0109149319433288 0 0 0 0 0 0 0 0 0 0 0 0 0 0 0.010025657 0.00104889591816395 nan nan nan nan nan nan 1.50212105 0.636733814324752 0 0 0 0 0 0 0 0 
58 52575105 256701.29231268 52575105 256701.29231268 0 0 0 0 0 0 111.95 10.2590204210733 0.010826875 0.00127807955644201 0 0 0 0 0 0 0 0 0 0 0 0 0 0 0 0 0.99998065 5.36912469588576e-06 0.99998065 5.36912469588576e-06 0 0 0 0 0 0 0.2046843 0.0159404592941985 0 0 0 0 0 0 0 0 0 0 0 0 0 0 7.4 5.16139516022558 7.4 5.16139516022558 0 0 0 0 0 0 0.1 1.38777878078145e-17 1 0 0 0 52575105 256701.29231268 0 0 0 0 0 0 0 0 0 0 52575105 256701.29231268 52575105 256701.29231268 0 0 0 0 0 0 0 0 0 0 0 0 0 0 0.2046843 0.0159404592941985 0 0 0 0 0 0 0 0 0 0 0 0 0 0 0.010826875 0.00127807955644201 nan nan nan nan nan nan 1.97225695 0.723045387757745 0 0 0 0 0 0 0 0 
60 52597115 198884.741181922 52597115 198884.741181922 0 0 0 0 0 0 115.45 11.6553635721928 0.01148586 0.001444454520319 0 0 0 0 0 0 0 0 0 0 0 0 0 0 0 0 0.99998 7.34166193719576e-06 0.99998 7.34166193719576e-06 0 0 0 0 0 0 0.21514815 0.0134776698144561 0 0 0 0 0 0 0 0 0 0 0 0 0 0 9.5 8.41130192063036 9.5 8.41130192063036 0 0 0 0 0 0 0.1 1.38777878078145e-17 1 0 0 0 52597115 198884.741181922 0 0 0 0 0 0 0 0 0 0 52597115 198884.741181922 52597115 198884.741181922 0 0 0 0 0 0 0 0 0 0 0 0 0 0 0.21514815 0.0134776698144561 0 0 0 0 0 0 0 0 0 0 0 0 0 0 0.01148586 0.001444454520319 nan nan nan nan nan nan 1.78321515 0.802292848784861 0 0 0 0 0 0 0 0 
62 52707910 198120.584241012 52707910 198120.584241012 0 0 0 0 0 0 120.4 11.7021365570566 0.012196129 0.00151683591190972 0 0 0 0 0 0 0 0 0 0 0 0 0 0 0 0 0.9999785 5.04479930224994e-06 0.9999785 5.04479930224994e-06 0 0 0 0 0 0 0.2271298 0.0154135379442878 0 0 0 0 0 0 0 0 0 0 0 0 0 0 11.2 10.1370607179794 11.2 10.1370607179794 0 0 0 0 0 0 0.1 1.38777878078145e-17 1 0 0 0 52707910 198120.584241012 0 0 0 0 0 0 0 0 0 0 52707910 198120.584241012 52707910 198120.584241012 0 0 0 0 0 0 0 0 0 0 0 0 0 0 0.2271298 0.0154135379442878 0 0 0 0 0 0 0 0 0 0 0 0 0 0 0.012196129 0.00151683591190972 nan nan nan nan nan nan 2.12425305 0.861664935084252 0 0 0 0 0 0 0 0 
64 52734620 155656.665774389 52734620 155656.665774389 0 0 0 0 0 0 123 8.39047078536121 0.01248103 0.00108789458960875 0 0 0 0 0 0 0 0 0 0 0 0 0 0 0 0 0.99997605 5.55405257445774e-06 0.99997605 5.55405257445774e-06 0 0 0 0 0 0 0.2335462 0.0123770824373113 0 0 0 0 0 0 0 0 0 0 0 0 0 0 10.8 7.95989949685296 10.8 7.95989949685296 0 0 0 0 0 0 0.1 1.38777878078145e-17 1 0 0 0 52734620 155656.665774389 0 0 0 0 0 0 0 0 0 0 52734620 155656.665774389 52734620 155656.665774389 0 0 0 0 0 0 0 0 0 0 0 0 0 0 0.2335462 0.0123770824373113 0 0 0 0 0 0 0 0 0 0 0 0 0 0 0.01248103 0.00108789458960875 nan nan nan nan nan nan 2.12677205 0.785235166970283 0 0 0 0 0 0 0 0 
66 52870120 146804.419552001 52870120 146804.419552001 0 0 0 0 0 0 133.9 9.44933860119321 0.01379544 0.00121772475888437 0 0 0 0 0 0 0 0 0 0 0 0 0 0 0 0 0.9999716 7.67072356430286e-06 0.9999716 7.67072356430286e-06 0 0 0 0 0 0 0.25030025 0.012338761152867 0 0 0 0 0 0 0 0 0 0 0 0 0 0 10.65 6.51363953562062 10.65 6.51363953562062 0 0 0 0 0 0 0.1 1.38777878078145e-17 1 0 0 0 52870120 146804.419552001 0 0 0 0 0 0 0 0 0 0 52870120 146804.419552001 52870120 146804.419552001 0 0 0 0 0 0 0 0 0 0 0 0 0 0 0.25030025 0.012338761152867 0 0 0 0 0 0 0 0 0 0 0 0 0 0 0.01379544 0.00121772475888437 nan nan nan nan nan nan 2.5526505 1.05034336621162 0 0 0 0 0 0 0 0 
68 52857750 118884.454408472 52857750 118884.454408472 0 0 0 0 0 0 133.75 12.0161349859262 0.01395872 0.00127720730760515 0 0 0 0 0 0 0 0 0 0 0 0 0 0 0 0 0.99997305 7.92133195869732e-06 0.99997305 7.92133195869732e-06 0 0 0 0 0 0 0.25710125 0.0102709153724242 0 0 0 0 0 0 0 0 0 0 0 0 0 0 20.35 19.9756727045674 20.35 19.9756727045674 0 0 0 0 0 0 0.1 1.38777878078145e-17 1 0 0 0 52857750 118884.454408472 0 0 0 0 0 0 0 0 0 0 52857750 118884.454408472 52857750 118884.454408472 0 0 0 0 0 0 0 0 0 0 0 0 0 0 0.25710125 0.0102709153724242 0 0 0 0 0 0 0 0 0 0 0 0 0 0 0.01395872 0.00127720730760515 nan nan nan nan nan nan 2.222377 0.631907243550032 0 0 0 0 0 0 0 0 
70 52826560 134244.457613713 52826560 134244.457613713 0 0 0 0 0 0 136.7 12.2274281842095 0.014402475 0.00128137979649868 0 0 0 0 0 0 0 0 0 0 0 0 0 0 0 0 0.99997195 8.33951437434164e-06 0.99997195 8.33951437434164e-06 0 0 0 0 0 0 0.26299255 0.0107602592695297 0 0 0 0 0 0 0 0 0 0 0 0 0 0 20.3 15.3332971014065 20.3 15.3332971014065 0 0 0 0 0 0 0.1 1.38777878078145e-17 1 0 0 0 52826560 134244.457613713 0 0 0 0 0 0 0 0 0 0 52826560 134244.457613713 52826560 134244.457613713 0 0 0 0 0 0 0 0 0 0 0 0 0 0 0.26299255 0.0107602592695297 0 0 0 0 0 0 0 0 0 0 0 0 0 0 0.014402475 0.00128137979649868 nan nan nan nan nan nan 2.557221 0.97387231209692 0 0 0 0 0 0 0 0 
