#1-sta 2-avgThroughput 3-stdThroughput 4-JFI 5-stdJFI 6-Bandwidth 7-avgDelay 8-stdDelay 9-avgBackoffStage 10-stdBackoffStage 11-totalFractionOfCollisionSlots 12.stdCollidingSlots 13.avgThroughputDCF 14. stdThroughputDCF 15.avgThroughputECA 16.stdThroughputECA 17.Sum of 15 and 16 18. std of 17 19. AvgBlockingProb 20. StdBlockingProb 21. AvgDroppedPackets 22.StdDropped 23.SxSlots 24.stdSxSlots 25.ColSlots 26.StdColSlots 27.EmptySlots 28.stdEmpty 29.totalSlots 30.stdTotalSlots 31.averageTAU 32.stdTAU 33.avgQSize 34.stdQSize 35.avgQEmpty 36.stdQEmpty 37. avgQDelay 38. stdQDelay
2 2.00178e+06 10221.4 0.999968 4.38759e-05 1e+06 0.000254017 4.41486e-07 0 0 1.41558e-06 4.13736e-07 1.00096e+06 7981.55 1.00084e+06 7213.2 2.0018e+06 10219.5 0 0 0 0 24434.8 124.894 14.798 4.32512 1.04292e+07 3485.25 1.04537e+07 3359.01 0.00117013 6.35906e-06 0.0555556 0.157135 23656 116.548 0.000266463 0
#3 3.00036e+06 12230.5 0.999937 6.13081e-05 1e+06 0.000256006 5.9893e-07 0 0 7.59653e-06 9.61069e-07 999916 8684.24 1.00034e+06 6262.3 3.00059e+06 12225.6 0 0 0 0 36618.1 148.865 76.9091 9.72562 1.00876e+07 4187.24 1.01243e+07 4035.22 0.00121068 5.46379e-06 0.026936 0.0908466 35431.9 137.455 0.000272399 0
4 3.9996e+06 14913.5 0.999935 4.5779e-05 1e+06 0.00025932 6.07306e-07 0 0 2.29069e-05 1.48213e-06 1.00052e+06 6594.97 999526 5538.32 4.0001e+06 14888.5 0 0 0 0 48806.6 181.279 224.313 14.4842 9.74344e+06 5148.17 9.79247e+06 4963.9 0.00125752 5.44165e-06 0.0378788 0.108733 47193.6 168.953 0.000279827 0
#5 5.0001e+06 18959.6 0.999937 4.66515e-05 1e+06 0.00026375 8.9769e-07 0 0 5.03665e-05 2.76884e-06 1.00061e+06 5735.54 1.00003e+06 4672.64 5.00131e+06 19025.7 0 0 0 0 60991.3 231.125 476.343 26.1071 9.39617e+06 6591.95 9.45763e+06 6355.98 0.00131009 6.03159e-06 0.0363636 0.103918 58945.1 214.714 0.000288425 0
#6 5.99813e+06 21791.6 0.999928 4.39009e-05 1e+06 0.000269691 9.61227e-07 0.003367 0.0333316 9.52324e-05 3.36634e-06 1e+06 5552.73 1.00002e+06 4448.3 6.00006e+06 21799.1 0 0 0 0 73146.4 264.708 868.495 30.4569 9.04582e+06 7640.76 9.11983e+06 7366.82 0.00136892 6.3136e-06 0.0404041 0.0788915 70623.5 251.582 0.000298805 0
#7 6.99739e+06 22650.2 0.99993 4.02656e-05 1e+06 0.000277194 1.1676e-06 0 0 0.000162758 4.81874e-06 999707 5300.46 1.00045e+06 4310.07 7.00093e+06 22599.3 0 0 0 0 85276.4 273.805 1428.61 41.706 8.69087e+06 8136.39 8.77757e+06 7846.51 0.0014352 6.36085e-06 0.021645 0.0550992 82294.8 260.555 0.000310852 0
8 7.99549e+06 25087.8 0.999932 3.56186e-05 1e+06 0.000287053 1.33109e-06 0.00378788 0.0278351 0.000262719 5.9503e-06 999981 3777.41 1.00009e+06 4351.72 8.0003e+06 25140.9 0 0 0 0 97400.2 306.137 2214.57 49.063 8.32989e+06 9086.89 8.42951e+06 8762.24 0.0015115 6.81755e-06 0.0429293 0.077772 93884.8 286.361 0.000325718 0
#9 8.99316e+06 27863.1 0.99993 3.14601e-05 1e+06 0.000298489 1.62043e-06 0.00448933 0.0312646 0.000395368 8.98486e-06 999981 4717.44 1.00021e+06 3859.01 9.00099e+06 27955.8 0 0 0 0 109443 332.559 3193.44 70.2788 7.96465e+06 10350.9 8.07728e+06 9984.89 0.00159577 7.59412e-06 0.043771 0.070305 105430 308.326 0.000342244 0
#10 9.99178e+06 29338.7 0.999929 3.11172e-05 1e+06 0.000313101 1.84936e-06 0.00808081 0.0367266 0.000579176 1.10533e-05 1.0002e+06 3956.79 1.00011e+06 4151.12 1.00015e+07 29489.3 0 0 0 0 121526 351.529 4469.06 81.3626 7.59038e+06 11129.4 7.71638e+06 10734.5 0.0016945 8.209e-06 0.0434343 0.0754269 116875 328.68 0.000362699 0
#11 1.0987e+07 29957.9 0.99993 3.01778e-05 1e+06 0.000330333 2.19456e-06 0.0156106 0.0501111 0.0008164 1.38106e-05 1.00005e+06 3731.92 1.00015e+06 3983.25 1.10012e+07 30218.7 0 0 0 0 133430 363.57 6001.45 96.156 7.21181e+06 11453.2 7.35124e+06 11046.5 0.00180416 8.52796e-06 0.0560147 0.0793443 128223 331.556 0.00038612 0
12 1.1985e+07 30293.9 0.999928 3.30235e-05 1e+06 0.000351931 2.55607e-06 0.0151515 0.0584638 0.00113338 1.81978e-05 999990 4017.59 1.00035e+06 3073.25 1.2002e+07 30383.2 0 0 0 0 145422 360.651 7904.58 116.75 6.82119e+06 12297.6 6.97451e+06 11863.3 0.00193464 9.63115e-06 0.0521886 0.073575 139432 327.428 0.000415008 0
#13 1.29782e+07 30178.5 0.999923 3.03707e-05 1e+06 0.000378288 3.17181e-06 0.020979 0.0626341 0.00154353 1.99452e-05 1.00023e+06 4031.85 1.00001e+06 3269.18 1.30015e+07 30355.3 0 0 0 0 157136 351.822 10174.7 118.314 6.42463e+06 12085.9 6.59194e+06 11664.7 0.00208282 9.70757e-06 0.059829 0.0878457 150489 312.37 0.000449507 0
#14 1.39738e+07 31175.8 0.999927 2.88515e-05 1e+06 0.000410644 3.77113e-06 0.0310245 0.0719043 0.00207787 2.50747e-05 1.00022e+06 3359.88 999987 3858.71 1.40014e+07 31300.1 0 0 0 0 168971 361.743 12873.7 134.943 6.01391e+06 12909.1 6.19576e+06 12460 0.00226109 1.12142e-05 0.0721501 0.0899477 161321 317.34 0.000491917 0
#15 1.49656e+07 33034.7 0.999925 2.62533e-05 1e+06 0.0004501 4.60793e-06 0.0114478 0.0402466 0.0027604 3.11917e-05 1.00014e+06 3684.36 1.00011e+06 2918.43 1.50018e+07 33345.4 0 0 0 0 180411 384.138 15991.6 153.955 5.59691e+06 13502 5.79332e+06 13034 0.00246656 1.24153e-05 0.0444444 0.0621355 171914 343.667 0.0005433 0
16 1.59588e+07 34775.9 0.999926 2.62567e-05 1e+06 0.000500673 5.37162e-06 0.0265152 0.0804869 0.00366834 4.41543e-05 1.00022e+06 3037.82 999806 3251.2 1.60002e+07 35120.8 0 0 0 0 191977 397.267 19708 191.259 5.16093e+06 15367.8 5.37262e+06 14838.7 0.00272241 1.58127e-05 0.0713384 0.0960924 182084 343.394 0.000610589 0
#17 1.69452e+07 34550.1 0.999925 2.81399e-05 1e+06 0.000563468 7.69755e-06 0.0505051 0.115854 0.00484009 6.09759e-05 999571 2813.91 1.00018e+06 3275.61 1.69982e+07 35114.6 0 0 0.00297088 0.0128814 202904 379.525 23938.2 232.688 4.71916e+06 16346.8 4.946e+06 15792.8 0.00302413 1.91166e-05 0.0814023 0.113012 191855 330.143 0.000694108 0
#18 1.79399e+07 34902.8 0.999926 2.45298e-05 1e+06 0.000647665 1.08182e-05 0.0634119 0.144097 0.00646164 7.58039e-05 1.00016e+06 2730.31 999781 2713.54 1.79995e+07 35519.4 0 0 0.00617285 0.0221786 214056 398.054 29019.8 248.551 4.2482e+06 16630.5 4.49127e+06 16063.6 0.00342259 2.25267e-05 0.107744 0.143187 200891 317.95 0.000812144 0
#19 1.89257e+07 35633.9 0.999928 2.46328e-05 1e+06 0.000755495 1.31994e-05 0.0515683 0.102018 0.0086218 0.000109849 999746 2916.53 1.00025e+06 2417.23 1.90003e+07 36327.1 0 0 0.0132908 0.0320394 224163 359.776 34750.2 298.158 3.77181e+06 18315 4.03072e+06 17720.2 0.00391282 2.94029e-05 0.0962254 0.098689 209152 274.705 0.000967284 0
20 1.99156e+07 36155.3 0.999922 2.62592e-05 1e+06 0.000913023 2.10079e-05 0.145455 0.196701 0.0118296 0.00015295 999986 2698.11 999995 2620.97 1.99998e+07 36993.5 0 0 0.0540404 0.0698761 234280 352.977 41773.1 333.267 3.25541e+06 19152.9 3.53147e+06 18557.6 0.00461052 3.81643e-05 0.177273 0.193489 215654 314.857 0.00121743 0
#21 2.08981e+07 37149.6 0.999919 2.84619e-05 1e+06 0.0011247 3.03314e-05 0.144781 0.217105 0.0163522 0.000219794 999791 2839.19 1.00021e+06 2598.43 2.10002e+07 37537.4 0 0 0.144781 0.101731 242574 325.657 49522.8 367.089 2.73666e+06 19746.9 3.02876e+06 19170.6 0.00552864 5.09374e-05 0.175084 0.206274 220438 359.255 0.00158319 0
#22 2.18833e+07 37404.8 0.99992 2.35357e-05 1e+06 0.0014722 6.1965e-05 0.259871 0.332584 0.0240216 0.000383362 1.00001e+06 2567.25 999793 2232.89 2.19978e+07 37940.4 0 0 0.686409 0.258142 250234 334.079 59276.9 450.891 2.15847e+06 21901.9 2.46798e+06 21315.8 0.00703187 8.15743e-05 0.290174 0.354317 220715 507.222 0.00230931 0
#23 2.28546e+07 36881 0.999917 2.55379e-05 1e+06 0.00200313 0.000126059 0.398331 0.33597 0.0364851 0.000699352 999464 2397.27 999858 2623.33 2.29924e+07 37483.5 0 0 2.86166 0.586077 253801 298.964 69775.6 518.095 1.5893e+06 23360.2 1.91288e+06 22858 0.00932139 0.000137574 0.476504 0.427024 215608 831.576 0.00368932 0
24 2.38123e+07 37309.8 0.999917 2.48963e-05 1e+06 0.00324443 0.000668262 0.739899 0.506589 0.0663218 0.00176995 999295 2536.81 997896 2633.21 2.39663e+07 38131.7 0 0 15.7626 2.22943 252045 657.779 83443.4 569.387 923343 25398.8 1.25883e+06 25285.6 0.0145932 0.000322454 1.13552 0.981135 190126 2261.2 0.00911406 0
#25 2.43063e+07 37456.5 0.999792 6.83264e-05 1e+06 0.0086714 0.111138 2.13333 0.313572 0.152071 0.00218957 972622 3167.14 985373 2583.21 2.44813e+07 38292.3 0 0 126.974 7.32209 216789 1342.09 95159.6 315.58 313930 7496.08 625878 8601.18 0.0276447 0.000306764 126.625 22.9532 77535.9 3518.34 0.508302 0
#26 2.41418e+07 33440.2 0.997089 0.000257172 1e+06 0.00994925 0.0778215 2.19891 0.320071 0.162536 0.000502437 887527 2325.18 982899 2489.24 2.43155e+07 33819.2 0.0136867 0.0016835 145.487 5.5195 209215 794.728 96061.1 348.351 285745 1825.65 591021 2720.11 0.0278118 6.70908e-05 477.831 7.76737 65498.4 717.966 2.52782 0
#27 2.42558e+07 626336 0.98285 0.0955392 1e+06 0.0108561 0.0702379 2.30902 0.297051 0.166853 0.000413665 825387 21481.1 3.08005e+07 2.95189e+08 4.41937e+08 4.13236e+09 0.0427495 0.019391 153.218 7.08638 200491 5337.03 94323.4 2466.7 270504 7218.73 565318 14970.8 0.0272299 5.3814e-05 480.666 52.5311 65851.2 1885.3 3.29465 0
28 2.42e+07 34601.8 0.984195 0.000517163 1e+06 0.0117866 0.0348076 2.38348 0.31683 0.1727 0.00033666 761660 2249.13 980059 2304.79 2.43841e+07 35962.1 0.0750429 0.00153944 162.332 5.51884 196055 834.848 94798.4 410.402 258066 1374.6 548920 2363.52 0.0268608 4.89185e-05 497.067 1.62488 62047.7 633.015 4.10379 0
#29 2.53614e+07 9.25617e+06 0.965465 0.094048 1e+06 0.0128516 0.402812 2.37896 0.325199 0.176485 0.000592904 702327 66421.3 -5.62608e+06 6.5393e+07 -7.45585e+07 9.81824e+08 0.105496 0.0765862 166.088 16.8342 185922 17573.2 91787.2 8684.72 242280 22877.1 519990 49120.6 0.0263062 6.23119e-05 487.056 51.8439 61628.5 5831.69 4.39517 0
#30 2.43136e+07 40408.4 0.962084 0.0010399 1e+06 0.0139084 0.02754 2.55926 0.31461 0.181899 0.000437571 655355 2623.28 978303 2706.03 2.45049e+07 41371.5 0.127818 0.00147455 174.908 5.65408 182826 994.579 92545.2 565.293 233402 1590.37 508773 2941.31 0.0259333 5.01339e-05 500.292 1.615 58452.2 742.387 5.09536 0
#31 2.45849e+07 41336.3 0.94926 0.0011476 1e+06 0.0152669 0.0307415 2.52493 0.284963 0.185358 0.000472856 609105 2529.32 977897 2674.52 2.47829e+07 43073.4 0.146086 0.00143069 179.225 6.00709 174034 917.385 89718.8 527.973 220278 1426.54 484031 2647.42 0.0254179 5.17862e-05 485.042 1.48906 57649.9 709.889 5.38116 0
32 2.44766e+07 44418.8 0.933477 0.00124279 1e+06 0.0165085 0.0313259 2.72159 0.276781 0.190298 0.0004706 565614 2414.32 976271 2581.09 2.46702e+07 45950.3 0.172635 0.00141315 184.981 5.80472 169140 1121.84 89106.7 618.941 210001 1378.44 468248 2910.83 0.025053 5.4694e-05 501.92 1.60643 53748.1 843.314 6.03859 0
#33 2.47867e+07 49170.1 0.917889 0.00139957 1e+06 0.0182621 0.036987 2.7083 0.284352 0.193254 0.000491016 524090 2560 976386 2603.06 2.4984e+07 50426.5 0.187577 0.00136144 186.284 6.11447 159899 1292.72 85555.9 743.914 197255 1472.77 442710 3350.13 0.0245483 5.33174e-05 487.743 1.95907 52070.6 981.143 6.34847 0
#34 2.4685e+07 51276.7 0.899884 0.00145913 1e+06 0.0197113 0.0403344 2.79055 0.308538 0.197357 0.000551409 487975 2497.1 975308 2395.35 2.48758e+07 52378.7 0.211438 0.00147613 190.053 5.92715 155108 1319.95 84482.1 796.096 188475 1719.96 428066 3684.49 0.0241588 5.32031e-05 503.491 2.23984 48266.2 957.881 7.04292 0
#35 2.50476e+07 47663.7 0.883314 0.00144124 1e+06 0.022008 0.0388201 2.86089 0.2728 0.199695 0.000555178 451703 2267.22 975417 2261.99 2.52364e+07 49397.4 0.2232 0.00120643 188.301 5.02398 145670 1246.98 80241.3 813.282 175902 1482.2 401814 3418.63 0.0236649 5.21219e-05 490.719 2.41697 45705.7 963.776 7.38717 0
36 2.49556e+07 51750.7 0.864661 0.00151135 1e+06 0.0238818 0.0491272 2.96409 0.29696 0.20323 0.000629828 422273 2265.31 974143 2178.57 2.51355e+07 53713.3 0.244529 0.00128316 191.07 6.25417 140756 1362.35 78679.2 898.358 167702 1621.34 387138 3744.13 0.0232681 5.77326e-05 505.773 2.46464 41628.4 1061.39 8.11707 0
#37 2.53645e+07 51933.8 0.847266 0.00153893 1e+06 0.0272248 0.0520735 3.10183 0.23835 0.204069 0.000729477 389373 2150.05 975107 2362.5 2.55357e+07 54791.2 0.254085 0.00121317 184.979 6.39434 130515 1547.23 73295.9 1083.22 155351 1784.36 359162 4320.17 0.0226988 6.20769e-05 494.435 2.65888 37838.3 1250.13 8.53147 0
#38 2.52978e+07 55822.6 0.828527 0.00170617 1e+06 0.0295871 0.062334 3.10048 0.260173 0.206845 0.000883446 365389 2163.56 974457 2525.62 2.54571e+07 57412.6 0.273209 0.00117262 184.248 6.60154 126013 1546.84 71507.7 1078.7 148172 1561.51 345693 4059.15 0.0222993 7.84745e-05 508.46 3.77006 34016 1205.79 9.29584 0
#39 2.57799e+07 56446.1 0.812636 0.00178035 1e+06 0.0348529 0.0687353 3.24113 0.263938 0.2055 0.00129895 337440 2315.06 975534 2291.84 2.5922e+07 59148.6 0.280115 0.0011937 174.189 7.42214 115301 1944.22 65028.9 1486.8 136082 2073.77 316412 5430.79 0.0216245 9.82574e-05 498.145 3.97577 28936.1 1629.62 9.75679 0
40 2.57151e+07 51354.2 0.793713 0.00170116 1e+06 0.0388918 0.0697941 3.30884 0.256342 0.206758 0.0013863 316872 1981.32 975143 2271.88 2.58403e+07 53524.4 0.297837 0.00113033 169.777 7.56637 110134 1706.96 62323.6 1357.49 128947 1722.21 301405 4708.02 0.0211622 0.000100475 514.749 5.62901 24527.4 1427.33 10.6011 0
#41 2.62851e+07 52358.6 0.780586 0.00157455 1e+06 0.0494702 0.0865029 3.45873 0.279293 0.201382 0.00229765 294063 1813.88 976125 2403.66 2.63799e+07 56878.5 0.302045 0.00101261 152.434 6.69701 98743.4 2209.35 54420.2 1825.32 117004 2140.96 270168 6104.31 0.0202732 0.00015873 512.772 9.7666 17969.7 1926.27 11.0938 0
#42 2.62328e+07 69603.6 0.763345 0.0016397 1e+06 0.0582944 0.0979525 3.56806 0.227946 0.200371 0.00273716 277792 1670.53 974850 3248.61 2.63055e+07 71781.9 0.317902 0.000944095 144.81 8.46126 93700.3 2309.92 51253.5 1955.08 110755 2148.83 255709 6351.09 0.0197223 0.000179894 534.778 12.9884 13546.7 2013.19 11.9896 0
#43 2.67775e+07 101304 0.758008 0.00158929 1e+06 0.0838719 0.140215 3.78177 0.20184 0.191862 0.00275206 263316 1302.99 967581 4926.32 2.68164e+07 106768 0.317932 0.000739901 125.891 8.23839 83837.5 1901.34 43886.3 1609.7 100944 1706.85 228668 5156.02 0.0187305 0.000172014 586.771 30.1701 7311.3 1714.69 12.5415 0
44 2.65535e+07 146774 0.745764 0.00190811 1e+06 0.0972324 0.155907 3.81244 0.161785 0.192608 0.00151899 251847 1128.59 956340 6950.67 2.65801e+07 149650 0.331492 0.000728739 123.636 8.85888 81224.7 1037.83 42587.6 848.38 97278.9 1011.6 221091 2787.21 0.0183536 9.58943e-05 662.93 37.9815 4932.77 914.975 13.5322 0
#45 2.67696e+07 147997 0.747872 0.00219129 1e+06 0.121323 0.164558 3.87677 0.170364 0.189367 0.00115939 242641 1166.03 932392 7000.01 2.67831e+07 150196 0.330851 0.00110821 115.706 7.72144 76345.2 678.611 39377.4 532.574 92211.4 627.601 207934 1701.56 0.0177534 7.43632e-05 786.755 35.9179 2666.39 599.569 14.2715 0
#46 2.64962e+07 156577 0.73681 0.00221548 1e+06 0.127077 0.156752 3.91304 0.146271 0.192995 0.000944224 232689 1111.15 919788 7265.51 2.6507e+07 157760 0.345242 0.00169077 118.658 6.50468 75746.8 566.418 39719.5 446.591 90335 710.005 205801 1571.98 0.0175866 6.05535e-05 839.519 26.8151 2102.51 465.441 15.2212 0
#47 2.65731e+07 158345 0.740504 0.00208084 1e+06 0.142154 0.12687 3.90866 0.146546 0.192451 0.000813104 224564 1039.26 892293 6910.91 2.658e+07 158635 0.350003 0.00247895 114.276 7.52068 72757.8 385.19 38051.5 283.79 86909.6 543.019 197719 948.792 0.0171777 5.78521e-05 915.824 16.3285 1386.61 283.384 15.938 0
48 2.62704e+07 186769 0.730262 0.00226891 1e+06 0.144963 0.149541 3.90909 0.146761 0.196777 0.00087682 215765 826.77 879083 8092.04 2.62764e+07 187172 0.36605 0.0029104 118.099 8.16821 72559.3 339.388 38696.1 282.738 85392.7 401.044 196648 788.076 0.0170657 5.35577e-05 937.295 15.4271 1184.87 235.133 16.8495 0
#49 2.6327e+07 183014 0.734351 0.00225734 1e+06 0.156296 0.137108 3.89755 0.1572 0.196957 0.000703639 208574 855.467 853017 7650.72 2.63312e+07 183540 0.374195 0.00323636 116.496 8.03354 70216.3 299.875 37484.1 202.311 82615.6 452.994 190316 707.072 0.0167252 5.03627e-05 962.231 8.5392 895.869 180.611 17.4064 0
#50 2.60504e+07 170790 0.724068 0.00225328 1e+06 0.157368 0.110206 3.92384 0.145246 0.20144 0.000838729 200465 895.926 841717 7163.8 2.60545e+07 171041 0.389737 0.00317647 120.823 6.91896 70095 287.975 38180 215.363 81260 436.195 189535 630.711 0.0166384 5.5183e-05 966.867 6.47885 825.939 149.012 18.2473 0
#51 2.60794e+07 180367 0.728444 0.00213576 1e+06 0.167475 0.0923665 3.94197 0.13377 0.20177 0.000662887 194160 762.872 816470 7223.32 2.60822e+07 180727 0.398913 0.00341337 120.75 6.66851 68062.9 244.684 37152.4 152.265 78916.7 347.275 184132 482.013 0.0163214 4.19215e-05 972.465 5.05087 661.303 123.474 18.7006 0
52 2.57806e+07 157928 0.719037 0.00209561 1e+06 0.168924 0.0930129 3.9122 0.166916 0.206201 0.000695725 186995 925.64 804662 6285.96 2.57831e+07 157811 0.414103 0.00290152 123.175 7.38144 67964.2 303.533 37821.7 177.643 77635.6 435.032 183421 594.825 0.0162436 4.91472e-05 975.371 4.6326 593.677 116.415 19.5078 0
#53 2.58287e+07 158588 0.723213 0.00216262 1e+06 0.177655 0.0724253 3.97027 0.141376 0.20678 0.000766683 181301 857.326 782101 6215.78 2.58306e+07 158782 0.422345 0.00278593 122.665 7.35624 66157.8 258.207 36907.2 163.422 75420.4 390.076 178485 509.293 0.0159673 4.628e-05 977.988 4.89487 523.525 101.07 19.8683 0
#54 2.55099e+07 175276 0.714439 0.00215653 1e+06 0.17892 0.0717748 3.9089 0.149236 0.211166 0.000645896 174882 771.216 770007 6748.27 2.5512e+07 175261 0.436797 0.00306748 127.132 7.35385 66075.6 248.139 37589.1 156.423 74342.5 367.216 178007 490.473 0.0158887 4.11807e-05 980.137 3.96441 475.919 79.8134 20.6603 0
#55 2.56062e+07 184214 0.717763 0.00229784 1e+06 0.186741 0.078691 3.9427 0.155665 0.211665 0.000756904 169418 807.253 751199 6885.55 2.56078e+07 184303 0.443552 0.00312166 126.605 7.35822 64336.4 252.258 36673.4 155.59 72252.2 429.342 173262 549.05 0.0156247 4.93568e-05 981.607 3.05813 443.606 74.5971 20.9557 0
56 2.53287e+07 184461 0.708932 0.00203598 1e+06 0.187391 0.0911706 3.94462 0.137936 0.215946 0.000673903 163663 695.259 740996 6700.91 2.53304e+07 184827 0.456459 0.00296173 129.429 7.66799 64300.5 249.882 37339.2 141.193 71270.5 355.965 172910 457.136 0.0155534 4.34704e-05 983.189 3.54807 422.313 76.3132 21.7059 0
#57 2.53829e+07 183581 0.712767 0.00208082 1e+06 0.195988 0.0869022 3.96615 0.143403 0.21663 0.000849732 158841 681.872 721949 6452.94 2.53841e+07 183852 0.463383 0.00292604 128.959 7.97309 62676 226.9 36504 171.952 69329.2 408.024 168509 546.564 0.0153113 4.45778e-05 984.503 2.90327 374.051 64.843 22.0017 0
#58 2.51057e+07 206962 0.70438 0.00227041 1e+06 0.196461 0.0861619 3.96465 0.141358 0.220708 0.000901101 153543 694.516 712214 7313.84 2.5107e+07 206978 0.475505 0.00327308 132.186 7.65367 62620.3 235.157 37124.8 158.633 68463 356.441 168208 446.128 0.0152363 4.42273e-05 985.105 2.77365 366.364 64.8358 22.7316 0
#59 2.51582e+07 168915 0.708148 0.00211406 1e+06 0.205182 0.0803251 3.98202 0.144378 0.221406 0.000804103 149178 785.292 694432 5846.36 2.51591e+07 169022 0.482004 0.00273117 129.868 7.05067 61098.1 266.333 36322.8 159.984 66634.6 361.108 164055 431.969 0.0150102 4.60288e-05 986.544 2.34641 319.616 57.6036 22.9859 0
60 2.49027e+07 167212 0.699877 0.0018592 1e+06 0.205997 0.0782443 3.98855 0.117532 0.225544 0.000683755 144409 661.765 685715 5687.75 2.49037e+07 167159 0.493114 0.00255723 132.908 7.02637 61044.9 249.903 36926 162.954 65749.1 387.034 163720 560.314 0.0149475 3.99668e-05 986.944 2.62233 299.232 57.0474 23.6908 0
#61 2.49287e+07 162661 0.703639 0.00195098 1e+06 0.214199 0.0727295 4.00497 0.133047 0.226316 0.000750561 140253 597.09 668451 5432.3 2.49296e+07 162438 0.499426 0.00250166 133.26 6.72462 59566 201.414 36160.1 154.68 64050.6 367.37 159777 465.737 0.0147325 4.30101e-05 988.087 2.39296 284.828 47.11 23.9498 0
#62 2.46995e+07 196889 0.695285 0.00231179 1e+06 0.214515 0.0861864 3.98876 0.138623 0.230269 0.000771687 135876 636.84 660911 6551.59 2.47004e+07 196821 0.509483 0.00307513 135.482 7.08694 59528.8 223.961 36753.9 155.216 63329.9 324.617 159613 419.241 0.0146666 3.85589e-05 988.358 2.32886 279.061 49.9601 24.6166 0
#63 2.47224e+07 179266 0.699304 0.00195411 1e+06 0.223241 0.0811029 4.00914 0.1345 0.231014 0.000857458 132208 564.832 644517 5774.4 2.4723e+07 179584 0.515417 0.0027591 135.001 6.73976 58163 205.907 35994.3 156.797 61652.9 326.967 155810 394.156 0.0144674 4.32384e-05 989.075 2.03427 251.394 41.6575 24.8461 0
64 2.44459e+07 161026 0.691896 0.00199185 1e+06 0.22398 0.0742295 4.01736 0.121841 0.234907 0.000817312 128259 573.941 635700 5263.82 2.44467e+07 161220 0.525548 0.00233161 138.689 7.58502 58117.7 203.388 36577.9 161.97 61016.6 337.336 155712 449.539 0.0144014 3.98599e-05 989.361 1.94759 244.737 44.055 25.4954 0
#65 2.45049e+07 163075 0.695457 0.00189211 1e+06 0.232175 0.0781865 4.01399 0.125921 0.235576 0.000805303 124829 571.758 621546 5136.84 2.45055e+07 163051 0.530567 0.00232141 137.374 6.48684 56826.3 211.245 35850.8 137.629 59506.7 321.54 152184 399.069 0.0142087 4.01201e-05 990.27 1.96611 227.879 37.3556 25.6962 0
#66 2.42283e+07 150770 0.68816 0.00184216 1e+06 0.233207 0.0753945 4.00643 0.142477 0.239621 0.000872589 121099 592.324 613107 4704.59 2.42288e+07 150667 0.540224 0.00221909 140.336 5.52339 56729.1 223.315 36410 144.776 58809.4 325.008 151949 373.234 0.0141562 4.37838e-05 990.229 1.60029 218.667 34.5826 26.3436 0
#67 2.42745e+07 179341 0.691667 0.00210986 1e+06 0.241265 0.0796481 4.04297 0.139872 0.240173 0.00073491 117936 527.081 599498 5458.29 2.42748e+07 179406 0.545024 0.0025398 140.007 6.80964 55507.6 196.868 35696.4 130.67 57424.3 300.852 148628 381.556 0.0139661 3.43709e-05 990.805 1.784 212.182 37.4801 26.5151 0
68 2.40433e+07 185622 0.684424 0.0021262 1e+06 0.242026 0.0829004 4.03223 0.132389 0.244267 0.000847451 114611 542.791 592549 5609.14 2.40434e+07 185350 0.553376 0.00239264 143.385 7.61584 55462.1 214.333 36252.1 146.709 56697.9 370.341 148412 432.936 0.013923 4.26098e-05 990.846 1.59639 201.162 33.1214 27.1016 0
#69 2.40738e+07 195953 0.688095 0.00214965 1e+06 0.250324 0.0969911 4.00688 0.123463 0.244707 0.00076447 111764 550.738 579261 5755.97 2.40741e+07 195982 0.558152 0.00258882 141.906 6.77536 54326.5 211.336 35580.8 136.21 55494.6 314.934 145402 349.438 0.0137399 3.74389e-05 991.504 1.9124 194.081 35.3432 27.2398 0
#70 2.38341e+07 171779 0.681085 0.00198601 1e+06 0.250978 0.0814329 4.03348 0.125958 0.248605 0.000822339 108671 542.052 572312 5131.28 2.38344e+07 172009 0.566278 0.00229402 145.897 6.5498 54269.6 207.821 36086.4 139.469 54799.5 338.74 145156 363.964 0.0136954 4.21683e-05 991.858 1.39774 188.222 30.2049 27.8138 0
