#1 Nodes,                 #2 AvgThroughput,               #4 totalBKThroughput, 
#6 totalBEThroughput,       #8 totalVIThroughput,           #10 totalVOThroughput,
#12 totalCollisions,        #14 totalBKCollisions,          #16 totalBECollisions,
#18 totalVICollisions,      #20 TotalVOCollisions,          #22 totalInternalCollisions,    
#24 totalBKIntCol,          #26 totalBEIntCol,              #28 totalVIIntCol,
#30 totalVOIntCol,          #32 overallFairness,            #34 BKFairness,
#36 BEFairness,             #38 VIFairness,                 #40 VOFairness,
#42 avgTimeBtSxTxBK,        #44 avgTimeBtSxTxBE,            #46 avgTimeBtSxTxVI,
#48 avgTimeBtSxTxVO,        #50 qEmptyBK,                   #52 qEmptyBE,
#54 qEmptyVI,               #56 qEmptyVO                    #58 totalDropped,
#60 droppedBK,              #62 droppedBE                   #64 droppedVI,
#66 droppedVO               #68 channelErrors               #70 stickiness
#72 totalThroughputUnsat    #74 totalThroughputSat          #76 totalThroughputEDCA
#78 totalBKthroughputEDCA   #80 totalBEthroughputEDCA       #82 totalVIthroughputEDCA
#84 totalVOthroughputEDCA   #86 totalThroughputECA          #88 totalBKthroughputECA
#90 totalBEthroughputECA    #92 totalVIthroughputECA        #94 totalVOthroughputECA
#96 avgTimeBtSxTxBkEDCA     #98 avgTimeBtSxTxBeEDCA         #100 avgTimeBtSxTxViEDCA
#102 avgTimeBtSxTxVoEDCA    #104 avgTimeBtSxTxBkECA         #106 avgTimeBtSxTxBeECA
#108 avgTimeBtSxTxViECA     #110 avgTimeBtSxTxVoECA         #112 BKCollisionsEDCA
#114 BECollisionsEDCA       #116 VICollisionsEDCA           #118 VOCollisionsEDCA
#120 BKCollisionsECA        #122 BECollisionsECA            #124 VICollisionsECA
#126 VOCollisionsEDCA       #128 lastCollision              #130 avgQueuingDelayBK
#132 avgQueuingDelayBE      #134 avgQueuingDelayVI          #136 avgQueuingDelayVO
2 40053675 4638.95192904604 40053675 4638.95192904604 0 0 0 0 0 0 8.35 4.02833712591188 0.00013074944 7.4163307674526e-05 0 0 0 0 0 0 0 0 0 0 0 0 0 0 0 0 1 0 1 0 0 0 0 0 0 0 0.0029405185 3.72649872534526e-06 0 0 0 0 0 0 0 0 0 0 0 0 0 0 0 0 0 0 0 0 0 0 0 0 0.1 1.38777878078145e-17 1 0 0 0 40053675 4638.95192904604 0 0 0 0 0 0 0 0 0 0 40053675 4638.95192904604 40053675 4638.95192904604 0 0 0 0 0 0 0 0 0 0 0 0 0 0 0.0029405185 3.72649872534526e-06 0 0 0 0 0 0 0 0 0 0 0 0 0 0 0.00013074944 7.4163307674526e-05 nan nan nan nan nan nan 0.09696255 0.12299671674743 0 0 0 0 0 0 0 0 
4 44383600 76399.3193686959 44383600 76399.3193686959 0 0 0 0 0 0 10.65 2.05608851949521 0.00018817145 2.58542368393944e-05 0 0 0 0 0 0 0 0 0 0 0 0 0 0 0 0 0.9999995 6.70820393244401e-07 0.9999995 6.70820393244401e-07 0 0 0 0 0 0 0.0052898965 6.78147271081289e-05 0 0 0 0 0 0 0 0 0 0 0 0 0 0 0 0 0 0 0 0 0 0 0 0 0.1 1.38777878078145e-17 1 0 0 0 44383600 76399.3193686959 0 0 0 0 0 0 0 0 0 0 44383600 76399.3193686959 44383600 76399.3193686959 0 0 0 0 0 0 0 0 0 0 0 0 0 0 0.0052898965 6.78147271081289e-05 0 0 0 0 0 0 0 0 0 0 0 0 0 0 0.00018817145 2.58542368393944e-05 nan nan nan nan nan nan 1.8677841 7.55003088695633 0 0 0 0 0 0 0 0 
6 45942435 161433.872762193 45942435 161433.872762193 0 0 0 0 0 0 14.35 1.58981130955846 0.00026382995 3.33019170521383e-05 0 0 0 0 0 0 0 0 0 0 0 0 0 0 0 0 0.99999915 5.72276157107126e-07 0.99999915 5.72276157107126e-07 0 0 0 0 0 0 0.007528255 0.000177742604614088 0 0 0 0 0 0 0 0 0 0 0 0 0 0 0.05 0.217944947177034 0.05 0.217944947177034 0 0 0 0 0 0 0.1 1.38777878078145e-17 1 0 0 0 45942435 161433.872762193 0 0 0 0 0 0 0 0 0 0 45942435 161433.872762193 45942435 161433.872762193 0 0 0 0 0 0 0 0 0 0 0 0 0 0 0.007528255 0.000177742604614088 0 0 0 0 0 0 0 0 0 0 0 0 0 0 0.00026382995 3.33019170521383e-05 nan nan nan nan nan nan 15.10503585 20.0135696314691 0 0 0 0 0 0 0 0 
8 46936690 35532.5751951642 46936690 35532.5751951642 0 0 0 0 0 0 17.95 2.80133896556629 0.00036869925 5.08925350723218e-05 0 0 0 0 0 0 0 0 0 0 0 0 0 0 0 0 0.99999885 7.26291952297456e-07 0.99999885 7.26291952297456e-07 0 0 0 0 0 0 0.0100158525 6.30846891785161e-05 0 0 0 0 0 0 0 0 0 0 0 0 0 0 0 0 0 0 0 0 0 0 0 0 0.1 1.38777878078145e-17 1 0 0 0 46936690 35532.5751951642 0 0 0 0 0 0 0 0 0 0 46936690 35532.5751951642 46936690 35532.5751951642 0 0 0 0 0 0 0 0 0 0 0 0 0 0 0.0100158525 6.30846891785161e-05 0 0 0 0 0 0 0 0 0 0 0 0 0 0 0.00036869925 5.08925350723218e-05 nan nan nan nan nan nan 1.68144855 4.11897130828936 0 0 0 0 0 0 0 0 
10 47440635 90868.6979933134 47440635 90868.6979933134 0 0 0 0 0 0 20.3 1.73493515728975 0.0004464585 3.72238601148511e-05 0 0 0 0 0 0 0 0 0 0 0 0 0 0 0 0 0.9999985 5.91607978275367e-07 0.9999985 5.91607978275367e-07 0 0 0 0 0 0 0.01231023 0.000153928857268545 0 0 0 0 0 0 0 0 0 0 0 0 0 0 0 0 0 0 0 0 0 0 0 0 0.1 1.38777878078145e-17 1 0 0 0 47440635 90868.6979933134 0 0 0 0 0 0 0 0 0 0 47440635 90868.6979933134 47440635 90868.6979933134 0 0 0 0 0 0 0 0 0 0 0 0 0 0 0.01231023 0.000153928857268545 0 0 0 0 0 0 0 0 0 0 0 0 0 0 0.0004464585 3.72238601148511e-05 nan nan nan nan nan nan 10.40351035 16.2814714595987 0 0 0 0 0 0 0 0 
12 47729555 185961.102048251 47729555 185961.102048251 0 0 0 0 0 0 23.65 1.82414363469547 0.00053684405 2.92011033207223e-05 0 0 0 0 0 0 0 0 0 0 0 0 0 0 0 0 0.99999765 7.92148975882141e-07 0.99999765 7.92148975882141e-07 0 0 0 0 0 0 0.014558875 0.000280836813603559 0 0 0 0 0 0 0 0 0 0 0 0 0 0 0.05 0.217944947177034 0.05 0.217944947177034 0 0 0 0 0 0 0.1 1.38777878078145e-17 1 0 0 0 47729555 185961.102048251 0 0 0 0 0 0 0 0 0 0 47729555 185961.102048251 47729555 185961.102048251 0 0 0 0 0 0 0 0 0 0 0 0 0 0 0.014558875 0.000280836813603559 0 0 0 0 0 0 0 0 0 0 0 0 0 0 0.00053684405 2.92011033207223e-05 nan nan nan nan nan nan 13.76417435 18.3964375958372 0 0 0 0 0 0 0 0 
14 48013405 209191.363289692 48013405 209191.363289692 0 0 0 0 0 0 26.6 2.41660919471891 0.00063790585 4.62344415466165e-05 0 0 0 0 0 0 0 0 0 0 0 0 0 0 0 0 0.9999978 8.71779788702639e-07 0.9999978 8.71779788702639e-07 0 0 0 0 0 0 0.01695019 0.000356940633579311 0 0 0 0 0 0 0 0 0 0 0 0 0 0 0.2 0.871779788708135 0.2 0.871779788708135 0 0 0 0 0 0 0.1 1.38777878078145e-17 1 0 0 0 48013405 209191.363289692 0 0 0 0 0 0 0 0 0 0 48013405 209191.363289692 48013405 209191.363289692 0 0 0 0 0 0 0 0 0 0 0 0 0 0 0.01695019 0.000356940633579311 0 0 0 0 0 0 0 0 0 0 0 0 0 0 0.00063790585 4.62344415466165e-05 nan nan nan nan nan nan 7.35572785 14.5361848732594 0 0 0 0 0 0 0 0 
16 48285610 99230.131008681 48285610 99230.131008681 0 0 0 0 0 0 31.6 3.70675059857013 0.0007779969 9.05472296996987e-05 0 0 0 0 0 0 0 0 0 0 0 0 0 0 0 0 0.99999775 9.42072184075832e-07 0.99999775 9.42072184075832e-07 0 0 0 0 0 0 0.01943907 0.000191364782810213 0 0 0 0 0 0 0 0 0 0 0 0 0 0 0.05 0.217944947177034 0.05 0.217944947177034 0 0 0 0 0 0 0.1 1.38777878078145e-17 1 0 0 0 48285610 99230.131008681 0 0 0 0 0 0 0 0 0 0 48285610 99230.131008681 48285610 99230.131008681 0 0 0 0 0 0 0 0 0 0 0 0 0 0 0.01943907 0.000191364782810213 0 0 0 0 0 0 0 0 0 0 0 0 0 0 0.0007779969 9.05472296996987e-05 nan nan nan nan nan nan 3.66044895 6.64575341956567 0 0 0 0 0 0 0 0 
18 48403210 164412.566125585 48403210 164412.566125585 0 0 0 0 0 0 35.1 3.14483703870328 0.00088660025 7.52748483066389e-05 0 0 0 0 0 0 0 0 0 0 0 0 0 0 0 0 0.99999725 6.98212002208525e-07 0.99999725 6.98212002208525e-07 0 0 0 0 0 0 0.02172246 0.000334682719004134 0 0 0 0 0 0 0 0 0 0 0 0 0 0 0.15 0.357071421427142 0.15 0.357071421427142 0 0 0 0 0 0 0.1 1.38777878078145e-17 1 0 0 0 48403210 164412.566125585 0 0 0 0 0 0 0 0 0 0 48403210 164412.566125585 48403210 164412.566125585 0 0 0 0 0 0 0 0 0 0 0 0 0 0 0.02172246 0.000334682719004134 0 0 0 0 0 0 0 0 0 0 0 0 0 0 0.00088660025 7.52748483066389e-05 nan nan nan nan nan nan 11.46411055 23.3574672007942 0 0 0 0 0 0 0 0 
20 48537930 93871.2314822811 48537930 93871.2314822811 0 0 0 0 0 0 37.8 3.57211421989835 0.0009744267 7.50028199163871e-05 0 0 0 0 0 0 0 0 0 0 0 0 0 0 0 0 0.9999967 1.05356537530134e-06 0.9999967 1.05356537530134e-06 0 0 0 0 0 0 0.024088565 0.000200782883421371 0 0 0 0 0 0 0 0 0 0 0 0 0 0 0.35 0.57227615711298 0.35 0.57227615711298 0 0 0 0 0 0 0.1 1.38777878078145e-17 1 0 0 0 48537930 93871.2314822811 0 0 0 0 0 0 0 0 0 0 48537930 93871.2314822811 48537930 93871.2314822811 0 0 0 0 0 0 0 0 0 0 0 0 0 0 0.024088565 0.000200782883421371 0 0 0 0 0 0 0 0 0 0 0 0 0 0 0.0009744267 7.50028199163871e-05 nan nan nan nan nan nan 11.65824725 20.1516772773478 0 0 0 0 0 0 0 0 
22 48583630 142765.955675714 48583630 142765.955675714 0 0 0 0 0 0 40.95 5.56304772584237 0.0010748375 0.000142394164617269 0 0 0 0 0 0 0 0 0 0 0 0 0 0 0 0 0.99999625 1.69926454682101e-06 0.99999625 1.69926454682101e-06 0 0 0 0 0 0 0.026312075 0.000355252101858666 0 0 0 0 0 0 0 0 0 0 0 0 0 0 0.25 0.53619026473818 0.25 0.53619026473818 0 0 0 0 0 0 0.1 1.38777878078145e-17 1 0 0 0 48583630 142765.955675714 0 0 0 0 0 0 0 0 0 0 48583630 142765.955675714 48583630 142765.955675714 0 0 0 0 0 0 0 0 0 0 0 0 0 0 0.026312075 0.000355252101858666 0 0 0 0 0 0 0 0 0 0 0 0 0 0 0.0010748375 0.000142394164617269 nan nan nan nan nan nan 9.33933785 17.5602661430037 0 0 0 0 0 0 0 0 
24 48707435 135764.131032464 48707435 135764.131032464 0 0 0 0 0 0 44.4 4.94368283772331 0.0011966013 0.000131093907059443 0 0 0 0 0 0 0 0 0 0 0 0 0 0 0 0 0.9999957 1.10000000000438e-06 0.9999957 1.10000000000438e-06 0 0 0 0 0 0 0.02875241 0.000393976759339939 0 0 0 0 0 0 0 0 0 0 0 0 0 0 0.5 1.16189500386223 0.5 1.16189500386223 0 0 0 0 0 0 0.1 1.38777878078145e-17 1 0 0 0 48707435 135764.131032464 0 0 0 0 0 0 0 0 0 0 48707435 135764.131032464 48707435 135764.131032464 0 0 0 0 0 0 0 0 0 0 0 0 0 0 0.02875241 0.000393976759339939 0 0 0 0 0 0 0 0 0 0 0 0 0 0 0.0011966013 0.000131093907059443 nan nan nan nan nan nan 11.19209985 19.5540019237158 0 0 0 0 0 0 0 0 
26 48807850 77203.4487571637 48807850 77203.4487571637 0 0 0 0 0 0 48.4 4.27083130081252 0.0013257255 0.000117325962151393 0 0 0 0 0 0 0 0 0 0 0 0 0 0 0 0 0.9999949 1.84119526394454e-06 0.9999949 1.84119526394454e-06 0 0 0 0 0 0 0.031196765 0.000225519806835231 0 0 0 0 0 0 0 0 0 0 0 0 0 0 0.9 1.26095202129185 0.9 1.26095202129185 0 0 0 0 0 0 0.1 1.38777878078145e-17 1 0 0 0 48807850 77203.4487571637 0 0 0 0 0 0 0 0 0 0 48807850 77203.4487571637 48807850 77203.4487571637 0 0 0 0 0 0 0 0 0 0 0 0 0 0 0.031196765 0.000225519806835231 0 0 0 0 0 0 0 0 0 0 0 0 0 0 0.0013257255 0.000117325962151393 nan nan nan nan nan nan 17.2296851 28.7710482338025 0 0 0 0 0 0 0 0 
28 48855585 112791.680876738 48855585 112791.680876738 0 0 0 0 0 0 52.6 7.64460594144656 0.0014703865 0.000178103014384232 0 0 0 0 0 0 0 0 0 0 0 0 0 0 0 0 0.9999932 1.66132477257926e-06 0.9999932 1.66132477257926e-06 0 0 0 0 0 0 0.03355271 0.000349856410402896 0 0 0 0 0 0 0 0 0 0 0 0 0 0 0.7 1.51986841535707 0.7 1.51986841535707 0 0 0 0 0 0 0.1 1.38777878078145e-17 1 0 0 0 48855585 112791.680876738 0 0 0 0 0 0 0 0 0 0 48855585 112791.680876738 48855585 112791.680876738 0 0 0 0 0 0 0 0 0 0 0 0 0 0 0.03355271 0.000349856410402896 0 0 0 0 0 0 0 0 0 0 0 0 0 0 0.0014703865 0.000178103014384232 nan nan nan nan nan nan 3.4035741 10.9512210706288 0 0 0 0 0 0 0 0 
30 48944550 52996.9480253344 48944550 52996.9480253344 0 0 0 0 0 0 62.65 14.1501766773422 0.001750689 0.000364346599872978 0 0 0 0 0 0 0 0 0 0 0 0 0 0 0 0 0.99999085 3.73195659140534e-06 0.99999085 3.73195659140534e-06 0 0 0 0 0 0 0.03605617 0.000242278402050203 0 0 0 0 0 0 0 0 0 0 0 0 0 0 2.25 3.56195171219375 2.25 3.56195171219375 0 0 0 0 0 0 0.1 1.38777878078145e-17 1 0 0 0 48944550 52996.9480253344 0 0 0 0 0 0 0 0 0 0 48944550 52996.9480253344 48944550 52996.9480253344 0 0 0 0 0 0 0 0 0 0 0 0 0 0 0.03605617 0.000242278402050203 0 0 0 0 0 0 0 0 0 0 0 0 0 0 0.001750689 0.000364346599872978 nan nan nan nan nan nan 8.8214759 12.1063037196328 0 0 0 0 0 0 0 0 
32 49008665 44457.4996485407 49008665 44457.4996485407 0 0 0 0 0 0 72.5 19.7142080743813 0.00200662 0.00046950334804983 0 0 0 0 0 0 0 0 0 0 0 0 0 0 0 0 0.99999065 4.62898476990701e-06 0.99999065 4.62898476990701e-06 0 0 0 0 0 0 0.038551215 0.00018023327460544 0 0 0 0 0 0 0 0 0 0 0 0 0 0 4.15 4.16263137930805 4.15 4.16263137930805 0 0 0 0 0 0 0.1 1.38777878078145e-17 1 0 0 0 49008665 44457.4996485407 0 0 0 0 0 0 0 0 0 0 49008665 44457.4996485407 49008665 44457.4996485407 0 0 0 0 0 0 0 0 0 0 0 0 0 0 0.038551215 0.00018023327460544 0 0 0 0 0 0 0 0 0 0 0 0 0 0 0.00200662 0.00046950334804983 nan nan nan nan nan nan 6.35523685 19.2383847819937 0 0 0 0 0 0 0 0 
34 49054565 35328.830648636 49054565 35328.830648636 0 0 0 0 0 0 82.95 22.9662252013691 0.0022896465 0.000577113216633227 0 0 0 0 0 0 0 0 0 0 0 0 0 0 0 0 0.9999897 4.94064773081015e-06 0.9999897 4.94064773081015e-06 0 0 0 0 0 0 0.04100031 0.000168860009771408 0 0 0 0 0 0 0 0 0 0 0 0 0 0 3.45 5.73127385491219 3.45 5.73127385491219 0 0 0 0 0 0 0.1 1.38777878078145e-17 1 0 0 0 49054565 35328.830648636 0 0 0 0 0 0 0 0 0 0 49054565 35328.830648636 49054565 35328.830648636 0 0 0 0 0 0 0 0 0 0 0 0 0 0 0.04100031 0.000168860009771408 0 0 0 0 0 0 0 0 0 0 0 0 0 0 0.0022896465 0.000577113216633227 nan nan nan nan nan nan 1.94975335 1.04391213980561 0 0 0 0 0 0 0 0 
36 49073420 49152.6560828609 49073420 49152.6560828609 0 0 0 0 0 0 106.1 49.5518919921329 0.002910986 0.0012149458827347 0 0 0 0 0 0 0 0 0 0 0 0 0 0 0 0 0.9999832 1.17584012518687e-05 0.9999832 1.17584012518687e-05 0 0 0 0 0 0 0.043508205 0.000313382310405358 0 0 0 0 0 0 0 0 0 0 0 0 0 0 9.25 15.7539677541881 9.25 15.7539677541881 0 0 0 0 0 0 0.1 1.38777878078145e-17 1 0 0 0 49073420 49152.6560828609 0 0 0 0 0 0 0 0 0 0 49073420 49152.6560828609 49073420 49152.6560828609 0 0 0 0 0 0 0 0 0 0 0 0 0 0 0.043508205 0.000313382310405358 0 0 0 0 0 0 0 0 0 0 0 0 0 0 0.002910986 0.0012149458827347 nan nan nan nan nan nan 3.39503695 2.88899906870725 0 0 0 0 0 0 0 0 
38 49084475 46177.9912404167 49084475 46177.9912404167 0 0 0 0 0 0 137.35 47.8688573082751 0.003730344 0.00122489692225264 0 0 0 0 0 0 0 0 0 0 0 0 0 0 0 0 0.9999736 1.00568384694103e-05 0.9999736 1.00568384694103e-05 0 0 0 0 0 0 0.04607989 0.000316615231629814 0 0 0 0 0 0 0 0 0 0 0 0 0 0 12 15.2708873350569 12 15.2708873350569 0 0 0 0 0 0 0.1 1.38777878078145e-17 1 0 0 0 49084475 46177.9912404167 0 0 0 0 0 0 0 0 0 0 49084475 46177.9912404167 49084475 46177.9912404167 0 0 0 0 0 0 0 0 0 0 0 0 0 0 0.04607989 0.000316615231629814 0 0 0 0 0 0 0 0 0 0 0 0 0 0 0.003730344 0.00122489692225264 nan nan nan nan nan nan 6.6927695 7.63756143757513 0 0 0 0 0 0 0 0 
40 49037860 153804.351043785 49037860 153804.351043785 0 0 0 0 0 0 229.4 178.298177220071 0.0061815975 0.0046154769314036 0 0 0 0 0 0 0 0 0 0 0 0 0 0 0 0 0.9999441 5.90109311907483e-05 0.9999441 5.90109311907483e-05 0 0 0 0 0 0 0.049100815 0.00117897278733438 0 0 0 0 0 0 0 0 0 0 0 0 0 0 43.25 60.0748491467103 43.25 60.0748491467103 0 0 0 0 0 0 0.1 1.38777878078145e-17 1 0 0 0 49037860 153804.351043785 0 0 0 0 0 0 0 0 0 0 49037860 153804.351043785 49037860 153804.351043785 0 0 0 0 0 0 0 0 0 0 0 0 0 0 0.049100815 0.00117897278733438 0 0 0 0 0 0 0 0 0 0 0 0 0 0 0.0061815975 0.0046154769314036 nan nan nan nan nan nan 9.7905633 9.87336282893923 0 0 0 0 0 0 0 0 
42 48792650 304426.420502558 48792650 304426.420502558 0 0 0 0 0 0 524.45 326.064483653157 0.0141745195 0.00912539129975941 0 0 0 0 0 0 0 0 0 0 0 0 0 0 0 0 0.9998484 0.000122188133630071 0.9998484 0.000122188133630071 0 0 0 0 0 0 0.05371311 0.00254561080291155 0 0 0 0 0 0 0 0 0 0 0 0 0 0 117.75 102.540175053488 117.75 102.540175053488 0 0 0 0 0 0 0.1 1.38777878078145e-17 1 0 0 0 48792650 304426.420502558 0 0 0 0 0 0 0 0 0 0 48792650 304426.420502558 48792650 304426.420502558 0 0 0 0 0 0 0 0 0 0 0 0 0 0 0.05371311 0.00254561080291155 0 0 0 0 0 0 0 0 0 0 0 0 0 0 0.0141745195 0.00912539129975941 nan nan nan nan nan nan 23.5891475 16.2614863936996 0 0 0 0 0 0 0 0 
44 48363755 502507.052164445 48363755 502507.052164445 0 0 0 0 0 0 1021.35 547.21579609876 0.029220593 0.0173206696569273 0 0 0 0 0 0 0 0 0 0 0 0 0 0 0 0 0.99969 0.000198625778790162 0.99969 0.000198625778790162 0 0 0 0 0 0 0.060691105 0.00521118001890886 0 0 0 0 0 0 0 0 0 0 0 0 0 0 231 140.759369137546 231 140.759369137546 0 0 0 0 0 0 0.1 1.38777878078145e-17 1 0 0 0 48363755 502507.052164445 0 0 0 0 0 0 0 0 0 0 48363755 502507.052164445 48363755 502507.052164445 0 0 0 0 0 0 0 0 0 0 0 0 0 0 0.060691105 0.00521118001890886 0 0 0 0 0 0 0 0 0 0 0 0 0 0 0.029220593 0.0173206696569273 nan nan nan nan nan nan 42.7148535 24.7919865915255 0 0 0 0 0 0 0 0 
46 47479960 800657.34456133 47479960 800657.34456133 0 0 0 0 0 0 1973.15 855.357719027542 0.064121218 0.0308393935929836 0 0 0 0 0 0 0 0 0 0 0 0 0 0 0 0 0.99936825 0.000347905428960228 0.99936825 0.000347905428960228 0 0 0 0 0 0 0.074794355 0.0100620908901418 0 0 0 0 0 0 0 0 0 0 0 0 0 0 432.6 223.402640987075 432.6 223.402640987075 0 0 0 0 0 0 0.1 1.38777878078145e-17 1 0 0 0 47479960 800657.34456133 0 0 0 0 0 0 0 0 0 0 47479960 800657.34456133 47479960 800657.34456133 0 0 0 0 0 0 0 0 0 0 0 0 0 0 0.074794355 0.0100620908901418 0 0 0 0 0 0 0 0 0 0 0 0 0 0 0.064121218 0.0308393935929836 nan nan nan nan nan nan 74.56097 33.4546255187246 0 0 0 0 0 0 0 0 
48 46633765 182828.822331163 46633765 182828.822331163 0 0 0 0 0 0 2854.25 190.820563619333 0.09936793 0.00881648631287431 0 0 0 0 0 0 0 0 0 0 0 0 0 0 0 0 0.99909695 0.000141215252363189 0.99909695 0.000141215252363189 0 0 0 0 0 0 0.09045275 0.00324467395026064 0 0 0 0 0 0 0 0 0 0 0 0 0 0 586.4 105.599431816653 586.4 105.599431816653 0 0 0 0 0 0 0.1 1.38777878078145e-17 1 0 0 0 46633765 182828.822331163 0 0 0 0 0 0 0 0 0 0 46633765 182828.822331163 46633765 182828.822331163 0 0 0 0 0 0 0 0 0 0 0 0 0 0 0.09045275 0.00324467395026064 0 0 0 0 0 0 0 0 0 0 0 0 0 0 0.09936793 0.00881648631287431 nan nan nan nan nan nan 98.73997 5.33034593549987 0 0 0 0 0 0 0 0 
50 46394820 292698.263746132 46394820 292698.263746132 0 0 0 0 0 0 3087.45 278.776160207432 0.111630405 0.0128526370320053 0 0 0 0 0 0 0 0 0 0 0 0 0 0 0 0 0.9990125 0.000176356598969239 0.9990125 0.000176356598969239 0 0 0 0 0 0 0.098892375 0.00490004048757508 0 0 0 0 0 0 0 0 0 0 0 0 0 0 681.25 116.71755437808 681.25 116.71755437808 0 0 0 0 0 0 0.1 1.38777878078145e-17 1 0 0 0 46394820 292698.263746132 0 0 0 0 0 0 0 0 0 0 46394820 292698.263746132 46394820 292698.263746132 0 0 0 0 0 0 0 0 0 0 0 0 0 0 0.098892375 0.00490004048757508 0 0 0 0 0 0 0 0 0 0 0 0 0 0 0.111630405 0.0128526370320053 nan nan nan nan nan nan 98.151645 7.92776756063616 0 0 0 0 0 0 0 0 
52 46104025 97481.3821968072 46104025 97481.3821968072 0 0 0 0 0 0 3355.1 65.653560451814 0.12610925 0.00364488943419413 0 0 0 0 0 0 0 0 0 0 0 0 0 0 0 0 0.99887875 0.000201198378472593 0.99887875 0.000201198378472593 0 0 0 0 0 0 0.10885625 0.00160617788164948 0 0 0 0 0 0 0 0 0 0 0 0 0 0 696.45 91.8708196327865 696.45 91.8708196327865 0 0 0 0 0 0 0.1 1.38777878078145e-17 1 0 0 0 46104025 97481.3821968072 0 0 0 0 0 0 0 0 0 0 46104025 97481.3821968072 46104025 97481.3821968072 0 0 0 0 0 0 0 0 0 0 0 0 0 0 0.10885625 0.00160617788164948 0 0 0 0 0 0 0 0 0 0 0 0 0 0 0.12610925 0.00364488943419413 nan nan nan nan nan nan 99.958625 0.0363358621061895 0 0 0 0 0 0 0 0 
54 45878945 100203.560191243 45878945 100203.560191243 0 0 0 0 0 0 3552.15 68.7104613577874 0.1375519 0.00411506581842867 0 0 0 0 0 0 0 0 0 0 0 0 0 0 0 0 0.9988699 0.000222631287109423 0.9988699 0.000222631287109423 0 0 0 0 0 0 0.11791395 0.00185747757658067 0 0 0 0 0 0 0 0 0 0 0 0 0 0 718.55 89.1030162227969 718.55 89.1030162227969 0 0 0 0 0 0 0.1 1.38777878078145e-17 1 0 0 0 45878945 100203.560191243 0 0 0 0 0 0 0 0 0 0 45878945 100203.560191243 45878945 100203.560191243 0 0 0 0 0 0 0 0 0 0 0 0 0 0 0.11791395 0.00185747757658067 0 0 0 0 0 0 0 0 0 0 0 0 0 0 0.1375519 0.00411506581842867 nan nan nan nan nan nan 99.974275 0.0257333999891195 0 0 0 0 0 0 0 0 
56 45703690 83349.9544091057 45703690 83349.9544091057 0 0 0 0 0 0 3733.45 51.8627756681032 0.14900545 0.00358355437345382 0 0 0 0 0 0 0 0 0 0 0 0 0 0 0 0 0.9987568 0.000246878634150458 0.9987568 0.000246878634150458 0 0 0 0 0 0 0.1274583 0.00181639918795401 0 0 0 0 0 0 0 0 0 0 0 0 0 0 814 141.193130144494 814 141.193130144494 0 0 0 0 0 0 0.1 1.38777878078145e-17 1 0 0 0 45703690 83349.9544091057 0 0 0 0 0 0 0 0 0 0 45703690 83349.9544091057 45703690 83349.9544091057 0 0 0 0 0 0 0 0 0 0 0 0 0 0 0.1274583 0.00181639918795401 0 0 0 0 0 0 0 0 0 0 0 0 0 0 0.14900545 0.00358355437345382 nan nan nan nan nan nan 99.97445 0.0212851943848303 0 0 0 0 0 0 0 0 
58 45492685 83166.3409980264 45492685 83166.3409980264 0 0 0 0 0 0 3911.65 48.0835470821361 0.16088 0.0029372795917311 0 0 0 0 0 0 0 0 0 0 0 0 0 0 0 0 0.99864215 0.000236168006935726 0.99864215 0.000236168006935726 0 0 0 0 0 0 0.13781915 0.0013639244214765 0 0 0 0 0 0 0 0 0 0 0 0 0 0 825.5 154.752867501704 825.5 154.752867501704 0 0 0 0 0 0 0.1 1.38777878078145e-17 1 0 0 0 45492685 83166.3409980264 0 0 0 0 0 0 0 0 0 0 45492685 83166.3409980264 45492685 83166.3409980264 0 0 0 0 0 0 0 0 0 0 0 0 0 0 0.13781915 0.0013639244214765 0 0 0 0 0 0 0 0 0 0 0 0 0 0 0.16088 0.0029372795917311 nan nan nan nan nan nan 99.972775 0.0308949652047058 0 0 0 0 0 0 0 0 
60 45299665 79308.7843495284 45299665 79308.7843495284 0 0 0 0 0 0 4068.95 49.3076819572772 0.17191605 0.0033447527632846 0 0 0 0 0 0 0 0 0 0 0 0 0 0 0 0 0.99860345 0.000344244894660763 0.99860345 0.000344244894660763 0 0 0 0 0 0 0.14819475 0.00179949862114424 0 0 0 0 0 0 0 0 0 0 0 0 0 0 879.8 135.449104832775 879.8 135.449104832775 0 0 0 0 0 0 0.1 1.38777878078145e-17 1 0 0 0 45299665 79308.7843495284 0 0 0 0 0 0 0 0 0 0 45299665 79308.7843495284 45299665 79308.7843495284 0 0 0 0 0 0 0 0 0 0 0 0 0 0 0.14819475 0.00179949862114424 0 0 0 0 0 0 0 0 0 0 0 0 0 0 0.17191605 0.0033447527632846 nan nan nan nan nan nan 99.98248 0.0173498876077057 0 0 0 0 0 0 0 0 
62 45118625 82187.0845997107 45118625 82187.0845997107 0 0 0 0 0 0 4199.6 40.6649726423122 0.1810663 0.00297556937576659 0 0 0 0 0 0 0 0 0 0 0 0 0 0 0 0 0.99864825 0.000246139569147265 0.99864825 0.000246139569147265 0 0 0 0 0 0 0.1578667 0.00177253067956524 0 0 0 0 0 0 0 0 0 0 0 0 0 0 922.3 123.339815144989 922.3 123.339815144989 0 0 0 0 0 0 0.1 1.38777878078145e-17 1 0 0 0 45118625 82187.0845997107 0 0 0 0 0 0 0 0 0 0 45118625 82187.0845997107 45118625 82187.0845997107 0 0 0 0 0 0 0 0 0 0 0 0 0 0 0.1578667 0.00177253067956524 0 0 0 0 0 0 0 0 0 0 0 0 0 0 0.1810663 0.00297556937576659 nan nan nan nan nan nan 99.98452 0.0138022317036066 0 0 0 0 0 0 0 0 
64 44990110 80104.8931089731 44990110 80104.8931089731 0 0 0 0 0 0 4322.2 40.5679676592259 0.19076265 0.00295110491638301 0 0 0 0 0 0 0 0 0 0 0 0 0 0 0 0 0.99850105 0.000205235346614552 0.99850105 0.000205235346614552 0 0 0 0 0 0 0.1685379 0.00170531207994314 0 0 0 0 0 0 0 0 0 0 0 0 0 0 965.95 142.28403810688 965.95 142.28403810688 0 0 0 0 0 0 0.1 1.38777878078145e-17 1 0 0 0 44990110 80104.8931089731 0 0 0 0 0 0 0 0 0 0 44990110 80104.8931089731 44990110 80104.8931089731 0 0 0 0 0 0 0 0 0 0 0 0 0 0 0.1685379 0.00170531207994314 0 0 0 0 0 0 0 0 0 0 0 0 0 0 0.19076265 0.00295110491638301 nan nan nan nan nan nan 99.96712 0.0312385915175438 0 0 0 0 0 0 0 0 
66 44783615 63854.02317004 44783615 63854.02317004 0 0 0 0 0 0 4474.9 39.0805578261109 0.20208985 0.0027906914425461 0 0 0 0 0 0 0 0 0 0 0 0 0 0 0 0 0.9984241 0.000206270914091151 0.9984241 0.000206270914091151 0 0 0 0 0 0 0.1802013 0.00165196858626307 0 0 0 0 0 0 0 0 0 0 0 0 0 0 1044.3 144.785738247937 1044.3 144.785738247937 0 0 0 0 0 0 0.1 1.38777878078145e-17 1 0 0 0 44783615 63854.02317004 0 0 0 0 0 0 0 0 0 0 44783615 63854.02317004 44783615 63854.02317004 0 0 0 0 0 0 0 0 0 0 0 0 0 0 0.1802013 0.00165196858626307 0 0 0 0 0 0 0 0 0 0 0 0 0 0 0.20208985 0.0027906914425461 nan nan nan nan nan nan 99.977655 0.0193514980040321 0 0 0 0 0 0 0 0 
68 44668380 92313.9350260837 44668380 92313.9350260837 0 0 0 0 0 0 4553.35 47.1500530222395 0.20846195 0.00372347048430627 0 0 0 0 0 0 0 0 0 0 0 0 0 0 0 0 0.998313 0.00029137759007857 0.998313 0.00029137759007857 0 0 0 0 0 0 0.1894518 0.00237938842142261 0 0 0 0 0 0 0 0 0 0 0 0 0 0 1042.5 136.4509069226 1042.5 136.4509069226 0 0 0 0 0 0 0.1 1.38777878078145e-17 1 0 0 0 44668380 92313.9350260837 0 0 0 0 0 0 0 0 0 0 44668380 92313.9350260837 44668380 92313.9350260837 0 0 0 0 0 0 0 0 0 0 0 0 0 0 0.1894518 0.00237938842142261 0 0 0 0 0 0 0 0 0 0 0 0 0 0 0.20846195 0.00372347048430627 nan nan nan nan nan nan 99.97622 0.0252113387189172 0 0 0 0 0 0 0 0 
70 44443040 102668.638833872 44443040 102668.638833872 0 0 0 0 0 0 4703.55 47.0047603972193 0.2209229 0.00351166572868205 0 0 0 0 0 0 0 0 0 0 0 0 0 0 0 0 0.998225 0.000288391920829967 0.998225 0.000288391920829967 0 0 0 0 0 0 0.20302935 0.00227979096136027 0 0 0 0 0 0 0 0 0 0 0 0 0 0 1144.05 162.336217462401 1144.05 162.336217462401 0 0 0 0 0 0 0.1 1.38777878078145e-17 1 0 0 0 44443040 102668.638833872 0 0 0 0 0 0 0 0 0 0 44443040 102668.638833872 44443040 102668.638833872 0 0 0 0 0 0 0 0 0 0 0 0 0 0 0.20302935 0.00227979096136027 0 0 0 0 0 0 0 0 0 0 0 0 0 0 0.2209229 0.00351166572868205 nan nan nan nan nan nan 99.98406 0.0133233028938017 0 0 0 0 0 0 0 0 
