#1-sta 2-avgThroughput 3-stdThroughput 4-JFI 5-stdJFI 6-Bandwidth 7-avgDelay 8-stdDelay 9-avgBackoffStage 10-stdBackoffStage 11-totalFractionOfCollisionSlots 12.stdCollidingSlots 13.avgThroughputDCF 14. stdThroughputDCF 15.avgThroughputECA 16.stdThroughputECA 17.Sum of 15 and 16 18. std of 17 19. AvgBlockingProb 20. StdBlockingProb 21. AvgDroppedPackets 22.StdDropped 23.SxSlots 24.stdSxSlots 25.ColSlots 26.StdColSlots 27.EmptySlots 28.stdEmpty 29.totalSlots 30.stdTotalSlots 31.averageTAU 32.stdTAU 33.avgQSize 34.stdQSize 35.avgQEmpty 36.stdQEmpty 37. avgQDelay 38. stdQDelay
2 2.00178e+06 10221.4 0.999968 4.38759e-05 1e+06 0.000254017 4.41486e-07 0 0 1.41558e-06 4.13736e-07 1.00096e+06 7981.55 1.00084e+06 7213.2 2.0018e+06 10219.5 0 0 0 0 24434.8 124.894 14.798 4.32512 1.04292e+07 3485.25 1.04537e+07 3359.01 0.00117013 6.35906e-06 0.0555556 0.157135 23656 116.548 0.000266463 0
#3 3.00048e+06 12234.4 0.999937 6.13081e-05 1e+06 0.000256096 6.3997e-07 0 0 7.74729e-06 9.66124e-07 1.00016e+06 4848.06 1.00028e+06 9724.37 3.00059e+06 12225.6 0 0 0 0 36623.2 148.853 78.4343 9.77542 1.00875e+07 4196.62 1.01242e+07 4043.53 0.00121097 5.48979e-06 0.026936 0.0908466 35431.5 137.194 0.000272524 0
4 3.99985e+06 14895.1 0.999935 4.5779e-05 1e+06 0.00025943 6.2393e-07 0 0 2.32046e-05 1.50141e-06 1.00024e+06 4875.11 999383 8458.81 4.0001e+06 14888.5 0 0 0 0 48817.7 181.834 227.222 14.6705 9.74317e+06 5158.9 9.79222e+06 4974.23 0.00125799 5.47036e-06 0.0378788 0.108733 47192.1 168.914 0.000279986 0
#5 5.00091e+06 19006.3 0.999937 4.66515e-05 1e+06 0.000263974 9.41249e-07 0 0 5.11572e-05 2.8515e-06 1.00069e+06 4105.03 998537 9124.4 5.00131e+06 19026.6 0 0 0 0 61031.3 231.779 483.778 26.8522 9.3953e+06 6681.78 9.45681e+06 6442.82 0.00131137 6.1757e-06 0.0383838 0.105128 58941.9 213.772 0.000288809 0
#6 5.99875e+06 21799.4 0.999928 4.39009e-05 1e+06 0.000269865 9.29507e-07 0.003367 0.0333316 9.60768e-05 3.23634e-06 999914 4977.75 1.0002e+06 6335.79 6.00006e+06 21799.1 0 0 0 0 73177.8 265.645 876.131 29.3463 9.04508e+06 7556.53 9.11913e+06 7285.43 0.00136988 6.19799e-06 0.0404041 0.0788915 70620.1 251.862 0.000299092 0
#7 6.99907e+06 22577.6 0.99993 4.02656e-05 1e+06 0.000277555 1.10199e-06 0 0 0.000164742 4.70697e-06 1.00013e+06 4036.53 1.00013e+06 6745.19 7.00093e+06 22599.3 0 0 0 0 85366.7 275.266 1445.72 40.7391 8.68892e+06 8107.23 8.77573e+06 7816.64 0.00143755 6.33476e-06 0.021645 0.0550992 82286.6 261.968 0.000311474 0
8 7.99792e+06 25136.1 0.999932 3.56351e-05 1e+06 0.000287382 1.30633e-06 0.00126263 0.0124994 0.000264472 6.28045e-06 999720 3390.5 1.00099e+06 6186.5 8.0003e+06 25140.6 0 0 0 0 97530 307.88 2228.72 51.6634 8.3274e+06 9231.04 8.42716e+06 8899.62 0.00151427 7.00405e-06 0.040404 0.0750174 93873.4 282.516 0.00032635 0
#9 8.99788e+06 27906.7 0.99993 3.14601e-05 1e+06 0.000299228 1.71704e-06 0.003367 0.0247423 0.000400062 9.187e-06 1.00001e+06 3584.34 1.00047e+06 6134.52 9.00099e+06 27960.9 0 0 0 0 109702 338.107 3229.41 71.9641 7.95947e+06 10380.4 8.0724e+06 10010 0.00160133 7.68336e-06 0.0415263 0.0643167 105407 308.673 0.000343687 0
#10 9.99574e+06 29476.8 0.999929 3.11172e-05 1e+06 0.000313737 1.93829e-06 0.010101 0.0414265 0.000582931 1.09559e-05 1.00019e+06 3523.74 1.00005e+06 4646.25 1.00015e+07 29489.1 0 0 0 0 121749 356.745 4495.68 80.5668 7.58608e+06 11190.2 7.71232e+06 10790.5 0.00169903 8.27654e-06 0.0434343 0.0780593 116855 328.327 0.000363875 0
#11 1.09939e+07 30205.1 0.999929 3.0214e-05 1e+06 0.000331517 2.24488e-06 0.0128558 0.0466063 0.000825989 1.35025e-05 999903 2978.89 1.00065e+06 5641 1.10012e+07 30219.9 0 0 0 0 133857 365.664 6065.38 93.5835 7.20337e+06 11528.8 7.3433e+06 11117.8 0.00181305 8.60612e-06 0.0550964 0.0805048 128189 336.418 0.000388322 0
12 1.19935e+07 30241 0.999928 3.30152e-05 1e+06 0.000353541 2.76564e-06 0.0109428 0.0483256 0.00114728 1.93109e-05 1.00011e+06 3085.34 1.00034e+06 4626.77 1.2002e+07 30382.7 0 0 0 0 145965 365.49 7989.97 123.769 6.81046e+06 12568 6.96441e+06 12120.5 0.00194609 1.00128e-05 0.0513468 0.0727323 139389 330.244 0.000418042 0
#13 1.29913e+07 30473.5 0.999923 3.03707e-05 1e+06 0.000380974 3.25172e-06 0.024087 0.0697052 0.00156869 2.06605e-05 1.00011e+06 2831.8 1.00012e+06 4780.77 1.30015e+07 30356.6 0 0 0 0 158025 361.6 10314.9 120.785 6.40725e+06 12594.2 6.57559e+06 12149.2 0.0021018 1.03234e-05 0.063714 0.102003 150394 308.217 0.000454619 0
#14 1.39857e+07 31198.2 0.999927 2.88635e-05 1e+06 0.0004133 3.84298e-06 0.034632 0.0959731 0.00210557 2.69685e-05 1.00021e+06 2677.93 999822 4808.03 1.40014e+07 31300 0 0 0 0 169797 372.365 13013.2 145.691 5.99768e+06 13204.4 6.18049e+06 12737.4 0.00227955 1.1704e-05 0.0735931 0.0997082 161219 311.475 0.000497126 0
#15 1.49838e+07 33406.1 0.999925 2.62533e-05 1e+06 0.000455301 4.88785e-06 0.013468 0.0454234 0.00281989 3.29671e-05 1.00008e+06 2762.65 1.00024e+06 4119.75 1.50018e+07 33337.8 0 0 0 0 181749 400.477 16263.7 158.987 5.5696e+06 14262.8 5.76762e+06 13758.8 0.00249954 1.34262e-05 0.0464646 0.0652747 171731 348.838 0.000553128 0
16 1.59795e+07 34861.9 0.999926 2.6242e-05 1e+06 0.000507632 6.53578e-06 0.0372475 0.096465 0.00375464 4.84848e-05 1.00025e+06 2482.94 999299 4327.87 1.60002e+07 35124.6 0 0 0 0 193619 413.696 20054.3 209.516 5.1277e+06 15966.3 5.34138e+06 15403.9 0.00276611 1.69916e-05 0.0789141 0.0967373 181831 338.107 0.000624144 0
#17 1.69745e+07 34809.6 0.999925 2.81462e-05 1e+06 0.000575551 8.2763e-06 0.0505051 0.109973 0.00500616 6.25767e-05 999673 2122.03 1.00062e+06 4616.43 1.69982e+07 35127.9 0 0 0.00356506 0.0140357 205395 403.409 24518.4 232.466 4.66792e+06 16796 4.89784e+06 16208.3 0.00309849 2.02479e-05 0.0831848 0.112486 191374 324.517 0.000719244 0
#18 1.79661e+07 35394.8 0.999926 2.45134e-05 1e+06 0.000661881 1.22722e-05 0.0735129 0.118136 0.00667553 8.1808e-05 1.00015e+06 2462.89 999513 3979.14 1.79995e+07 35510.3 0 0 0.00673401 0.0240452 216481 412.327 29659.5 264.622 4.19706e+06 17319.3 4.4432e+06 16721 0.00350675 2.4231e-05 0.108305 0.119851 200319 324.619 0.000842807 0
#19 1.89626e+07 36089.8 0.999928 2.46771e-05 1e+06 0.000785314 1.79344e-05 0.0520999 0.109815 0.00909862 0.000128066 999830 2359.97 1.00052e+06 3912.33 1.90002e+07 36285.5 0 0 0.02605 0.0405437 227868 398.2 35957.2 343.201 3.68837e+06 19798 3.9522e+06 19132.2 0.00407421 3.37504e-05 0.102073 0.113159 207988 297.123 0.00103546 0
20 1.99571e+07 36632.1 0.999922 2.62746e-05 1e+06 0.000960561 2.72622e-05 0.135859 0.184779 0.0126713 0.000187993 1.00007e+06 2222.42 999734 4140.38 1.99998e+07 36952.9 0 0 0.0767677 0.0591664 238935 403.849 43466.8 394.867 3.14822e+06 21430.4 3.43062e+06 20712.3 0.00486678 4.6461e-05 0.172222 0.190987 213763 321.116 0.00133861 0
#21 2.09524e+07 37098.6 0.999919 2.8609e-05 1e+06 0.00123109 5.00865e-05 0.216931 0.318053 0.0184275 0.000293928 999825 2145.01 1.00049e+06 4096.4 2.09997e+07 37421.8 0 0 0.374218 0.185358 249462 401.33 52746.6 452.652 2.56052e+06 22778.4 2.86272e+06 22023.5 0.00608002 6.82342e-05 0.246272 0.347565 216300 475.138 0.00189372 0
#22 2.1932e+07 37373.7 0.99992 2.35775e-05 1e+06 0.0016562 0.000109715 0.300735 0.345611 0.0279833 0.000561506 999926 2150.41 999550 3007.97 2.19961e+07 37934.7 0 0 1.59596 0.421374 257320 374.82 63555.8 562.998 1.95084e+06 26589.8 2.27171e+06 25759.6 0.00796857 0.000121075 0.333792 0.390008 213728 711.705 0.00299448 0
#23 2.29041e+07 36068.6 0.999917 2.54427e-05 1e+06 0.00269908 0.00086066 0.609574 0.451881 0.0526428 0.00178225 999081 1916.38 998720 3189.12 2.29767e+07 36460.8 0 0 10.7874 1.92756 263106 432.072 79904.3 900.694 1.176e+06 35072.1 1.51901e+06 34308.2 0.0126479 0.00034185 0.88274 0.816577 191305 2769.62 0.00785089 0
24 2.23475e+07 2.19695e+06 0.989474 0.0957418 1e+06 0.00868656 0.248208 2.39226 0.292837 0.163613 0.00302634 922490 90682.6 7.49226e+06 6.4467e+07 6.15583e+07 3.85169e+08 0.0106294 0.0891221 134.513 14.0486 236927 23282.1 108378 10673.9 316006 31015.9 661311 64862 0.0302562 0.000458941 534.951 51.8845 36640.1 3642.25 2.19135 0
#25 2.83136e+07 5.86297e+07 0.987412 0.0957023 1e+06 0.00939379 0.255605 2.42707 0.278166 0.171075 0.00049444 868521 52177.6 1.16095e+08 1.13959e+09 7.13069e+08 6.83656e+09 0.0341431 0.0522954 143.855 10.0313 234285 14057.4 110714 6649.21 302123 17855 647123 38529.2 0.0299272 7.53114e-05 739.77 27.1511 32696.9 1876.62 4.12688 0
#26 2.24784e+07 31768.6 0.993736 0.000371233 1e+06 0.010014 0.0477334 2.49301 0.338951 0.174654 0.000460401 827909 1579.7 977463 3604.29 2.25725e+07 32140.4 0.0603562 0.00157881 152.661 4.52034 228908 646.778 110158 289.49 291658 1574.67 630724 2082.2 0.02916 6.75696e-05 718.97 2.60409 35876.9 481.447 4.95172 0
#27 2.21745e+07 1.1902e+06 0.969659 0.133889 1e+06 0.0106241 0.210205 2.58287 0.308646 0.179788 0.000405151 774104 41575 1.75666e+08 1.69991e+09 1.24515e+09 1.18991e+10 0.101728 0.0422919 158.821 10.1809 224334 12040.9 110694 5938.36 280659 15037.2 615687 32984.3 0.0286045 5.89825e-05 738.14 37.6485 34125.3 1840.2 5.76938 0
28 2.21769e+07 35830.4 0.983053 0.000568219 1e+06 0.0112572 0.0326554 2.59668 0.314735 0.184947 0.000367613 735977 1625.13 973664 3355.93 2.22712e+07 36164.8 0.129947 0.00174459 166.197 5.15278 222868 721.777 112700 358.125 273799 1190.21 609367 1952.66 0.02809 4.62183e-05 744.074 1.66237 32860 427.203 6.48318 0
#29 2.20362e+07 33593.3 0.97612 0.000749342 1e+06 0.0118949 0.0285254 2.67363 0.311227 0.189812 0.000384795 696474 1306.88 972394 4024.43 2.21292e+07 33944.2 0.160983 0.00158209 172.117 4.82236 219940 586.056 113775 372.631 265695 1188.7 599410 1844.03 0.0275822 4.61453e-05 754.236 1.34429 31479.5 414.979 7.10813 0
#30 2.2533e+07 3.04292e+06 0.947312 0.131216 1e+06 0.0127335 0.415187 2.62694 0.259052 0.193107 0.000138294 653997 26420.3 1.85039e+07 1.2348e+08 1.62419e+08 9.87508e+08 0.242258 0.0299877 1781.46 75.2564 2.11266e+06 85356.4 1.11046e+06 44934.1 2.52735e+06 101659 5.75047e+06 231919 0.0269628 1.57181e-05 735.465 38.0149 336377 13667 8.95566 0
#31 2.20181e+07 39503.2 0.95673 0.00101053 1e+06 0.0133509 0.0267932 2.68361 0.288695 0.19754 0.000383755 624648 1459.34 969451 3748.23 2.21225e+07 39703 0.210581 0.00149683 184.131 4.34491 209895 679.165 112591 378.722 247480 1252.37 569967 1988.69 0.0264837 4.76875e-05 739.671 1.15202 32740.4 398.778 7.98039 0
32 2.18869e+07 39107.4 0.946839 0.00115565 1e+06 0.0140355 0.0284346 2.7358 0.28393 0.202084 0.000423497 593627 1466.46 967946 3810.52 2.19906e+07 39695.1 0.23584 0.0014756 189.21 4.87708 207162 735.999 113420 423.883 240671 1192.39 561254 2048.97 0.0260395 4.71903e-05 748.015 1.10203 31460.2 457.49 8.55135 0
#33 2.15675e+07 1.84022e+06 0.927141 0.0906017 1e+06 0.0147421 0.661147 2.74686 0.291845 0.206353 0.000423645 560139 47802.4 2.81118e+07 2.68725e+08 2.38898e+08 2.1486e+09 0.265293 0.0554223 192.29 17.0268 202641 17295.3 113116 9652.77 232393 19814.8 548150 46749.5 0.0255984 4.31126e-05 758.734 24.3999 29909.8 2569.53 9.05336 0
#34 2.19011e+07 43861.2 0.919059 0.00134124 1e+06 0.0157726 0.0309961 2.80065 0.255435 0.209418 0.000420402 532554 1690.13 966776 3142.42 2.20149e+07 44721.9 0.275978 0.00147085 198.18 5.18761 196575 989.972 111302 573.768 223604 1357 531481 2704.38 0.0250913 4.45613e-05 734.689 0.93086 31909 591.697 9.42715 0
#35 2.17758e+07 38242.9 0.907005 0.00136294 1e+06 0.016532 0.0307907 2.83781 0.259038 0.213476 0.000432035 507862 1420.51 964793 3044.58 2.18876e+07 38836 0.297007 0.0013182 203.427 4.53651 193931 782.383 111760 467.692 217836 1108.78 523528 2126 0.0246894 4.10229e-05 742.756 1.29309 30596.4 455.481 10.0047 0
36 2.16535e+07 46037.2 0.894556 0.00150786 1e+06 0.0173113 0.0365826 2.84287 0.239089 0.217676 0.000426135 485001 1492.43 963278 3370.17 2.17645e+07 47040 0.316945 0.00131597 206.228 4.85741 191306 866.733 112250 546.221 212118 1258.02 515674 2478.64 0.0243183 3.92089e-05 750.058 1.14352 29304.9 509.544 10.5793 0
#37 2.1534e+07 45992.2 0.881657 0.00169077 1e+06 0.0180868 0.0403344 2.89216 0.273648 0.221645 0.000381762 463714 1572.93 962177 3201.97 2.16436e+07 46753.6 0.335762 0.00131943 209.184 5.03178 188806 858.313 112666 535.42 206845 1044.3 508316 2217.77 0.023949 3.61177e-05 757.048 1.11294 28155.9 468.013 11.1629 0
#38 2.17035e+07 47097.1 0.859796 0.0015837 1e+06 0.0194832 0.040641 2.92717 0.262435 0.224157 0.000461507 435893 1294.73 961615 3371.83 2.18212e+07 48313.3 0.347705 0.00118024 213.049 4.71095 180409 863.588 108894 564.081 196493 1215.01 485796 2442.98 0.0234978 4.34095e-05 737.902 1.10581 28894.4 528.866 11.5474 0
#39 2.15041e+07 786159 0.837327 0.0819922 1e+06 0.0203638 0.143632 2.96581 0.26517 0.228073 0.000456315 415475 15218.5 3.74862e+06 2.75992e+07 4.9535e+07 2.75553e+08 0.366691 0.0187912 214.979 9.03626 177138 6492.31 108652 4014.7 190603 7126.01 476392 17602.6 0.0231687 3.98469e-05 747.384 25.5471 27525 1126.61 12.1459 0
40 2.14102e+07 624400 0.823641 0.0806944 1e+06 0.0212502 0.120486 3.03207 0.263955 0.23185 0.000495851 398578 11579.6 9.27374e+07 9.08556e+08 9.39332e+08 9.08522e+09 0.382252 0.0141734 217.29 8.18554 174813 5124.98 108939 3216.54 186118 5539.88 469870 13836.9 0.0228368 4.38912e-05 754.056 24.8761 26302.4 910.408 12.7526 0
#41 2.13481e+07 60742.5 0.817598 0.00189023 1e+06 0.0221792 0.0548271 3.02168 0.244514 0.235335 0.000425591 383154 1529.78 958092 3571.02 2.14587e+07 62122.4 0.396402 0.0012839 220.472 5.09173 172741 1014.46 109169 705.338 181976 1197.08 463886 2765.99 0.0225126 3.57544e-05 757.763 1.24473 25172.4 556.104 13.3894 0
#42 2.15107e+07 214133 0.784502 0.0768765 1e+06 0.024183 0.0720488 3.01419 0.218844 0.237419 0.000503397 357989 3944.49 1.28587e+08 1.26346e+09 1.42555e+09 1.38979e+10 0.405941 0.00326821 222.495 5.36778 163304 2034.27 104160 1366.24 171250 2230.79 438714 5543.91 0.0221098 3.77383e-05 742.978 26.0082 24830.1 684.891 13.9022 0
#43 2.14232e+07 56376 0.77812 0.00229161 1e+06 0.0251637 0.0721087 3.10124 0.252695 0.240971 0.000565795 344176 1628.06 956491 3156.3 2.1535e+07 57762.9 0.419473 0.00143793 224.667 5.0534 161222 1185.38 104338 861.367 167429 1248.06 432989 3140.28 0.0218156 4.125e-05 747.192 1.62912 23756.9 644.49 14.5428 0
44 2.11684e+07 1.56754e+06 0.756093 0.0740989 1e+06 0.0261913 0.841799 3.12489 0.249621 0.244374 0.000510731 328349 24384.8 4.35171e+06 3.3613e+07 5.87043e+07 3.68939e+08 0.436205 0.0351477 223.714 17.7212 157760 11742.5 103480 7713.05 162213 12100.5 423453 31543.5 0.0215277 3.60089e-05 755.4 24.7664 22453.8 1774.54 15.1027 0
#45 2.12187e+07 59088.1 0.748985 0.0018857 1e+06 0.0272854 0.0666892 3.14276 0.236701 0.247699 0.000533743 317984 1350.16 955780 3067.93 2.1325e+07 60709.3 0.445509 0.00123253 225.343 5.66738 156530 1078.63 104030 825.28 159423 1220.18 419983 2970.47 0.0212472 3.55512e-05 758.524 1.77818 21472.5 621.661 15.8558 0
#46 2.14343e+07 66125.8 0.722849 0.00225809 1e+06 0.0301352 0.0844624 3.17655 0.20948 0.248959 0.000518036 296123 1539.71 955926 3408.61 2.15393e+07 68407.3 0.452463 0.00116193 224.123 6.42702 146801 1262.82 98092.7 956.404 149114 1330.76 394008 3435.28 0.0208594 3.90305e-05 743.204 1.97336 20308.6 722.654 16.5111 0
#47 2.13268e+07 64115.1 0.708636 0.00267215 1e+06 0.0314721 0.0959267 3.1945 0.262821 0.252157 0.000558054 284856 1743.9 954805 3064.9 2.14276e+07 66871.5 0.464251 0.00137726 224.838 4.65558 144357 1306.65 97651.8 1001.63 145253 1186.27 387262 3398.31 0.0205989 3.99637e-05 749.023 1.97012 19030.7 679.907 17.2023 0
48 2.12026e+07 68302.2 0.69417 0.00262784 1e+06 0.0329794 0.103313 3.20917 0.217554 0.254884 0.000577584 273785 1730.29 953470 3026.87 2.12979e+07 71327.9 0.475884 0.00143496 226.044 4.76143 141623 1394.97 96843.3 1085.66 141478 1293.71 379945 3677.91 0.0203186 3.97019e-05 754.686 2.23083 17629 729.896 17.9261 0
#49 2.08421e+07 2.0909e+06 0.666935 0.0928651 1e+06 0.0353974 1.6917 3.25129 0.274091 0.258021 0.000907571 260535 26059.9 5.16123e+06 2.9711e+07 7.15745e+07 3.55615e+08 0.491875 0.0422284 222.584 22.923 137684 13815 95249.2 9571.16 136296 13707.7 369230 37080.3 0.0200764 5.52327e-05 764.953 33.8301 16350.7 1784.32 18.4286 0
#50 2.13494e+07 81513.2 0.654766 0.00296918 1e+06 0.0390754 0.142943 3.31253 0.219229 0.257881 0.000717276 244257 1861.11 953456 3808.26 2.14324e+07 84900.3 0.491959 0.00151169 220.826 5.97332 128959 1622.56 89190 1304.37 127700 1540.92 345850 4398.94 0.019667 4.42581e-05 747.201 3.09356 14339.3 875 19.4588 0
#51 2.12571e+07 76600 0.641296 0.00306422 1e+06 0.0408704 0.1457 3.33492 0.229608 0.260399 0.000921401 235443 1855.13 952972 3449.25 2.13355e+07 80793.7 0.501896 0.00151324 219.791 6.22339 126753 1656.86 88543.8 1387.19 124724 1484.09 340020 4402.12 0.019412 5.64602e-05 753.147 3.7642 13199.8 915.16 20.1955 0
52 2.11528e+07 75490.8 0.62823 0.00279148 1e+06 0.0429455 0.138403 3.35159 0.218736 0.263045 0.000759567 226985 1606.68 951710 3778.71 2.12246e+07 78889.5 0.511585 0.00136366 219.45 5.90131 124392 1456.25 87721.8 1233.9 121365 1387.08 333478 3974.46 0.0191768 4.73236e-05 759.141 3.7576 11948.6 787.453 20.9311 0
#53 2.09163e+07 1.39081e+06 0.609603 0.0596833 1e+06 0.0449013 1.15415 3.40347 0.179873 0.265679 0.000850435 217654 14425 1.40646e+06 4.5121e+06 2.69901e+07 5.80835e+07 0.523399 0.025521 216.631 15.6879 121503 8092.04 86522.5 5811.81 117643 7880.24 325668 21763.6 0.018951 4.79427e-05 767.11 23.8902 10845.8 1090.85 21.5422 0
#54 2.13459e+07 89477 0.592132 0.00310793 1e+06 0.0551663 0.183365 3.50524 0.191856 0.263142 0.00121118 201747 1736.38 951681 4626.02 2.13934e+07 94161.6 0.524668 0.00146179 206.512 7.23829 110991 1743.22 78218 1549.17 108019 1454.14 297228 4675.67 0.0184701 6.44946e-05 759.14 7.56979 7454.9 975.203 22.6854 0
#55 2.1226e+07 91376.8 0.579905 0.00305118 1e+06 0.0594497 0.200084 3.45399 0.195679 0.265067 0.00123003 194442 1668.31 949535 4737.41 2.12656e+07 95588.1 0.533507 0.00138038 206.373 6.60119 108497 1716.08 77031.3 1556.75 105063 1432.85 290592 4638.9 0.0182256 6.28731e-05 768.263 9.26744 6149.04 966.944 23.5098 0
56 2.11259e+07 87799.5 0.568676 0.00246096 1e+06 0.0635424 0.168786 3.55321 0.179274 0.267264 0.00112572 187954 1306.62 947499 4789.18 2.1159e+07 91409.7 0.541685 0.00112101 203.958 7.23782 106450 1467 76214.8 1358.87 102487 1271.24 285152 4027 0.018002 5.44941e-05 778.119 10.3095 5058.61 866.582 24.2719 0
#57 2.09949e+07 112684 0.55891 0.0023636 1e+06 0.0679748 0.183127 3.54935 0.183149 0.269479 0.0012443 181979 1299.31 942649 6147.73 2.10222e+07 116996 0.549385 0.00117938 204.532 6.91745 104667 1564.6 75564.5 1475.67 100161 1367.79 280392 4316.08 0.0177911 6.00734e-05 793.66 14.4062 4135.33 938.778 25.0159 0
#58 2.11743e+07 131044 0.551428 0.0024991 1e+06 0.085482 0.146618 3.60815 0.188485 0.267365 0.000747195 170923 631.266 922486 8304.25 2.1187e+07 132815 0.548964 0.000739554 194.9 7.21915 96951.6 659.322 69395.7 599.042 93204.6 680.415 259552 1802.73 0.0173866 3.68722e-05 851.086 21.2006 1958.29 403.611 25.9684 0
#59 2.10382e+07 140808 0.54428 0.00259407 1e+06 0.0881602 0.166601 3.56668 0.170143 0.270164 0.000802926 166392 677.27 915168 8784.9 2.10488e+07 142165 0.555771 0.000876957 197.721 6.83082 96242.2 730.504 69635.3 648.039 91871.6 629.369 257749 1875.25 0.017221 4.00058e-05 869.24 20.9388 1647.42 427.385 26.671 0
60 2.08884e+07 145673 0.53745 0.0031982 1e+06 0.0910941 0.159867 3.59343 0.171165 0.27315 0.000730239 161988 690.844 907172 9636.76 2.0897e+07 146737 0.562616 0.000929518 198.074 7.27549 95498.6 591.066 69862.9 498.593 90405.1 639.281 255767 1502.23 0.0170698 4.1273e-05 889.083 21.0164 1345.91 313.818 27.3893 0
#61 2.07425e+07 137241 0.531248 0.00285156 1e+06 0.0933433 0.142297 3.60556 0.174239 0.276123 0.000649884 157968 566.399 898887 8935.27 2.07499e+07 138302 0.569144 0.000898348 200.673 7.5708 94959.1 540.226 70250.4 488.795 89206.2 609.216 254416 1467.57 0.0169179 3.61843e-05 906.374 18.1537 1140.35 294.209 28.0734 0
#62 2.08083e+07 159426 0.53379 0.00345917 1e+06 0.10382 0.131846 3.62871 0.155939 0.276213 0.000663523 151032 574.123 866586 10178.6 2.08128e+07 159963 0.569825 0.00175339 197.94 7.17363 90792.8 424.811 67210.1 323.571 85323.2 440.217 243326 907.765 0.0166472 3.84893e-05 955.073 10.6938 720.879 175.071 28.8463 0
#63 2.06754e+07 141152 0.527791 0.0033242 1e+06 0.10521 0.0999331 3.616 0.16237 0.279391 0.000698444 147443 512.279 859319 9201.47 2.06789e+07 141263 0.576644 0.00151345 198.777 7.44382 90441.9 315.358 67708.2 244.937 84191.9 443.983 242342 662.309 0.0165235 3.62509e-05 961.305 11.6131 630.646 128.764 29.4862 0
64 2.04868e+07 145863 0.523304 0.00335503 1e+06 0.106563 0.102255 3.6381 0.19805 0.282468 0.000671959 144078 502.478 848397 9427.28 2.04901e+07 146326 0.583724 0.00174752 201.727 7.4607 90138.1 345.411 68296.7 282.352 83350.5 431.235 241785 819.992 0.0163937 3.17204e-05 970.706 8.01147 567.273 133.906 30.1412 0
#65 2.03423e+07 156685 0.51815 0.00347489 1e+06 0.107305 0.11689 3.6432 0.159097 0.285749 0.0006567 140849 493.859 840232 9929.63 2.03453e+07 156913 0.59033 0.00189941 204.456 7.34172 89893.3 346.8 68962.6 283.609 82484 504.25 241340 891.308 0.0162711 3.38293e-05 974.868 6.82049 548.384 137.215 30.7186 0
#66 2.03802e+07 158743 0.522002 0.00352492 1e+06 0.116102 0.104381 3.65243 0.15559 0.286234 0.000587376 135146 455.497 809425 9677.86 2.03824e+07 158983 0.594073 0.00219868 201.472 6.89903 86459.1 295.55 66414.4 208.974 79155.4 367.755 232029 621.623 0.0160501 2.82475e-05 983.307 4.94294 400.091 95.4854 31.3269 0
#67 2.02648e+07 143223 0.516258 0.00299184 1e+06 0.116722 0.0967308 3.63003 0.175503 0.289223 0.000551828 132130 441.863 803538 8465.92 2.02666e+07 143214 0.600142 0.00192797 204 6.47227 86212.3 291.727 67004.6 214.135 78454.5 407.097 231671 649.939 0.0159282 2.9694e-05 984.123 3.75517 384.737 92.0804 31.8961 0
68 2.00983e+07 137159 0.511727 0.00292313 1e+06 0.117605 0.0894203 3.66072 0.159873 0.292482 0.000698347 129262 431.238 794587 8163.88 2.01004e+07 137312 0.606833 0.00179137 205.046 6.96135 85964 283.993 67624 223.753 77620.1 414.055 231208 660.086 0.0158215 3.051e-05 984.989 3.52634 366.263 86.6801 32.4638 0
#69 1.99351e+07 151526 0.507265 0.00329651 1e+06 0.118774 0.0935538 3.63065 0.135491 0.295491 0.000670875 126484 433.09 785864 9011.08 1.99368e+07 151337 0.613094 0.00182251 207.395 7.32238 85683.9 292.709 68170.8 232.563 76848.7 384.153 230703 620.987 0.0157084 3.23621e-05 986.843 3.8522 329 75.2856 33.0119 0
#70 1.99969e+07 143465 0.511553 0.00306244 1e+06 0.126259 0.0953855 3.67215 0.149463 0.296104 0.000680307 121823 404.322 759076 8265.45 1.99982e+07 143595 0.616437 0.0017925 206.054 6.33428 82812 254.166 65995 205.415 74071.1 371.917 222878 504.362 0.0155108 3.09703e-05 988.408 2.84603 295.475 62.4345 33.4284 0
