#1 Nodes,                 #2 AvgThroughput,               #4 totalBKThroughput, 
#6 totalBEThroughput,       #8 totalVIThroughput,           #10 totalVOThroughput,
#12 totalCollisions,        #14 totalBKCollisions,          #16 totalBECollisions,
#18 totalVICollisions,      #20 TotalVOCollisions,          #22 totalInternalCollisions,    
#24 totalBKIntCol,          #26 totalBEIntCol,              #28 totalVIIntCol,
#30 totalVOIntCol,          #32 overallFairness,            #34 BKFairness,
#36 BEFairness,             #38 VIFairness,                 #40 VOFairness,
#42 avgTimeBtSxTxBK,        #44 avgTimeBtSxTxBE,            #46 avgTimeBtSxTxVI,
#48 avgTimeBtSxTxVO,        #50 qEmptyBK,                   #52 qEmptyBE,
#54 qEmptyVI,               #56 qEmptyVO                    #58 totalDropped,
#60 droppedBK,              #62 droppedBE                   #64 droppedVI,
#66 droppedVO               #68 channelErrors               #70 stickiness
#72 totalThroughputUnsat    #74 totalThroughputSat          #76 totalThroughputEDCA
#78 totalBKthroughputEDCA   #80 totalBEthroughputEDCA       #82 totalVIthroughputEDCA
#84 totalVOthroughputEDCA   #86 totalThroughputECA          #88 totalBKthroughputECA
#90 totalBEthroughputECA    #92 totalVIthroughputECA        #94 totalVOthroughputECA
#96 avgTimeBtSxTxBkEDCA     #98 avgTimeBtSxTxBeEDCA         #100 avgTimeBtSxTxViEDCA
#102 avgTimeBtSxTxVoEDCA    #104 avgTimeBtSxTxBkECA         #106 avgTimeBtSxTxBeECA
#108 avgTimeBtSxTxViECA     #110 avgTimeBtSxTxVoECA         #112 BKCollisionsEDCA
#114 BECollisionsEDCA       #116 VICollisionsEDCA           #118 VOCollisionsEDCA
#120 BKCollisionsECA        #122 BECollisionsECA            #124 VICollisionsECA
#126 VOCollisionsEDCA       #128 lastCollision              #130 avgQueuingDelayBK
#132 avgQueuingDelayBE      #134 avgQueuingDelayVI          #136 avgQueuingDelayVO
5 44977450 67950 44977450 67950 0 0 0 0 0 0 27 2 0.0003777225 2.12965e-05 0 0 0 0 0 0 0 0 0 0 0 0 0 0 0 0 0.999999 0 0.999999 0 0 0 0 0 0 0 0.00607545 3.64599999999999e-05 0 0 0 0 0 0 0 0 0 0 0 0 0 0 0 0 0 0 0 0 0 0 0 0 0.1 0 1 0 0 0 44977450 67950 0 0 0 0 0 0 0 0 0 0 44977450 67950 44977450 67950 0 0 0 0 0 0 0 0 0 0 0 0 0 0 0.00607545 3.64599999999999e-05 0 0 0 0 0 0 0 0 0 0 0 0 0 0 0.0003777225 2.12965e-05 nan nan nan nan nan nan 47.8371 9.0395 0.906217 0.00136600000000003 0 0 0 0 0 0 
10 47463050 2450 47463050 2450 0 0 0 0 0 0 33.5 3.5 0.0006138415 3.78475e-05 0 0 0 0 0 0 0 0 0 0 0 0 0 0 0 0 0.999999 0 0.999999 0 0 0 0 0 0 0 0.01230135 2.09499999999996e-05 0 0 0 0 0 0 0 0 0 0 0 0 0 0 0 0 0 0 0 0 0 0 0 0 0.1 0 1 0 0 0 47463050 2450 0 0 0 0 0 0 0 0 0 0 47463050 2450 47463050 2450 0 0 0 0 0 0 0 0 0 0 0 0 0 0 0.01230135 2.09499999999996e-05 0 0 0 0 0 0 0 0 0 0 0 0 0 0 0.0006138415 3.78475e-05 nan nan nan nan nan nan 1.749335 0.712505 1.710625 9.50000000000673e-05 0 0 0 0 0 0 
15 47773500 163700 47773500 163700 0 0 0 0 0 0 35.5 2.5 0.000785326 2.32999999999982e-07 0 0 0 0 0 0 0 0 0 0 0 0 0 0 0 0 0.9999955 2.50000000001638e-06 0.9999955 2.50000000001638e-06 0 0 0 0 0 0 0.01751475 0.000275549999999999 0 0 0 0 0 0 0 0 0 0 0 0 0 0 0.5 0.5 0.5 0.5 0 0 0 0 0 0 0.1 0 1 0 0 0 47773500 163700 0 0 0 0 0 0 0 0 0 0 47773500 163700 47773500 163700 0 0 0 0 0 0 0 0 0 0 0 0 0 0 0.01751475 0.000275549999999999 0 0 0 0 0 0 0 0 0 0 0 0 0 0 0.000785326 2.32999999999982e-07 nan nan nan nan nan nan 1.186945 0.099785 2.538415 0.00854500000000002 0 0 0 0 0 0 
20 48307350 170750 48307350 170750 0 0 0 0 0 0 44 2 0.00105816 1.889e-05 0 0 0 0 0 0 0 0 0 0 0 0 0 0 0 0 0.9999965 5.00000000014378e-07 0.9999965 5.00000000014378e-07 0 0 0 0 0 0 0.0234476 0.000306799999999999 0 0 0 0 0 0 0 0 0 0 0 0 0 0 0.5 0.5 0.5 0.5 0 0 0 0 0 0 0.1 0 1 0 0 0 48307350 170750 0 0 0 0 0 0 0 0 0 0 48307350 170750 48307350 170750 0 0 0 0 0 0 0 0 0 0 0 0 0 0 0.0234476 0.000306799999999999 0 0 0 0 0 0 0 0 0 0 0 0 0 0 0.00105816 1.889e-05 nan nan nan nan nan nan 77.43055 14.97305 3.333815 0.0116350000000001 0 0 0 0 0 0 
25 48855200 1700 48855200 1700 0 0 0 0 0 0 47.5 0.5 0.001342125 1.99550000000001e-05 0 0 0 0 0 0 0 0 0 0 0 0 0 0 0 0 0.9999935 5.00000000014378e-07 0.9999935 5.00000000014378e-07 0 0 0 0 0 0 0.03011055 5.46499999999998e-05 0 0 0 0 0 0 0 0 0 0 0 0 0 0 0.5 0.5 0.5 0.5 0 0 0 0 0 0 0.1 0 1 0 0 0 48855200 1700 0 0 0 0 0 0 0 0 0 0 48855200 1700 48855200 1700 0 0 0 0 0 0 0 0 0 0 0 0 0 0 0.03011055 5.46499999999998e-05 0 0 0 0 0 0 0 0 0 0 0 0 0 0 0.001342125 1.99550000000001e-05 nan nan nan nan nan nan 2.536745 1.304785 4.10325 0.000280000000000058 0 0 0 0 0 0 
30 48887400 76000 48887400 76000 0 0 0 0 0 0 58 5 0.00158351 8.626e-05 0 0 0 0 0 0 0 0 0 0 0 0 0 0 0 0 0.9999925 5.00000000014378e-07 0.9999925 5.00000000014378e-07 0 0 0 0 0 0 0.03582685 0.00016975 0 0 0 0 0 0 0 0 0 0 0 0 0 0 17 17 17 17 0 0 0 0 0 0 0.1 0 1 0 0 0 48887400 76000 0 0 0 0 0 0 0 0 0 0 48887400 76000 48887400 76000 0 0 0 0 0 0 0 0 0 0 0 0 0 0 0.03582685 0.00016975 0 0 0 0 0 0 0 0 0 0 0 0 0 0 0.00158351 8.626e-05 nan nan nan nan nan nan 7.07788 6.61852 4.89947 0.00776000000000021 0 0 0 0 0 0 
35 48996300 123000 48996300 123000 0 0 0 0 0 0 66.5 5.5 0.00182522 0.00012136 0 0 0 0 0 0 0 0 0 0 0 0 0 0 0 0 0.999994 0 0.999994 0 0 0 0 0 0 0 0.04160435 0.000506349999999999 0 0 0 0 0 0 0 0 0 0 0 0 0 0 18 17 18 17 0 0 0 0 0 0 0.1 0 1 0 0 0 48996300 123000 0 0 0 0 0 0 0 0 0 0 48996300 123000 48996300 123000 0 0 0 0 0 0 0 0 0 0 0 0 0 0 0.04160435 0.000506349999999999 0 0 0 0 0 0 0 0 0 0 0 0 0 0 0.00182522 0.00012136 nan nan nan nan nan nan 30.0828565 29.4530435 5.67969 0.0137299999999998 0 0 0 0 0 0 
40 49207200 21900 49207200 21900 0 0 0 0 0 0 83 1 0.00248154 7.839e-05 0 0 0 0 0 0 0 0 0 0 0 0 0 0 0 0 0.9999885 5.00000000014378e-07 0.9999885 5.00000000014378e-07 0 0 0 0 0 0 0.04811215 1.36500000000005e-05 0 0 0 0 0 0 0 0 0 0 0 0 0 0 2 1 2 1 0 0 0 0 0 0 0.1 0 1 0 0 0 49207200 21900 0 0 0 0 0 0 0 0 0 0 49207200 21900 49207200 21900 0 0 0 0 0 0 0 0 0 0 0 0 0 0 0.04811215 1.36500000000005e-05 0 0 0 0 0 0 0 0 0 0 0 0 0 0 0.00248154 7.839e-05 nan nan nan nan nan nan 1.783675 0.0554750000000001 6.4362 0.00292000000000003 0 0 0 0 0 0 
45 49226350 16150 49226350 16150 0 0 0 0 0 0 119 6 0.003294575 0.000145515 0 0 0 0 0 0 0 0 0 0 0 0 0 0 0 0 0.9999825 3.50000000004513e-06 0.9999825 3.50000000004513e-06 0 0 0 0 0 0 0.0541853 1.99999999999992e-05 0 0 0 0 0 0 0 0 0 0 0 0 0 0 7 6 7 6 0 0 0 0 0 0 0.1 0 1 0 0 0 49226350 16150 0 0 0 0 0 0 0 0 0 0 49226350 16150 49226350 16150 0 0 0 0 0 0 0 0 0 0 0 0 0 0 0.0541853 1.99999999999992e-05 0 0 0 0 0 0 0 0 0 0 0 0 0 0 0.003294575 0.000145515 nan nan nan nan nan nan 3.004825 0.860805 7.207215 0.00250499999999976 0 0 0 0 0 0 
50 48936650 93650 48936650 93650 0 0 0 0 0 0 406.5 98.5 0.01070619 0.00249671 0 0 0 0 0 0 0 0 0 0 0 0 0 0 0 0 0.99987 4.10000000000132e-05 0.99987 4.10000000000132e-05 0 0 0 0 0 0 0.06175795 0.000571749999999999 0 0 0 0 0 0 0 0 0 0 0 0 0 0 216 45 216 45 0 0 0 0 0 0 0.1 0 1 0 0 0 48936650 93650 0 0 0 0 0 0 0 0 0 0 48936650 93650 48936650 93650 0 0 0 0 0 0 0 0 0 0 0 0 0 0 0.06175795 0.000571749999999999 0 0 0 0 0 0 0 0 0 0 0 0 0 0 0.01070619 0.00249671 nan nan nan nan nan nan 14.6869 4.4405 8.01875 0.01492 0 0 0 0 0 0 
55 46407950 33650 46407950 33650 0 0 0 0 0 0 2807 17 0.0838154 0.000768000000000005 0 0 0 0 0 0 0 0 0 0 0 0 0 0 0 0 0.9987745 2.50000000001638e-06 0.9987745 2.50000000001638e-06 0 0 0 0 0 0 0.087248 0.0003564 0 0 0 0 0 0 0 0 0 0 0 0 0 0 2024 37 2024 37 0 0 0 0 0 0 0.1 0 1 0 0 0 46407950 33650 0 0 0 0 0 0 0 0 0 0 46407950 33650 46407950 33650 0 0 0 0 0 0 0 0 0 0 0 0 0 0 0.087248 0.0003564 0 0 0 0 0 0 0 0 0 0 0 0 0 0 0.0838154 0.000768000000000005 nan nan nan nan nan nan 99.95035 0.00634999999999764 9.205835 0.0075649999999996 0 0 0 0 0 0 
60 45451950 79950 45451950 79950 0 0 0 0 0 0 3728.5 30.5 0.1211675 0.0019885 0 0 0 0 0 0 0 0 0 0 0 0 0 0 0 0 0.9983655 0.000431500000000029 0.9983655 0.000431500000000029 0 0 0 0 0 0 0.1075665 0.000878499999999997 0 0 0 0 0 0 0 0 0 0 0 0 0 0 2962 247 2962 247 0 0 0 0 0 0 0.1 0 1 0 0 0 45451950 79950 0 0 0 0 0 0 0 0 0 0 45451950 79950 45451950 79950 0 0 0 0 0 0 0 0 0 0 0 0 0 0 0.1075665 0.000878499999999997 0 0 0 0 0 0 0 0 0 0 0 0 0 0 0.1211675 0.0019885 nan nan nan nan nan nan 99.94895 0.0352499999999978 10.18225 0.0120500000000003 0 0 0 0 0 0 
65 44648400 40700 44648400 40700 0 0 0 0 0 0 4437 34 0.1536645 0.00187949999999999 0 0 0 0 0 0 0 0 0 0 0 0 0 0 0 0 0.9979045 0.000253500000000018 0.9979045 0.000253500000000018 0 0 0 0 0 0 0.128649 0.000991000000000006 0 0 0 0 0 0 0 0 0 0 0 0 0 0 3172.5 170.5 3172.5 170.5 0 0 0 0 0 0 0.1 0 1 0 0 0 44648400 40700 0 0 0 0 0 0 0 0 0 0 44648400 40700 44648400 40700 0 0 0 0 0 0 0 0 0 0 0 0 0 0 0.128649 0.000991000000000006 0 0 0 0 0 0 0 0 0 0 0 0 0 0 0.1536645 0.00187949999999999 nan nan nan nan nan nan 99.99205 0.00094999999999601 11.16185 0.00835000000000008 0 0 0 0 0 0 
70 43873750 51950 43873750 51950 0 0 0 0 0 0 5085.5 9.5 0.187953 0.000659000000000007 0 0 0 0 0 0 0 0 0 0 0 0 0 0 0 0 0.9973525 0.000184499999999976 0.9973525 0.000184499999999976 0 0 0 0 0 0 0.1534525 0.000362500000000002 0 0 0 0 0 0 0 0 0 0 0 0 0 0 3718.5 187.5 3718.5 187.5 0 0 0 0 0 0 0.1 0 1 0 0 0 43873750 51950 0 0 0 0 0 0 0 0 0 0 43873750 51950 43873750 51950 0 0 0 0 0 0 0 0 0 0 0 0 0 0 0.1534525 0.000362500000000002 0 0 0 0 0 0 0 0 0 0 0 0 0 0 0.187953 0.000659000000000007 nan nan nan nan nan nan 99.99 0.00600000000000023 12.1421 0.0191000000000008 0 0 0 0 0 0 
