#1 Nodes,                 #2 AvgThroughput,               #4 totalBKThroughput, 
#6 totalBEThroughput,       #8 totalVIThroughput,           #10 totalVOThroughput,
#12 totalCollisions,        #14 totalBKCollisions,          #16 totalBECollisions,
#18 totalVICollisions,      #20 TotalVOCollisions,          #22 totalInternalCollisions,    
#24 totalBKIntCol,          #26 totalBEIntCol,              #28 totalVIIntCol,
#30 totalVOIntCol,          #32 overallFairness,            #34 BKFairness,
#36 BEFairness,             #38 VIFairness,                 #40 VOFairness,
#42 avgTimeBtSxTxBK,        #44 avgTimeBtSxTxBE,            #46 avgTimeBtSxTxVI,
#48 avgTimeBtSxTxVO,        #50 qEmptyBK,                   #52 qEmptyBE,
#54 qEmptyVI,               #56 qEmptyVO                    #58 totalDropped,
#60 droppedBK,              #62 droppedBE                   #64 droppedVI,
#66 droppedVO               #68 channelErrors               #70 stickiness
#72 totalThroughputUnsat    #74 totalThroughputSat          #76 totalThroughputEDCA
#78 totalBKthroughputEDCA   #80 totalBEthroughputEDCA       #82 totalVIthroughputEDCA
#84 totalVOthroughputEDCA   #86 totalThroughputECA          #88 totalBKthroughputECA
#90 totalBEthroughputECA    #92 totalVIthroughputECA        #94 totalVOthroughputECA
#96 avgTimeBtSxTxBkEDCA     #98 avgTimeBtSxTxBeEDCA         #100 avgTimeBtSxTxViEDCA
#102 avgTimeBtSxTxVoEDCA    #104 avgTimeBtSxTxBkECA         #106 avgTimeBtSxTxBeECA
#108 avgTimeBtSxTxViECA     #110 avgTimeBtSxTxVoECA         #112 BKCollisionsEDCA
#114 BECollisionsEDCA       #116 VICollisionsEDCA           #118 VOCollisionsEDCA
#120 BKCollisionsECA        #122 BECollisionsECA            #124 VICollisionsECA
#126 VOCollisionsEDCA       #128 lastCollision              #130 avgQueuingDelayBK
#132 avgQueuingDelayBE      #134 avgQueuingDelayVI          #136 avgQueuingDelayVO
1 2881684 1273.78726638321 2881684 1273.78726638321 0 0 0 0 0 0 3921.45 2.88920404263873 0.1002973 8.01118592968595e-05 0 0 0 0 0 0 0 0 0 0 0 0 0 0 0 0 1 0 1 0 0 0 0 0 0 0 0.0028427815 1.25482777702758e-06 0 0 0 0 0 0 0 0 0 0 0 0 0 0 0 0 0 0 0 0 0 0 0 0 0.1 1.38777878078145e-17 1 0 0 0 2881684 1273.78726638321 0 0 0 0 0 0 0 0 0 0 2881684 1273.78726638321 2881684 1273.78726638321 0 0 0 0 0 0 0 0 0 0 0 0 0 0 0.0028427815 1.25482777702758e-06 0 0 0 0 0 0 0 0 0 0 0 0 0 0 0.1002973 8.01118592968595e-05 nan nan nan nan nan nan 99.98266 0.0159117063824096 810985047.46236 3535001648.83872 0 0 0 0 0 0 
#2 5250350.5 2043.64252010962 5250350.5 2043.64252010962 0 0 0 0 0 0 7086.85 6.51363953562062 0.09991838 0.000161219913782388 0 0 0 0 0 0 0 0 0 0 0 0 0 0 0 0 0.999997 3.44963766212023e-06 0.999997 3.44963766212023e-06 0 0 0 0 0 0 0.003120561 1.21307419393869e-06 0 0 0 0 0 0 0 0 0 0 0 0 0 0 0 0 0 0 0 0 0 0 0 0 0.1 1.38777878078145e-17 1 0 0 0 5250350.5 2043.64252010962 0 0 0 0 0 0 0 0 0 0 5250350.5 2043.64252010962 5250350.5 2043.64252010962 0 0 0 0 0 0 0 0 0 0 0 0 0 0 0.003120561 1.21307419393869e-06 0 0 0 0 0 0 0 0 0 0 0 0 0 0 0.09991838 0.000161219913782388 nan nan nan nan nan nan 99.98841 0.0119077663732533 0 0 0 0 0 0 0 0 
#3 7224369.5 2189.13333307955 7224369.5 2189.13333307955 0 0 0 0 0 0 9753.15 10.479861640308 0.10027959 0.000181657132807935 0 0 0 0 0 0 0 0 0 0 0 0 0 0 0 0 0.99999675 3.41869858279562e-06 0.99999675 3.41869858279562e-06 0 0 0 0 0 0 0.0034018285 1.03469935246912e-06 0 0 0 0 0 0 0 0 0 0 0 0 0 0 0.2 0.4 0.2 0.4 0 0 0 0 0 0 0.1 1.38777878078145e-17 1 0 0 0 7224369.5 2189.13333307955 0 0 0 0 0 0 0 0 0 0 7224369.5 2189.13333307955 7224369.5 2189.13333307955 0 0 0 0 0 0 0 0 0 0 0 0 0 0 0.0034018285 1.03469935246912e-06 0 0 0 0 0 0 0 0 0 0 0 0 0 0 0.10027959 0.000181657132807935 nan nan nan nan nan nan 99.989385 0.00620647041401188 0 0 0 0 0 0 0 0 
#4 8888237.5 3712.52457904321 8888237.5 3712.52457904321 0 0 0 0 0 0 12164.45 13.7239753715897 0.1018876 0.000217370973223199 0 0 0 0 0 0 0 0 0 0 0 0 0 0 0 0 0.99999685 3.0211752680112e-06 0.99999685 3.0211752680112e-06 0 0 0 0 0 0 0.0036866795 1.53926435351435e-06 0 0 0 0 0 0 0 0 0 0 0 0 0 0 0 0 0 0 0 0 0 0 0 0 0.1 1.38777878078145e-17 1 0 0 0 8888237.5 3712.52457904321 0 0 0 0 0 0 0 0 0 0 8888237.5 3712.52457904321 8888237.5 3712.52457904321 0 0 0 0 0 0 0 0 0 0 0 0 0 0 0.0036866795 1.53926435351435e-06 0 0 0 0 0 0 0 0 0 0 0 0 0 0 0.1018876 0.000217370973223199 nan nan nan nan nan nan 99.992485 0.00610698575403672 0 0 0 0 0 0 0 0 
5 10311495 2391.96049298478 10311495 2391.96049298478 0 0 0 0 0 0 14241.65 14.2206715734525 0.1030348 0.000152421980042248 0 0 0 0 0 0 0 0 0 0 0 0 0 0 0 0 0.9999951 3.85875627633413e-06 0.9999951 3.85875627633413e-06 0 0 0 0 0 0 0.0039722795 9.21897364135487e-07 0 0 0 0 0 0 0 0 0 0 0 0 0 0 0.15 0.476969600708473 0.15 0.476969600708473 0 0 0 0 0 0 0.1 1.38777878078145e-17 1 0 0 0 10311495 2391.96049298478 0 0 0 0 0 0 0 0 0 0 10311495 2391.96049298478 10311495 2391.96049298478 0 0 0 0 0 0 0 0 0 0 0 0 0 0 0.0039722795 9.21897364135487e-07 0 0 0 0 0 0 0 0 0 0 0 0 0 0 0.1030348 0.000152421980042248 nan nan nan nan nan nan 99.990215 0.0100061118822451 0 0 0 0 0 0 0 0 
#6 11554480 2453.69109710249 11554480 2453.69109710249 0 0 0 0 0 0 15984.45 15.3345198816266 0.1035628 0.000165563764151459 0 0 0 0 0 0 0 0 0 0 0 0 0 0 0 0 0.9999948 2.94278779392839e-06 0.9999948 2.94278779392839e-06 0 0 0 0 0 0 0.004253951 8.95650043264577e-07 0 0 0 0 0 0 0 0 0 0 0 0 0 0 0.4 0.8 0.4 0.8 0 0 0 0 0 0 0.1 1.38777878078145e-17 1 0 0 0 11554480 2453.69109710249 0 0 0 0 0 0 0 0 0 0 11554480 2453.69109710249 11554480 2453.69109710249 0 0 0 0 0 0 0 0 0 0 0 0 0 0 0.004253951 8.95650043264577e-07 0 0 0 0 0 0 0 0 0 0 0 0 0 0 0.1035628 0.000165563764151459 nan nan nan nan nan nan 99.995705 0.00369938846297557 0 0 0 0 0 0 0 0 
#7 12637595 3772.19763533143 12637595 3772.19763533143 0 0 0 0 0 0 17566.55 31.1664483058304 0.1043217 0.000312654137986372 0 0 0 0 0 0 0 0 0 0 0 0 0 0 0 0 0.9999932 4.52327315116018e-06 0.9999932 4.52327315116018e-06 0 0 0 0 0 0 0.004537597 1.35944878535383e-06 0 0 0 0 0 0 0 0 0 0 0 0 0 0 0.65 0.653834841531101 0.65 0.653834841531101 0 0 0 0 0 0 0.1 1.38777878078145e-17 1 0 0 0 12637595 3772.19763533143 0 0 0 0 0 0 0 0 0 0 12637595 3772.19763533143 12637595 3772.19763533143 0 0 0 0 0 0 0 0 0 0 0 0 0 0 0.004537597 1.35944878535383e-06 0 0 0 0 0 0 0 0 0 0 0 0 0 0 0.1043217 0.000312654137986372 nan nan nan nan nan nan 99.995505 0.00510014460579286 0 0 0 0 0 0 0 0 
#8 13592910 3687.12625224578 13592910 3687.12625224578 0 0 0 0 0 0 18982.1 19.4265282539109 0.10515435 0.000183387370066754 0 0 0 0 0 0 0 0 0 0 0 0 0 0 0 0 0.999994 3.19374388452877e-06 0.999994 3.19374388452877e-06 0 0 0 0 0 0 0.0048213625 1.3109076054398e-06 0 0 0 0 0 0 0 0 0 0 0 0 0 0 0.5 0.591607978309962 0.5 0.591607978309962 0 0 0 0 0 0 0.1 1.38777878078145e-17 1 0 0 0 13592910 3687.12625224578 0 0 0 0 0 0 0 0 0 0 13592910 3687.12625224578 13592910 3687.12625224578 0 0 0 0 0 0 0 0 0 0 0 0 0 0 0.0048213625 1.3109076054398e-06 0 0 0 0 0 0 0 0 0 0 0 0 0 0 0.10515435 0.000183387370066754 nan nan nan nan nan nan 99.99512 0.0047058049258331 0 0 0 0 0 0 0 0 
#9 14441420 4385.84085438585 14441420 4385.84085438585 0 0 0 0 0 0 20247.5 36.3118437978575 0.1058542 0.00028610515549357 0 0 0 0 0 0 0 0 0 0 0 0 0 0 0 0 0.99999455 1.77411949992666e-06 0.99999455 1.77411949992666e-06 0 0 0 0 0 0 0.0051053415 1.54838714474129e-06 0 0 0 0 0 0 0 0 0 0 0 0 0 0 0.95 0.804673846971554 0.95 0.804673846971554 0 0 0 0 0 0 0.1 1.38777878078145e-17 1 0 0 0 14441420 4385.84085438585 0 0 0 0 0 0 0 0 0 0 14441420 4385.84085438585 14441420 4385.84085438585 0 0 0 0 0 0 0 0 0 0 0 0 0 0 0.0051053415 1.54838714474129e-06 0 0 0 0 0 0 0 0 0 0 0 0 0 0 0.1058542 0.00028610515549357 nan nan nan nan nan nan 99.996785 0.0018382804465057 0 0 0 0 0 0 0 0 
10 15199330 4515.20763642161 15199330 4515.20763642161 0 0 0 0 0 0 21403.05 32.4722573899629 0.1066037 0.000260132677685831 0 0 0 0 0 0 0 0 0 0 0 0 0 0 0 0 0.9999944 2.17715410571322e-06 0.9999944 2.17715410571322e-06 0 0 0 0 0 0 0.005389733 1.5955503752625e-06 0 0 0 0 0 0 0 0 0 0 0 0 0 0 1 0.894427190999916 1 0.894427190999916 0 0 0 0 0 0 0.1 1.38777878078145e-17 1 0 0 0 15199330 4515.20763642161 0 0 0 0 0 0 0 0 0 0 15199330 4515.20763642161 15199330 4515.20763642161 0 0 0 0 0 0 0 0 0 0 0 0 0 0 0.005389733 1.5955503752625e-06 0 0 0 0 0 0 0 0 0 0 0 0 0 0 0.1066037 0.000260132677685831 nan nan nan nan nan nan 99.995355 0.00431560830011286 0 0 0 0 0 0 0 0 
#11 15879170 3512.13610214638 15879170 3512.13610214638 0 0 0 0 0 0 22452.95 32.868640069221 0.10740965 0.000261326094181198 0 0 0 0 0 0 0 0 0 0 0 0 0 0 0 0 0.9999926 2.72763633941211e-06 0.9999926 2.72763633941211e-06 0 0 0 0 0 0 0.005674888 1.25080214262683e-06 0 0 0 0 0 0 0 0 0 0 0 0 0 0 1.75 1.25996031683542 1.75 1.25996031683542 0 0 0 0 0 0 0.1 1.38777878078145e-17 1 0 0 0 15879170 3512.13610214638 0 0 0 0 0 0 0 0 0 0 15879170 3512.13610214638 15879170 3512.13610214638 0 0 0 0 0 0 0 0 0 0 0 0 0 0 0.005674888 1.25080214262683e-06 0 0 0 0 0 0 0 0 0 0 0 0 0 0 0.10740965 0.000261326094181198 nan nan nan nan nan nan 99.99509 0.00997521428341242 0 0 0 0 0 0 0 0 
#12 16493340 5247.51369698069 16493340 5247.51369698069 0 0 0 0 0 0 23445.5 45.2266514347459 0.1082913 0.000348397344995625 0 0 0 0 0 0 0 0 0 0 0 0 0 0 0 0 0.9999903 4.23202079390131e-06 0.9999903 4.23202079390131e-06 0 0 0 0 0 0 0.0059602685 1.90691708000117e-06 0 0 0 0 0 0 0 0 0 0 0 0 0 0 1.35 1.10792599030802 1.35 1.10792599030802 0 0 0 0 0 0 0.1 1.38777878078145e-17 1 0 0 0 16493340 5247.51369698069 0 0 0 0 0 0 0 0 0 0 16493340 5247.51369698069 16493340 5247.51369698069 0 0 0 0 0 0 0 0 0 0 0 0 0 0 0.0059602685 1.90691708000117e-06 0 0 0 0 0 0 0 0 0 0 0 0 0 0 0.1082913 0.000348397344995625 nan nan nan nan nan nan 99.997775 0.0021349180312118 0 0 0 0 0 0 0 0 
#13 17058535 4267.11553628443 17058535 4267.11553628443 0 0 0 0 0 0 24288.75 32.2441855223543 0.1087527 0.000246382040741609 0 0 0 0 0 0 0 0 0 0 0 0 0 0 0 0 0.9999893 4.26731765867328e-06 0.9999893 4.26731765867328e-06 0 0 0 0 0 0 0.006243028 1.56938395556992e-06 0 0 0 0 0 0 0 0 0 0 0 0 0 0 1.65 1.49248115565993 1.65 1.49248115565993 0 0 0 0 0 0 0.1 1.38777878078145e-17 1 0 0 0 17058535 4267.11553628443 0 0 0 0 0 0 0 0 0 0 17058535 4267.11553628443 17058535 4267.11553628443 0 0 0 0 0 0 0 0 0 0 0 0 0 0 0.006243028 1.56938395556992e-06 0 0 0 0 0 0 0 0 0 0 0 0 0 0 0.1087527 0.000246382040741609 nan nan nan nan nan nan 99.994755 0.00433791136377884 0 0 0 0 0 0 0 0 
#14 17561450 5214.73872787506 17561450 5214.73872787506 0 0 0 0 0 0 25165.25 51.0831430121523 0.1098272 0.000365435712540523 0 0 0 0 0 0 0 0 0 0 0 0 0 0 0 0 0.99999075 3.51958804407273e-06 0.99999075 3.51958804407273e-06 0 0 0 0 0 0 0.006530716 1.9332883902822e-06 0 0 0 0 0 0 0 0 0 0 0 0 0 0 1.45 0.864580823289529 1.45 0.864580823289529 0 0 0 0 0 0 0.1 1.38777878078145e-17 1 0 0 0 17561450 5214.73872787506 0 0 0 0 0 0 0 0 0 0 17561450 5214.73872787506 17561450 5214.73872787506 0 0 0 0 0 0 0 0 0 0 0 0 0 0 0.006530716 1.9332883902822e-06 0 0 0 0 0 0 0 0 0 0 0 0 0 0 0.1098272 0.000365435712540523 nan nan nan nan nan nan 99.995805 0.00229051850025391 0 0 0 0 0 0 0 0 
15 18027045 4457.18240596007 18027045 4457.18240596007 0 0 0 0 0 0 25930 37.6974800218794 0.1106005 0.000253561136612061 0 0 0 0 0 0 0 0 0 0 0 0 0 0 0 0 0.99999025 2.56661255354888e-06 0.99999025 2.56661255354888e-06 0 0 0 0 0 0 0.006816482 1.69420364773546e-06 0 0 0 0 0 0 0 0 0 0 0 0 0 0 1.65 1.27573508221731 1.65 1.27573508221731 0 0 0 0 0 0 0.1 1.38777878078145e-17 1 0 0 0 18027045 4457.18240596007 0 0 0 0 0 0 0 0 0 0 18027045 4457.18240596007 18027045 4457.18240596007 0 0 0 0 0 0 0 0 0 0 0 0 0 0 0.006816482 1.69420364773546e-06 0 0 0 0 0 0 0 0 0 0 0 0 0 0 0.1106005 0.000253561136612061 nan nan nan nan nan nan 99.99679 0.00284058092650055 0 0 0 0 0 0 0 0 
#16 18457555 6204.14982088602 18457555 6204.14982088602 0 0 0 0 0 0 26626.85 56.8948811405736 0.1112049 0.000402161646604944 0 0 0 0 0 0 0 0 0 0 0 0 0 0 0 0 0.9999868 5.78446194559003e-06 0.9999868 5.78446194559003e-06 0 0 0 0 0 0 0.007101344 2.38578372867279e-06 0 0 0 0 0 0 0 0 0 0 0 0 0 0 2.25 1.86748493969831 2.25 1.86748493969831 0 0 0 0 0 0 0.1 1.38777878078145e-17 1 0 0 0 18457555 6204.14982088602 0 0 0 0 0 0 0 0 0 0 18457555 6204.14982088602 18457555 6204.14982088602 0 0 0 0 0 0 0 0 0 0 0 0 0 0 0.007101344 2.38578372867279e-06 0 0 0 0 0 0 0 0 0 0 0 0 0 0 0.1112049 0.000402161646604944 nan nan nan nan nan nan 99.996375 0.00276728657713698 0 0 0 0 0 0 0 0 
#17 18850955 5615.28939592609 18850955 5615.28939592609 0 0 0 0 0 0 27330.85 54.1897361130316 0.11213245 0.000354706565346625 0 0 0 0 0 0 0 0 0 0 0 0 0 0 0 0 0.99998835 4.28106295212167e-06 0.99998835 4.28106295212167e-06 0 0 0 0 0 0 0.0073877065 2.20786157854144e-06 0 0 0 0 0 0 0 0 0 0 0 0 0 0 2.85 1.45859521458148 2.85 1.45859521458148 0 0 0 0 0 0 0.1 1.38777878078145e-17 1 0 0 0 18850955 5615.28939592609 0 0 0 0 0 0 0 0 0 0 18850955 5615.28939592609 18850955 5615.28939592609 0 0 0 0 0 0 0 0 0 0 0 0 0 0 0.0073877065 2.20786157854144e-06 0 0 0 0 0 0 0 0 0 0 0 0 0 0 0.11213245 0.000354706565346625 nan nan nan nan nan nan 99.996285 0.00324596287717468 0 0 0 0 0 0 0 0 
#18 19214710 4323.41300363498 19214710 4323.41300363498 0 0 0 0 0 0 27976.05 43.5700298370336 0.1128998 0.000284343735644026 0 0 0 0 0 0 0 0 0 0 0 0 0 0 0 0 0.999989 2.4698178070358e-06 0.999989 2.4698178070358e-06 0 0 0 0 0 0 0.0076741895 1.72485209510846e-06 0 0 0 0 0 0 0 0 0 0 0 0 0 0 2.15 1.42390308658981 2.15 1.42390308658981 0 0 0 0 0 0 0.1 1.38777878078145e-17 1 0 0 0 19214710 4323.41300363498 0 0 0 0 0 0 0 0 0 0 19214710 4323.41300363498 19214710 4323.41300363498 0 0 0 0 0 0 0 0 0 0 0 0 0 0 0.0076741895 1.72485209510846e-06 0 0 0 0 0 0 0 0 0 0 0 0 0 0 0.1128998 0.000284343735644026 nan nan nan nan nan nan 99.9952 0.00391203271969892 0 0 0 0 0 0 0 0 
#19 19544880 6688.54244211697 19544880 6688.54244211697 0 0 0 0 0 0 28646.45 62.8422429580613 0.1139988 0.000429702641369588 0 0 0 0 0 0 0 0 0 0 0 0 0 0 0 0 0.9999877 3.27261363438797e-06 0.9999877 3.27261363438797e-06 0 0 0 0 0 0 0.007963704 2.72066241933844e-06 0 0 0 0 0 0 0 0 0 0 0 0 0 0 3.7 1.87349939951952 3.7 1.87349939951952 0 0 0 0 0 0 0.1 1.38777878078145e-17 1 0 0 0 19544880 6688.54244211697 0 0 0 0 0 0 0 0 0 0 19544880 6688.54244211697 19544880 6688.54244211697 0 0 0 0 0 0 0 0 0 0 0 0 0 0 0.007963704 2.72066241933844e-06 0 0 0 0 0 0 0 0 0 0 0 0 0 0 0.1139988 0.000429702641369588 nan nan nan nan nan nan 99.9972 0.00228473193175923 0 0 0 0 0 0 0 0 
20 19859540 6391.58822203058 19859540 6391.58822203058 0 0 0 0 0 0 29211.35 57.8422639598417 0.11472245 0.000327138116855862 0 0 0 0 0 0 0 0 0 0 0 0 0 0 0 0 0.9999866 3.21558703816575e-06 0.9999866 3.21558703816575e-06 0 0 0 0 0 0 0.008250029 2.64352964802733e-06 0 0 0 0 0 0 0 0 0 0 0 0 0 0 3.85 1.55804364508829 3.85 1.55804364508829 0 0 0 0 0 0 0.1 1.38777878078145e-17 1 0 0 0 19859540 6391.58822203058 0 0 0 0 0 0 0 0 0 0 19859540 6391.58822203058 19859540 6391.58822203058 0 0 0 0 0 0 0 0 0 0 0 0 0 0 0.008250029 2.64352964802733e-06 0 0 0 0 0 0 0 0 0 0 0 0 0 0 0.11472245 0.000327138116855862 nan nan nan nan nan nan 99.996795 0.00244468300603566 0 0 0 0 0 0 0 0 
#21 20149895 4698.45453314172 20149895 4698.45453314172 0 0 0 0 0 0 29771.2 47.4232010728926 0.1155814 0.00029052442238132 0 0 0 0 0 0 0 0 0 0 0 0 0 0 0 0 0.9999843 5.66656862659899e-06 0.9999843 5.66656862659899e-06 0 0 0 0 0 0 0.0085377245 1.99197006754629e-06 0 0 0 0 0 0 0 0 0 0 0 0 0 0 3.9 1.7 3.9 1.7 0 0 0 0 0 0 0.1 1.38777878078145e-17 1 0 0 0 20149895 4698.45453314172 0 0 0 0 0 0 0 0 0 0 20149895 4698.45453314172 20149895 4698.45453314172 0 0 0 0 0 0 0 0 0 0 0 0 0 0 0.0085377245 1.99197006754629e-06 0 0 0 0 0 0 0 0 0 0 0 0 0 0 0.1155814 0.00029052442238132 nan nan nan nan nan nan 99.99701 0.00234625233084478 0 0 0 0 0 0 0 0 
#22 20421900 5468.91214045353 20421900 5468.91214045353 0 0 0 0 0 0 30297.6 56.6015900836717 0.11641905 0.000308476332155321 0 0 0 0 0 0 0 0 0 0 0 0 0 0 0 0 0.99998585 4.45280810275277e-06 0.99998585 4.45280810275277e-06 0 0 0 0 0 0 0.0088251425 2.3665013733358e-06 0 0 0 0 0 0 0 0 0 0 0 0 0 0 4.9 1.99749843554382 4.9 1.99749843554382 0 0 0 0 0 0 0.1 1.38777878078145e-17 1 0 0 0 20421900 5468.91214045353 0 0 0 0 0 0 0 0 0 0 20421900 5468.91214045353 20421900 5468.91214045353 0 0 0 0 0 0 0 0 0 0 0 0 0 0 0.0088251425 2.3665013733358e-06 0 0 0 0 0 0 0 0 0 0 0 0 0 0 0.11641905 0.000308476332155321 nan nan nan nan nan nan 99.9967 0.00374098917400235 0 0 0 0 0 0 0 0 
#23 20671015 5763.00919659166 20671015 5763.00919659166 0 0 0 0 0 0 30847.15 57.0019955791023 0.11745435 0.000331247984899531 0 0 0 0 0 0 0 0 0 0 0 0 0 0 0 0 0.99998305 4.51082032451489e-06 0.99998305 4.51082032451489e-06 0 0 0 0 0 0 0.009115115 2.55478276963044e-06 0 0 0 0 0 0 0 0 0 0 0 0 0 0 5 2.48997991959775 5 2.48997991959775 0 0 0 0 0 0 0.1 1.38777878078145e-17 1 0 0 0 20671015 5763.00919659166 0 0 0 0 0 0 0 0 0 0 20671015 5763.00919659166 20671015 5763.00919659166 0 0 0 0 0 0 0 0 0 0 0 0 0 0 0.009115115 2.55478276963044e-06 0 0 0 0 0 0 0 0 0 0 0 0 0 0 0.11745435 0.000331247984899531 nan nan nan nan nan nan 99.99579 0.00474467069457925 0 0 0 0 0 0 0 0 
#24 20908925 4675.13368792808 20908925 4675.13368792808 0 0 0 0 0 0 31310.2 43.2106468361676 0.1182206 0.000262854598590171 0 0 0 0 0 0 0 0 0 0 0 0 0 0 0 0 0.99998605 4.51082032451945e-06 0.99998605 4.51082032451945e-06 0 0 0 0 0 0 0.009403185 2.08950113663508e-06 0 0 0 0 0 0 0 0 0 0 0 0 0 0 5.4 2.39582971014219 5.4 2.39582971014219 0 0 0 0 0 0 0.1 1.38777878078145e-17 1 0 0 0 20908925 4675.13368792808 0 0 0 0 0 0 0 0 0 0 20908925 4675.13368792808 20908925 4675.13368792808 0 0 0 0 0 0 0 0 0 0 0 0 0 0 0.009403185 2.08950113663508e-06 0 0 0 0 0 0 0 0 0 0 0 0 0 0 0.1182206 0.000262854598590171 nan nan nan nan nan nan 99.997015 0.00196424922043886 0 0 0 0 0 0 0 0 
25 21131860 7943.51307671864 21131860 7943.51307671864 0 0 0 0 0 0 31788.25 75.5604890137696 0.1191699 0.000492995831625381 0 0 0 0 0 0 0 0 0 0 0 0 0 0 0 0 0.99998355 5.07419944424633e-06 0.99998355 5.07419944424633e-06 0 0 0 0 0 0 0.0096916575 3.66098740096159e-06 0 0 0 0 0 0 0 0 0 0 0 0 0 0 5.55 1.71682847133894 5.55 1.71682847133894 0 0 0 0 0 0 0.1 1.38777878078145e-17 1 0 0 0 21131860 7943.51307671864 0 0 0 0 0 0 0 0 0 0 21131860 7943.51307671864 21131860 7943.51307671864 0 0 0 0 0 0 0 0 0 0 0 0 0 0 0.0096916575 3.66098740096159e-06 0 0 0 0 0 0 0 0 0 0 0 0 0 0 0.1191699 0.000492995831625381 nan nan nan nan nan nan 99.996925 0.00301908512632569 0 0 0 0 0 0 0 0 
#26 21342545 3723.50305492019 21342545 3723.50305492019 0 0 0 0 0 0 32229.75 41.5438021851636 0.11991625 0.000203639847524987 0 0 0 0 0 0 0 0 0 0 0 0 0 0 0 0 0.9999801 5.51271258094438e-06 0.9999801 5.51271258094438e-06 0 0 0 0 0 0 0.0099798615 1.75320927159307e-06 0 0 0 0 0 0 0 0 0 0 0 0 0 0 7.75 2.25554871372799 7.75 2.25554871372799 0 0 0 0 0 0 0.1 1.38777878078145e-17 1 0 0 0 21342545 3723.50305492019 0 0 0 0 0 0 0 0 0 0 21342545 3723.50305492019 21342545 3723.50305492019 0 0 0 0 0 0 0 0 0 0 0 0 0 0 0.0099798615 1.75320927159307e-06 0 0 0 0 0 0 0 0 0 0 0 0 0 0 0.11991625 0.000203639847524987 nan nan nan nan nan nan 99.997765 0.00242162651951065 0 0 0 0 0 0 0 0 
#27 21539950 6431.13520305708 21539950 6431.13520305708 0 0 0 0 0 0 32650.7 66.2714870815496 0.12074105 0.000368244684279353 0 0 0 0 0 0 0 0 0 0 0 0 0 0 0 0 0.9999807 4.40567815438207e-06 0.9999807 4.40567815438207e-06 0 0 0 0 0 0 0.01026871 3.05350618142474e-06 0 0 0 0 0 0 0 0 0 0 0 0 0 0 7.15 2.00686322403895 7.15 2.00686322403895 0 0 0 0 0 0 0.1 1.38777878078145e-17 1 0 0 0 21539950 6431.13520305708 0 0 0 0 0 0 0 0 0 0 21539950 6431.13520305708 21539950 6431.13520305708 0 0 0 0 0 0 0 0 0 0 0 0 0 0 0.01026871 3.05350618142474e-06 0 0 0 0 0 0 0 0 0 0 0 0 0 0 0.12074105 0.000368244684279353 nan nan nan nan nan nan 99.9968 0.00308528766892076 0 0 0 0 0 0 0 0 
#28 21721920 7045.18275135571 21721920 7045.18275135571 0 0 0 0 0 0 33095.85 74.3412906802135 0.12171775 0.000439802100381523 0 0 0 0 0 0 0 0 0 0 0 0 0 0 0 0 0.9999815 4.00624512480291e-06 0.9999815 4.00624512480291e-06 0 0 0 0 0 0 0.010559835 3.44866278432674e-06 0 0 0 0 0 0 0 0 0 0 0 0 0 0 8.6 2.92232783924049 8.6 2.92232783924049 0 0 0 0 0 0 0.1 1.38777878078145e-17 1 0 0 0 21721920 7045.18275135571 0 0 0 0 0 0 0 0 0 0 21721920 7045.18275135571 21721920 7045.18275135571 0 0 0 0 0 0 0 0 0 0 0 0 0 0 0.010559835 3.44866278432674e-06 0 0 0 0 0 0 0 0 0 0 0 0 0 0 0.12171775 0.000439802100381523 nan nan nan nan nan nan 99.99707 0.00247953624696141 0 0 0 0 0 0 0 0 
#29 21897605 8352.27364254788 21897605 8352.27364254788 0 0 0 0 0 0 33503.35 79.6381033174447 0.12259065 0.000448782494645234 0 0 0 0 0 0 0 0 0 0 0 0 0 0 0 0 0.9999804 5.46260011349904e-06 0.9999804 5.46260011349904e-06 0 0 0 0 0 0 0.010849245 4.13636011488346e-06 0 0 0 0 0 0 0 0 0 0 0 0 0 0 9.1 2.89654967159205 9.1 2.89654967159205 0 0 0 0 0 0 0.1 1.38777878078145e-17 1 0 0 0 21897605 8352.27364254788 0 0 0 0 0 0 0 0 0 0 21897605 8352.27364254788 21897605 8352.27364254788 0 0 0 0 0 0 0 0 0 0 0 0 0 0 0.010849245 4.13636011488346e-06 0 0 0 0 0 0 0 0 0 0 0 0 0 0 0.12259065 0.000448782494645234 nan nan nan nan nan nan 99.997985 0.00132033139779381 0 0 0 0 0 0 0 0 
30 22056055 7268.11357918958 22056055 7268.11357918958 0 0 0 0 0 0 33954.1 76.2370644765392 0.1238059 0.000395841874995559 0 0 0 0 0 0 0 0 0 0 0 0 0 0 0 0 0.99997965 6.22314229308993e-06 0.99997965 6.22314229308993e-06 0 0 0 0 0 0 0.011142735 3.62646866800202e-06 0 0 0 0 0 0 0 0 0 0 0 0 0 0 10.45 3.48532638356869 10.45 3.48532638356869 0 0 0 0 0 0 0.1 1.38777878078145e-17 1 0 0 0 22056055 7268.11357918958 0 0 0 0 0 0 0 0 0 0 22056055 7268.11357918958 22056055 7268.11357918958 0 0 0 0 0 0 0 0 0 0 0 0 0 0 0.011142735 3.62646866800202e-06 0 0 0 0 0 0 0 0 0 0 0 0 0 0 0.1238059 0.000395841874995559 nan nan nan nan nan nan 99.99808 0.00182855133917463 0 0 0 0 0 0 0 0 
#31 22212395 6317.79035739553 22212395 6317.79035739553 0 0 0 0 0 0 34338.5 61.3274000753334 0.12466835 0.000397357430407437 0 0 0 0 0 0 0 0 0 0 0 0 0 0 0 0 0.99997785 4.15060236591991e-06 0.99997785 4.15060236591991e-06 0 0 0 0 0 0 0.01143311 3.24575106870503e-06 0 0 0 0 0 0 0 0 0 0 0 0 0 0 12.55 3.3537292675468 12.55 3.3537292675468 0 0 0 0 0 0 0.1 1.38777878078145e-17 1 0 0 0 22212395 6317.79035739553 0 0 0 0 0 0 0 0 0 0 22212395 6317.79035739553 22212395 6317.79035739553 0 0 0 0 0 0 0 0 0 0 0 0 0 0 0.01143311 3.24575106870503e-06 0 0 0 0 0 0 0 0 0 0 0 0 0 0 0.12466835 0.000397357430407437 nan nan nan nan nan nan 99.997445 0.00401652523955757 0 0 0 0 0 0 0 0 
#32 22357830 7735.83221121038 22357830 7735.83221121038 0 0 0 0 0 0 34735.4 76.921648448275 0.12556655 0.000419493203163052 0 0 0 0 0 0 0 0 0 0 0 0 0 0 0 0 0.99997805 5.83502356463649e-06 0.99997805 5.83502356463649e-06 0 0 0 0 0 0 0.011725175 4.06950549821462e-06 0 0 0 0 0 0 0 0 0 0 0 0 0 0 12.95 3.2322592717788 12.95 3.2322592717788 0 0 0 0 0 0 0.1 1.38777878078145e-17 1 0 0 0 22357830 7735.83221121038 0 0 0 0 0 0 0 0 0 0 22357830 7735.83221121038 22357830 7735.83221121038 0 0 0 0 0 0 0 0 0 0 0 0 0 0 0.011725175 4.06950549821462e-06 0 0 0 0 0 0 0 0 0 0 0 0 0 0 0.12556655 0.000419493203163052 nan nan nan nan nan nan 99.9975 0.00176408616569575 0 0 0 0 0 0 0 0 
#33 22495940 7841.96403970332 22495940 7841.96403970332 0 0 0 0 0 0 35118.35 81.5311443560067 0.1266017 0.000483842030005662 0 0 0 0 0 0 0 0 0 0 0 0 0 0 0 0 0.99997685 5.9436941374819e-06 0.99997685 5.9436941374819e-06 0 0 0 0 0 0 0.01201732 4.16984412178677e-06 0 0 0 0 0 0 0 0 0 0 0 0 0 0 13.15 3.19804627858948 13.15 3.19804627858948 0 0 0 0 0 0 0.1 1.38777878078145e-17 1 0 0 0 22495940 7841.96403970332 0 0 0 0 0 0 0 0 0 0 22495940 7841.96403970332 22495940 7841.96403970332 0 0 0 0 0 0 0 0 0 0 0 0 0 0 0.01201732 4.16984412178677e-06 0 0 0 0 0 0 0 0 0 0 0 0 0 0 0.1266017 0.000483842030005662 nan nan nan nan nan nan 99.99735 0.00237686768668198 0 0 0 0 0 0 0 0 
#34 22631620 7722.73267697387 22631620 7722.73267697387 0 0 0 0 0 0 35448.3 75.2702464457238 0.1273264 0.000434160269946477 0 0 0 0 0 0 0 0 0 0 0 0 0 0 0 0 0.9999762 7.42024258363388e-06 0.9999762 7.42024258363388e-06 0 0 0 0 0 0 0.012307295 4.21158818024751e-06 0 0 0 0 0 0 0 0 0 0 0 0 0 0 14.25 4.01092258713628 14.25 4.01092258713628 0 0 0 0 0 0 0.1 1.38777878078145e-17 1 0 0 0 22631620 7722.73267697387 0 0 0 0 0 0 0 0 0 0 22631620 7722.73267697387 22631620 7722.73267697387 0 0 0 0 0 0 0 0 0 0 0 0 0 0 0.012307295 4.21158818024751e-06 0 0 0 0 0 0 0 0 0 0 0 0 0 0 0.1273264 0.000434160269946477 nan nan nan nan nan nan 99.9965 0.00308820336118031 0 0 0 0 0 0 0 0 
35 22754460 7486.14720667447 22754460 7486.14720667447 0 0 0 0 0 0 35831.35 75.3367606152534 0.12839675 0.000419402297919312 0 0 0 0 0 0 0 0 0 0 0 0 0 0 0 0 0.9999744 6.25619692783329e-06 0.9999744 6.25619692783329e-06 0 0 0 0 0 0 0.01260089 4.1612377966178e-06 0 0 0 0 0 0 0 0 0 0 0 0 0 0 16.5 3.82753184180093 16.5 3.82753184180093 0 0 0 0 0 0 0.1 1.38777878078145e-17 1 0 0 0 22754460 7486.14720667447 0 0 0 0 0 0 0 0 0 0 22754460 7486.14720667447 22754460 7486.14720667447 0 0 0 0 0 0 0 0 0 0 0 0 0 0 0.01260089 4.1612377966178e-06 0 0 0 0 0 0 0 0 0 0 0 0 0 0 0.12839675 0.000419402297919312 nan nan nan nan nan nan 99.997275 0.00185603744574221 0 0 0 0 0 0 0 0 
#36 22869355 10265.5966704328 22869355 10265.5966704328 0 0 0 0 0 0 36213.15 100.932787041674 0.12947435 0.000587939816222716 0 0 0 0 0 0 0 0 0 0 0 0 0 0 0 0 0.9999745 5.14295634825439e-06 0.9999745 5.14295634825439e-06 0 0 0 0 0 0 0.01289579 5.80386939894417e-06 0 0 0 0 0 0 0 0 0 0 0 0 0 0 19.25 3.83242742918897 19.25 3.83242742918897 0 0 0 0 0 0 0.1 1.38777878078145e-17 1 0 0 0 22869355 10265.5966704328 0 0 0 0 0 0 0 0 0 0 22869355 10265.5966704328 22869355 10265.5966704328 0 0 0 0 0 0 0 0 0 0 0 0 0 0 0.01289579 5.80386939894417e-06 0 0 0 0 0 0 0 0 0 0 0 0 0 0 0.12947435 0.000587939816222716 nan nan nan nan nan nan 99.997805 0.00218780140780733 0 0 0 0 0 0 0 0 
#37 22979330 6450.58912038273 22979330 6450.58912038273 0 0 0 0 0 0 36601.7 74.2765777348418 0.1305827 0.00036722446813904 0 0 0 0 0 0 0 0 0 0 0 0 0 0 0 0 0.99997345 6.34409173956401e-06 0.99997345 6.34409173956401e-06 0 0 0 0 0 0 0.013190615 3.66186769285854e-06 0 0 0 0 0 0 0 0 0 0 0 0 0 0 20.15 4.77781330736143 20.15 4.77781330736143 0 0 0 0 0 0 0.1 1.38777878078145e-17 1 0 0 0 22979330 6450.58912038273 0 0 0 0 0 0 0 0 0 0 22979330 6450.58912038273 22979330 6450.58912038273 0 0 0 0 0 0 0 0 0 0 0 0 0 0 0.013190615 3.66186769285854e-06 0 0 0 0 0 0 0 0 0 0 0 0 0 0 0.1305827 0.00036722446813904 nan nan nan nan nan nan 99.997445 0.00202100841165973 0 0 0 0 0 0 0 0 
#38 23085925 9802.18725591386 23085925 9802.18725591386 0 0 0 0 0 0 36942.2 95.2011554551729 0.1316199 0.000579884462630271 0 0 0 0 0 0 0 0 0 0 0 0 0 0 0 0 0.9999736 4.32897216437867e-06 0.9999736 4.32897216437867e-06 0 0 0 0 0 0 0.01348454 5.72629024762102e-06 0 0 0 0 0 0 0 0 0 0 0 0 0 0 22.2 4.33128156554154 22.2 4.33128156554154 0 0 0 0 0 0 0.1 1.38777878078145e-17 1 0 0 0 23085925 9802.18725591386 0 0 0 0 0 0 0 0 0 0 23085925 9802.18725591386 23085925 9802.18725591386 0 0 0 0 0 0 0 0 0 0 0 0 0 0 0.01348454 5.72629024762102e-06 0 0 0 0 0 0 0 0 0 0 0 0 0 0 0.1316199 0.000579884462630271 nan nan nan nan nan nan 99.99745 0.00303158374451299 0 0 0 0 0 0 0 0 
#39 23186780 12338.257575525 23186780 12338.257575525 0 0 0 0 0 0 37289.8 126.354897016301 0.13258695 0.000720914660344762 0 0 0 0 0 0 0 0 0 0 0 0 0 0 0 0 0.9999709 5.0487622245228e-06 0.9999709 5.0487622245228e-06 0 0 0 0 0 0 0.013779215 7.27016334066854e-06 0 0 0 0 0 0 0 0 0 0 0 0 0 0 22.4 4.25910788780937 22.4 4.25910788780937 0 0 0 0 0 0 0.1 1.38777878078145e-17 1 0 0 0 23186780 12338.257575525 0 0 0 0 0 0 0 0 0 0 23186780 12338.257575525 23186780 12338.257575525 0 0 0 0 0 0 0 0 0 0 0 0 0 0 0.013779215 7.27016334066854e-06 0 0 0 0 0 0 0 0 0 0 0 0 0 0 0.13258695 0.000720914660344762 nan nan nan nan nan nan 99.99735 0.00356658099585481 0 0 0 0 0 0 0 0 
40 23280290 10752.8089353434 23280290 10752.8089353434 0 0 0 0 0 0 37661 109.080704068135 0.1337112 0.000597309350336991 0 0 0 0 0 0 0 0 0 0 0 0 0 0 0 0 0.9999705 5.74891294071295e-06 0.9999705 5.74891294071295e-06 0 0 0 0 0 0 0.014075795 6.52629106001256e-06 0 0 0 0 0 0 0 0 0 0 0 0 0 0 25.5 4.30697109347161 25.5 4.30697109347161 0 0 0 0 0 0 0.1 1.38777878078145e-17 1 0 0 0 23280290 10752.8089353434 0 0 0 0 0 0 0 0 0 0 23280290 10752.8089353434 23280290 10752.8089353434 0 0 0 0 0 0 0 0 0 0 0 0 0 0 0.014075795 6.52629106001256e-06 0 0 0 0 0 0 0 0 0 0 0 0 0 0 0.1337112 0.000597309350336991 nan nan nan nan nan nan 99.99714 0.00199358972710077 0 0 0 0 0 0 0 0 
#41 23366865 10405.3483843646 23366865 10405.3483843646 0 0 0 0 0 0 38054.75 113.277480109685 0.1350134 0.000643814833628428 0 0 0 0 0 0 0 0 0 0 0 0 0 0 0 0 0.9999706 5.30471488394384e-06 0.9999706 5.30471488394384e-06 0 0 0 0 0 0 0.014374225 6.43147533618836e-06 0 0 0 0 0 0 0 0 0 0 0 0 0 0 26.2 4.99599839871872 26.2 4.99599839871872 0 0 0 0 0 0 0.1 1.38777878078145e-17 1 0 0 0 23366865 10405.3483843646 0 0 0 0 0 0 0 0 0 0 23366865 10405.3483843646 23366865 10405.3483843646 0 0 0 0 0 0 0 0 0 0 0 0 0 0 0.014374225 6.43147533618836e-06 0 0 0 0 0 0 0 0 0 0 0 0 0 0 0.1350134 0.000643814833628428 nan nan nan nan nan nan 99.99811 0.00175809556054288 0 0 0 0 0 0 0 0 
#42 23453250 7927.32615703429 23453250 7927.32615703429 0 0 0 0 0 0 38396 82.0024389881179 0.13611215 0.000406926439912671 0 0 0 0 0 0 0 0 0 0 0 0 0 0 0 0 0.9999689 6.90579466823837e-06 0.9999689 6.90579466823837e-06 0 0 0 0 0 0 0.014670595 4.94615759959184e-06 0 0 0 0 0 0 0 0 0 0 0 0 0 0 27 5.91607978309962 27 5.91607978309962 0 0 0 0 0 0 0.1 1.38777878078145e-17 1 0 0 0 23453250 7927.32615703429 0 0 0 0 0 0 0 0 0 0 23453250 7927.32615703429 23453250 7927.32615703429 0 0 0 0 0 0 0 0 0 0 0 0 0 0 0.014670595 4.94615759959184e-06 0 0 0 0 0 0 0 0 0 0 0 0 0 0 0.13611215 0.000406926439912671 nan nan nan nan nan nan 99.99711 0.00230497288487292 0 0 0 0 0 0 0 0 
#43 23533620 13562.4702764651 23533620 13562.4702764651 0 0 0 0 0 0 38742.35 144.220759601383 0.1372668 0.000772769215225348 0 0 0 0 0 0 0 0 0 0 0 0 0 0 0 0 0.9999656 6.06959636220549e-06 0.9999656 6.06959636220549e-06 0 0 0 0 0 0 0.01496866 8.59897668330369e-06 0 0 0 0 0 0 0 0 0 0 0 0 0 0 32.45 5.52697928347845 32.45 5.52697928347845 0 0 0 0 0 0 0.1 1.38777878078145e-17 1 0 0 0 23533620 13562.4702764651 0 0 0 0 0 0 0 0 0 0 23533620 13562.4702764651 23533620 13562.4702764651 0 0 0 0 0 0 0 0 0 0 0 0 0 0 0.01496866 8.59897668330369e-06 0 0 0 0 0 0 0 0 0 0 0 0 0 0 0.1372668 0.000772769215225348 nan nan nan nan nan nan 99.99759 0.00210781877778841 0 0 0 0 0 0 0 0 
#44 23610225 10157.6510572081 23610225 10157.6510572081 0 0 0 0 0 0 39096.3 105.070976011456 0.138389 0.000585815073209968 0 0 0 0 0 0 0 0 0 0 0 0 0 0 0 0 0.99996545 6.71918893914992e-06 0.99996545 6.71918893914992e-06 0 0 0 0 0 0 0.015267045 6.59086299356913e-06 0 0 0 0 0 0 0 0 0 0 0 0 0 0 36.15 5.14076842505087 36.15 5.14076842505087 0 0 0 0 0 0 0.1 1.38777878078145e-17 1 0 0 0 23610225 10157.6510572081 0 0 0 0 0 0 0 0 0 0 23610225 10157.6510572081 23610225 10157.6510572081 0 0 0 0 0 0 0 0 0 0 0 0 0 0 0.015267045 6.59086299356913e-06 0 0 0 0 0 0 0 0 0 0 0 0 0 0 0.138389 0.000585815073209968 nan nan nan nan nan nan 99.99744 0.00167343957165919 0 0 0 0 0 0 0 0 
45 23688420 10906.7226974926 23688420 10906.7226974926 0 0 0 0 0 0 39399.6 117.689591723313 0.13939685 0.000631728761020108 0 0 0 0 0 0 0 0 0 0 0 0 0 0 0 0 0.999965 7.11336769751393e-06 0.999965 7.11336769751393e-06 0 0 0 0 0 0 0.01556249 7.13350544963695e-06 0 0 0 0 0 0 0 0 0 0 0 0 0 0 34.9 4.71062628532555 34.9 4.71062628532555 0 0 0 0 0 0 0.1 1.38777878078145e-17 1 0 0 0 23688420 10906.7226974926 0 0 0 0 0 0 0 0 0 0 23688420 10906.7226974926 23688420 10906.7226974926 0 0 0 0 0 0 0 0 0 0 0 0 0 0 0.01556249 7.13350544963695e-06 0 0 0 0 0 0 0 0 0 0 0 0 0 0 0.13939685 0.000631728761020108 nan nan nan nan nan nan 99.997645 0.0024096628394853 0 0 0 0 0 0 0 0 
#46 23750880 9790.63838572337 23750880 9790.63838572337 0 0 0 0 0 0 39813.75 105.330373112412 0.1408774 0.000558373298072174 0 0 0 0 0 0 0 0 0 0 0 0 0 0 0 0 0.9999646 9.34023554306619e-06 0.9999646 9.34023554306619e-06 0 0 0 0 0 0 0.015866505 6.62302612104193e-06 0 0 0 0 0 0 0 0 0 0 0 0 0 0 41 4.48330235429198 41 4.48330235429198 0 0 0 0 0 0 0.1 1.38777878078145e-17 1 0 0 0 23750880 9790.63838572337 0 0 0 0 0 0 0 0 0 0 23750880 9790.63838572337 23750880 9790.63838572337 0 0 0 0 0 0 0 0 0 0 0 0 0 0 0.015866505 6.62302612104193e-06 0 0 0 0 0 0 0 0 0 0 0 0 0 0 0.1408774 0.000558373298072174 nan nan nan nan nan nan 99.998205 0.00171856771760684 0 0 0 0 0 0 0 0 
#47 23820290 11203.0308399111 23820290 11203.0308399111 0 0 0 0 0 0 40119.7 118.994579708489 0.1419183 0.000576831959932873 0 0 0 0 0 0 0 0 0 0 0 0 0 0 0 0 0.9999625 6.38357266740845e-06 0.9999625 6.38357266740845e-06 0 0 0 0 0 0 0.016164245 7.52924132964229e-06 0 0 0 0 0 0 0 0 0 0 0 0 0 0 42.8 5.86174035590114 42.8 5.86174035590114 0 0 0 0 0 0 0.1 1.38777878078145e-17 1 0 0 0 23820290 11203.0308399111 0 0 0 0 0 0 0 0 0 0 23820290 11203.0308399111 23820290 11203.0308399111 0 0 0 0 0 0 0 0 0 0 0 0 0 0 0.016164245 7.52924132964229e-06 0 0 0 0 0 0 0 0 0 0 0 0 0 0 0.1419183 0.000576831959932873 nan nan nan nan nan nan 99.997985 0.00197085641283159 0 0 0 0 0 0 0 0 
#48 23884320 12329.501206456 23884320 12329.501206456 0 0 0 0 0 0 40454.15 124.977708012269 0.14308535 0.000719110302735258 0 0 0 0 0 0 0 0 0 0 0 0 0 0 0 0 0.99996305 5.92009290467163e-06 0.99996305 5.92009290467163e-06 0 0 0 0 0 0 0.016463865 8.57183031796612e-06 0 0 0 0 0 0 0 0 0 0 0 0 0 0 45.85 5.67692698561467 45.85 5.67692698561467 0 0 0 0 0 0 0.1 1.38777878078145e-17 1 0 0 0 23884320 12329.501206456 0 0 0 0 0 0 0 0 0 0 23884320 12329.501206456 23884320 12329.501206456 0 0 0 0 0 0 0 0 0 0 0 0 0 0 0.016463865 8.57183031796612e-06 0 0 0 0 0 0 0 0 0 0 0 0 0 0 0.14308535 0.000719110302735258 nan nan nan nan nan nan 99.997295 0.00245753433343187 0 0 0 0 0 0 0 0 
#49 23943960 10012.6619837084 23943960 10012.6619837084 0 0 0 0 0 0 40799.1 97.9090904870432 0.14431415 0.000560770833317854 0 0 0 0 0 0 0 0 0 0 0 0 0 0 0 0 0.99995985 8.1503067426907e-06 0.99995985 8.1503067426907e-06 0 0 0 0 0 0 0.01676501 6.96956957064066e-06 0 0 0 0 0 0 0 0 0 0 0 0 0 0 49.45 8.3694384518915 49.45 8.3694384518915 0 0 0 0 0 0 0.1 1.38777878078145e-17 1 0 0 0 23943960 10012.6619837084 0 0 0 0 0 0 0 0 0 0 23943960 10012.6619837084 23943960 10012.6619837084 0 0 0 0 0 0 0 0 0 0 0 0 0 0 0.01676501 6.96956957064066e-06 0 0 0 0 0 0 0 0 0 0 0 0 0 0 0.14431415 0.000560770833317854 nan nan nan nan nan nan 99.9978 0.00169085777048121 0 0 0 0 0 0 0 0 
50 24000010 11732.9834228128 24000010 11732.9834228128 0 0 0 0 0 0 41146.8 123.056328565418 0.1455842 0.000707267177239265 0 0 0 0 0 0 0 0 0 0 0 0 0 0 0 0 0.9999616 8.66833317310507e-06 0.9999616 8.66833317310507e-06 0 0 0 0 0 0 0.017067205 8.39818283916197e-06 0 0 0 0 0 0 0 0 0 0 0 0 0 0 53.1 7.14772691140337 53.1 7.14772691140337 0 0 0 0 0 0 0.1 1.38777878078145e-17 1 0 0 0 24000010 11732.9834228128 0 0 0 0 0 0 0 0 0 0 24000010 11732.9834228128 24000010 11732.9834228128 0 0 0 0 0 0 0 0 0 0 0 0 0 0 0.017067205 8.39818283916197e-06 0 0 0 0 0 0 0 0 0 0 0 0 0 0 0.1455842 0.000707267177239265 nan nan nan nan nan nan 99.996945 0.00277659413670825 0 0 0 0 0 0 0 0 
