#1-sta 2-avgThroughput 3-stdThroughput 4-JFI 5-stdJFI 6-Bandwidth 7-avgDelay 8-stdDelay 9-avgBackoffStage 10-stdBackoffStage 11-totalFractionOfCollisionSlots 12.stdCollidingSlots 13.avgThroughputDCF 14. stdThroughputDCF 15.avgThroughputECA 16.stdThroughputECA 17.Sum of 15 and 16 18. std of 17 19. AvgBlockingProb 20. StdBlockingProb 21. AvgDroppedPackets 22.StdDropped 23.SxSlots 24.stdSxSlots 25.ColSlots 26.StdColSlots 27.EmptySlots 28.stdEmpty 29.totalSlots 30.stdTotalSlots 31.averageTAU 32.stdTAU 33.avgQSize 34.stdQSize 35.avgQEmpty 36.stdQEmpty 37. avgQDelay 38. stdQDelay
2 5.95434e+07 35367.8 0.99495 0.0218944 6.5e+07 0.00885635 0.000247343 0.0252525 0.109492 1.27925e-06 3.8595e-06 0 0 2.97752e+07 18330.4 5.95504e+07 36657.4 0.540653 0.00042554 0 0 22724 15.5453 0.131313 0.393032 69683.6 6579.6 92407.8 6565.3 0.123443 0.0068488 992.48 5.25026 11.4343 7.21273 0.274061 0
3 5.94919e+07 179772 0.903376 0.0721185 6.5e+07 0.0148393 0.00173209 0.760942 0.478588 1.05507e-05 5.09789e-06 0 0 1.98314e+07 60213.4 5.94941e+07 180647 0.69365 0.000987948 0 0 22700.5 68.9839 1.18182 0.729794 78911.2 33111.9 101613 33043.6 0.0817639 0.0241937 995.855 3.35592 6.83838 2.93948 0.460166 0
4 5.95943e+07 137400 0.867907 0.0937756 6.5e+07 0.0212294 0.00370212 0.924242 0.472013 2.1387e-05 6.84311e-06 0 0 1.48988e+07 34440.7 5.95951e+07 137778 0.769525 0.000509731 0 0 22738.1 52.5403 1.86869 0.94971 59757 25116.3 82496.9 25064.6 0.0749533 0.0209872 996.22 2.78258 5.17172 2.36148 0.658297 0
5 5.96322e+07 147962 0.845376 0.0811268 6.5e+07 0.0289508 0.00755318 1.12929 0.533571 3.52536e-05 9.1351e-06 0 0 1.19265e+07 29595.2 5.96325e+07 147978 0.815256 0.000454824 0 0 22752.1 56.4551 2.76768 1.36942 52355.9 26853.6 75110.8 26798.4 0.0675179 0.0206678 996.982 2.04951 4.61616 1.96796 0.895958 0
6 5.96257e+07 153498 0.797896 0.116535 6.5e+07 0.0382799 0.01181 1.4596 0.587511 5.52942e-05 1.25389e-05 0 0 9.93759e+06 25598.2 5.96255e+07 153586 0.84585 0.000405377 0 0 22749.2 58.8663 4.27273 1.80246 52911.3 27732.9 75664.7 27675.6 0.0565057 0.0196584 997.234 1.71134 4.24242 1.85913 1.18146 0
7 5.96357e+07 192427 0.775291 0.105356 6.5e+07 0.0463675 0.0133371 1.6176 0.671543 7.42636e-05 1.4028e-05 0 0 8.5193e+06 27502.6 5.96351e+07 192519 0.867672 0.000427952 0.0461761 0.45712 22752.7 73.3327 5.42424 2.32723 50542.1 34597.8 73300.2 34526.6 0.0525492 0.0199013 997.879 1.47577 3.85859 1.7923 1.42765 0
8 5.96554e+07 165824 0.771819 0.101583 6.5e+07 0.0528044 0.0136781 1.75631 0.571408 9.80001e-05 1.46355e-05 0 0 7.45686e+06 20732.3 5.96548e+07 165859 0.884022 0.000320948 0 0 22759.9 63.2985 6.66667 2.31813 46358.7 29759.7 69125.3 29698.5 0.0468903 0.0156724 998.115 1.26926 3.47475 1.35097 1.62375 0
9 5.96247e+07 137518 0.731019 0.107471 6.5e+07 0.0618045 0.0144322 2.0853 0.528954 0.000122913 1.43048e-05 0 0 6.62488e+06 15276.3 5.96239e+07 137486 0.896821 0.000242289 0.0359147 0.355538 22748.1 52.415 8.86869 2.36834 50977.2 24445.6 73734.1 24395.3 0.0380373 0.0120494 998.211 1.15694 3.26263 1.38961 1.89757 0
10 5.95901e+07 160775 0.740062 0.108017 6.5e+07 0.0704637 0.0171129 2.33939 0.540635 0.000143714 2.05655e-05 0 0 5.95893e+06 16085.7 5.95893e+07 160857 0.907065 0.000255423 0 0 22734.5 61.2581 11.0606 3.01785 56420.3 28509.8 79165.9 28451.3 0.0322531 0.0109307 998.309 1.07976 2.91919 1.3609 2.1574 0
11 5.95662e+07 156666 0.715659 0.100763 6.5e+07 0.0780505 0.0155326 2.55739 0.52449 0.000167597 2.2721e-05 0 0 5.415e+06 14254.9 5.9565e+07 156804 0.915434 0.000218965 0.0587695 0.409282 22725.3 59.8511 13.3636 3.08288 59742 27721.3 82480.7 27664.2 0.0280422 0.00979921 998.768 0.945183 2.82828 1.3487 2.38669 0
12 5.9604e+07 150070 0.721184 0.0995816 6.5e+07 0.0860388 0.0169648 2.54798 0.528122 0.000197077 2.61716e-05 0 0 4.9669e+06 12505.9 5.96028e+07 150069 0.922325 0.000193309 0.0269361 0.266653 22739.6 57.225 14.2828 3.34253 52344.7 26278 75098.6 26223.8 0.0281152 0.00901462 998.663 0.834582 2.69697 1.12326 2.62369 0
13 5.95873e+07 122591 0.713342 0.0956089 6.5e+07 0.0931494 0.016208 2.73116 0.430915 0.00022101 2.91367e-05 0 0 4.58355e+06 9431.94 5.95862e+07 122615 0.928222 0.00014899 0.12432 0.53904 22733.4 46.8589 16.5354 2.98587 54331.7 21437.1 77081.7 21393 0.0244735 0.00658114 998.806 0.771912 2.83838 1.3462 2.83746 0
14 5.95852e+07 126034 0.718142 0.0815616 6.5e+07 0.097139 0.0150855 2.81385 0.421395 0.000245149 2.9355e-05 0 0 4.256e+06 9008.2 5.95839e+07 126115 0.933264 0.000135337 0.0923519 0.450068 22732.3 48.0633 18.2727 3.30234 53877.8 21927.6 76628.4 21882.5 0.0228286 0.00604416 998.975 0.745319 2.55556 1.19106 2.95957 0
15 5.95993e+07 109775 0.708118 0.0783471 6.5e+07 0.106425 0.0154985 2.8734 0.376706 0.000275461 3.36803e-05 0 0 3.9732e+06 7318.29 5.9598e+07 109782 0.937611 0.000115621 0.0861952 0.420063 22737.6 41.7782 19.7172 3.26302 50613 18903.6 73370.3 18864.8 0.0219819 0.00525387 999.025 0.671697 2.37374 1.07859 3.2329 0
16 5.95771e+07 122642 0.710647 0.0789548 6.5e+07 0.110128 0.0153589 3.00568 0.428625 0.000295187 3.75153e-05 0 0 3.72349e+06 7661.55 5.95758e+07 122574 0.941456 0.000116495 0.0808081 0.39381 22729.1 46.9259 21.899 3.78326 53704.9 21035.7 76455.9 20992.3 0.0200725 0.00560321 998.987 0.659315 2.41414 1.06373 3.34781 0
17 5.95524e+07 120670 0.710008 0.0806997 6.5e+07 0.117726 0.0161884 3.16637 0.387137 0.00031665 3.93046e-05 0 0 3.503e+06 7106.39 5.9551e+07 120811 0.944846 0.000109343 0.133095 0.482512 22719.6 46.1801 24.596 4.07485 56964.4 20641.7 79708.6 20599.2 0.0179132 0.00448136 999.093 0.639424 2.29293 1.10328 3.57317 0
18 5.95706e+07 105712 0.710607 0.0763855 6.5e+07 0.124451 0.0135802 3.17957 0.35197 0.000351578 3.74762e-05 0 0 3.30939e+06 5882.01 5.9569e+07 105872 0.947826 9.06523e-05 0.233446 0.600432 22726.4 40.5147 26.0808 4.12109 52916.8 17793.5 75669.3 17756.7 0.0176176 0.00391338 999.221 0.565078 2.19192 1.09799 3.77113 0
19 5.95368e+07 106122 0.69793 0.0912782 6.5e+07 0.130782 0.0152192 3.35885 0.341941 0.000368182 4.39527e-05 0 0 3.13344e+06 5587.47 5.95353e+07 106160 0.950534 8.56744e-05 0.0850611 0.368816 22713.4 40.5243 28.9899 3.86252 57822.9 18060.4 80565.3 18023.3 0.015641 0.00350551 999.164 0.582941 2.07071 0.879078 3.96185 0
20 5.95517e+07 96457.7 0.692104 0.0753692 6.5e+07 0.139472 0.0155423 3.38333 0.314225 0.000401985 4.92095e-05 0 0 2.97751e+06 4827.18 5.95502e+07 96542.7 0.952932 7.73974e-05 0.258586 0.588957 22719.1 36.9276 30.3535 3.72898 54425.9 16315.8 77175.4 16282.1 0.0154402 0.00336088 999.269 0.565756 2.09091 1.05496 4.21591 0
21 5.95367e+07 115757 0.695327 0.0647225 6.5e+07 0.142646 0.0150514 3.45647 0.349601 0.000427455 5.62311e-05 0 0 2.83501e+06 5509.85 5.95352e+07 115718 0.955125 8.60886e-05 0.184704 0.497331 22713.3 44.0843 32.7273 4.58107 56041.8 19343.6 78787.8 19303.8 0.014638 0.00368994 999.265 0.501706 1.9798 1.09156 4.31199 0
22 5.95275e+07 112967 0.707329 0.0697366 6.5e+07 0.146709 0.0134673 3.52617 0.352865 0.000450763 5.21506e-05 0 0 2.70572e+06 5129.05 5.95258e+07 112847 0.957114 7.87215e-05 0.264464 0.561012 22709.7 42.996 34.9192 4.73047 56671.6 18802.9 79416.3 18764.3 0.0137864 0.0032976 999.362 0.459333 1.87879 1.01775 4.43322 0
23 5.95501e+07 108111 0.703407 0.0756055 6.5e+07 0.153483 0.014813 3.50856 0.319585 0.000484193 5.42477e-05 0 0 2.58907e+06 4702.87 5.95485e+07 108158 0.958908 7.29575e-05 0.19675 0.523577 22718.5 41.2693 35.4646 4.72969 52160.5 17978.9 74914.5 17942 0.0138794 0.00289345 999.332 0.416163 2.06061 0.951534 4.6298 0
24 5.952e+07 101087 0.693812 0.0703124 6.5e+07 0.161012 0.0157573 3.66372 0.281742 0.000500211 5.55127e-05 0 0 2.47993e+06 4212.48 5.95183e+07 101101 0.960587 6.65842e-05 0.188552 0.501762 22706.8 38.4759 38.7273 4.61622 56260.2 16708.5 79005.7 16674.1 0.0125346 0.00251418 999.313 0.423102 1.81818 0.90301 4.8532 0
25 5.9544e+07 88467.7 0.697479 0.0671828 6.5e+07 0.166042 0.01477 3.62586 0.299511 0.000544451 5.58721e-05 0 0 2.38169e+06 3538.65 5.95422e+07 88463.6 0.962097 5.6871e-05 0.219798 0.547018 22715.9 33.7418 39.6768 4.73079 51348.3 14318.3 74103.9 14288.7 0.0127919 0.00255346 999.373 0.407789 1.76768 0.850767 5.00007 0
26 5.95198e+07 99982.9 0.698171 0.0673288 6.5e+07 0.1691 0.0134567 3.72688 0.289656 0.000563874 6.32677e-05 0 0 2.28915e+06 3848.4 5.95179e+07 100067 0.963521 5.83853e-05 0.422689 0.65831 22706.6 38.1319 42.6263 5.0364 54416.4 16310.9 77165.6 16277.3 0.011851 0.00236179 999.406 0.40781 1.66667 0.852803 5.09356 0
27 5.95219e+07 86956.6 0.698408 0.0645313 6.5e+07 0.174662 0.0127336 3.76244 0.283829 0.000590855 5.9569e-05 0 0 2.20445e+06 3222.57 5.95201e+07 87007.4 0.964824 4.92831e-05 0.275347 0.528109 22707.5 33.1743 44.1919 4.94551 53246.7 13990.4 75998.3 13961.8 0.0115272 0.00231444 999.499 0.399927 1.73737 0.704758 5.25753 0
28 5.95087e+07 93928.8 0.707303 0.0692826 6.5e+07 0.177502 0.0127545 3.8254 0.27331 0.00061161 6.24868e-05 0 0 2.12524e+06 3354.69 5.95068e+07 93940.9 0.966043 5.22859e-05 0.380953 0.60779 22702.3 35.78 46.5051 5.13922 54630.7 15181.4 77379.5 15150.1 0.0109185 0.00207738 999.5 0.36778 1.55556 0.781377 5.34242 0
29 5.95227e+07 89205.4 0.694436 0.0617255 6.5e+07 0.186066 0.0132823 3.82341 0.290051 0.0006585 6.84629e-05 0 0 2.05245e+06 3074.91 5.95209e+07 89159.1 0.967163 4.74836e-05 0.323233 0.548988 22707.6 34.002 47.9495 5.48344 51352.1 14115.3 74107.7 14086.3 0.011047 0.00231939 999.463 0.343526 1.59596 0.851845 5.58945 0
30 5.95116e+07 83239 0.701862 0.057708 6.5e+07 0.189933 0.0126153 3.88586 0.246688 0.000679982 6.2556e-05 0 0 1.98365e+06 2775.71 5.95096e+07 83280.2 0.968221 4.39503e-05 0.420203 0.602983 22703.3 31.7283 50.3232 5.31023 52283.5 13067.2 75037.1 13040.3 0.0104615 0.00190366 999.479 0.326096 1.56566 0.818494 5.7037 0
31 5.95006e+07 80692.6 0.69692 0.0642743 6.5e+07 0.195853 0.0135988 3.94917 0.227827 0.000712423 7.24916e-05 0 0 1.91931e+06 2600.92 5.94987e+07 80648.2 0.969212 3.98749e-05 0.396221 0.61739 22699.2 30.7265 53.101 4.87934 52949.8 12889.3 75702.1 12862.9 0.0100206 0.00176396 999.511 0.318658 1.62626 0.786064 5.87741 0
32 5.94915e+07 81360 0.712461 0.0637518 6.5e+07 0.197216 0.0132024 3.98927 0.232337 0.00073414 6.86552e-05 0 0 1.85905e+06 2541.28 5.94895e+07 81320.4 0.970139 3.97487e-05 0.494949 0.701711 22695.6 31.0074 55.3131 5.57528 53605.2 12661.2 76356.2 12635.2 0.00961894 0.00170126 999.523 0.308188 1.51515 0.756969 5.92043 0
33 5.95093e+07 70845.9 0.698962 0.0578634 6.5e+07 0.205607 0.0113703 3.97796 0.208653 0.000779085 6.28929e-05 0 0 1.80325e+06 2145.73 5.95072e+07 70797.3 0.970997 3.33221e-05 0.401591 0.568442 22702.3 26.9482 56.1111 5.19496 49985.4 10850.4 72743.8 10828.1 0.00972634 0.00144796 999.546 0.306813 1.35354 0.769535 6.16151 0
34 5.94906e+07 86622 0.699698 0.0659974 6.5e+07 0.20942 0.0146813 4.04783 0.239073 0.000802473 8.33682e-05 0 0 1.74966e+06 2544.41 5.94886e+07 86521.9 0.971822 3.96911e-05 0.361259 0.562913 22695.2 32.9636 58.9798 5.64609 52008.7 13641.3 74762.9 13613.2 0.00927867 0.00166338 999.568 0.292543 1.44444 0.699527 6.27434 0
35 5.94855e+07 72445.4 0.716326 0.058873 6.5e+07 0.211229 0.0114985 4.08138 0.202982 0.000819104 6.54283e-05 0 0 1.69953e+06 2072.4 5.94835e+07 72521.9 0.972593 3.30226e-05 0.554113 0.721411 22693.3 27.6945 60.7172 5.77707 52071.9 10950.2 74825.9 10927.7 0.00891508 0.0013373 999.554 0.275414 1.50505 0.857218 6.32968 0
36 5.94809e+07 74840.5 0.709731 0.068294 6.5e+07 0.217657 0.0134526 4.11953 0.205664 0.000855745 7.93579e-05 0 0 1.65219e+06 2076.87 5.94789e+07 74778.1 0.973321 3.18821e-05 0.493827 0.621802 22691.6 28.5544 63.0909 6.19725 51788.9 11288.3 74543.6 11265 0.00871713 0.00137739 999.588 0.289803 1.44444 0.684935 6.51539 0
37 5.94712e+07 76279.3 0.719472 0.0614199 6.5e+07 0.220239 0.0123529 4.15779 0.209128 0.000884698 7.73918e-05 0 0 1.60727e+06 2059.7 5.94691e+07 76212.3 0.974012 3.14306e-05 0.515425 0.6012 22687.8 28.9989 65.6667 5.9101 52347.5 11533.4 75100.9 11509.7 0.00842513 0.00133928 999.628 0.26308 1.39394 0.693668 6.59262 0
38 5.94666e+07 78158.7 0.715884 0.0613634 6.5e+07 0.225922 0.0136251 4.19245 0.202935 0.000916984 7.88818e-05 0 0 1.56486e+06 2055.96 5.94646e+07 78137.8 0.974665 3.11076e-05 0.663477 0.720865 22686.1 29.879 67.899 6.64313 52112 11595.1 74866 11571.2 0.00823297 0.00131276 999.623 0.280176 1.47475 0.795739 6.75668 0
39 5.94585e+07 76080.1 0.72117 0.0535586 6.5e+07 0.229766 0.014044 4.23258 0.187831 0.00094286 7.89109e-05 0 0 1.52452e+06 1951.43 5.94564e+07 76109.4 0.975285 3.02157e-05 0.687905 0.635643 22682.8 28.9753 70.2525 6.72301 52495.3 11228.8 75248.4 11205.7 0.00796127 0.00117178 999.664 0.261851 1.30303 0.74474 6.8695 0
40 5.94588e+07 68548.3 0.73577 0.0537173 6.5e+07 0.232589 0.0135601 4.24217 0.175833 0.000977492 8.09489e-05 0 0 1.48642e+06 1711.97 5.94567e+07 68492.4 0.975871 2.73778e-05 0.59798 0.626354 22682.9 26.1073 72.0303 5.91088 51631.7 10180.2 74386.7 10159.3 0.00783282 0.00110185 999.608 0.259272 1.27273 0.749656 6.95179 0
41 5.9474e+07 66440.3 0.727895 0.057772 6.5e+07 0.239045 0.0129884 4.22592 0.174252 0.00101455 8.17161e-05 0 0 1.45053e+06 1619.44 5.94719e+07 66371.7 0.976423 2.57734e-05 0.559744 0.656672 22688.7 25.3096 72.0303 6.18805 48849.9 9731.73 71610.6 9711.76 0.00793175 0.00106618 999.614 0.256114 1.21212 0.655555 7.13568 0
42 5.94597e+07 74926.4 0.726196 0.0594412 6.5e+07 0.243793 0.0142421 4.27489 0.189217 0.00105255 8.24383e-05 0 0 1.41566e+06 1782.34 5.94575e+07 74869.9 0.97696 2.79473e-05 0.607985 0.582969 22683.2 28.6554 75.6263 7.51374 49737.2 10668.7 72496 10646.8 0.00768009 0.00117631 999.612 0.253098 1.21212 0.670786 7.27334 0
43 5.94562e+07 63416.5 0.732493 0.0556304 6.5e+07 0.246719 0.0130385 4.30186 0.154756 0.00107352 7.86077e-05 0 0 1.38265e+06 1474.19 5.94541e+07 63397.5 0.977468 2.25119e-05 0.533709 0.643749 22682 24.15 77.1212 6.05576 49609.1 9206 72368.3 9187.1 0.00746554 0.000902812 999.648 0.249444 1.34343 0.588812 7.35989 0
44 5.94437e+07 67527.9 0.740619 0.0543522 6.5e+07 0.249236 0.0135234 4.34596 0.167869 0.00109501 8.89112e-05 0 0 1.35095e+06 1534.71 5.94416e+07 67528.2 0.977955 2.39314e-05 0.778927 0.740249 22677.2 25.6906 79.7677 7.06368 50663.3 9532.74 73420.2 9513.09 0.00720857 0.000981755 999.658 0.235869 1.28283 0.682248 7.43504 0
45 5.9449e+07 61980.2 0.738228 0.0526909 6.5e+07 0.255466 0.0128087 4.34658 0.163205 0.00114455 8.88644e-05 0 0 1.32104e+06 1379.36 5.94468e+07 62033.3 0.978415 2.13251e-05 0.79753 0.617036 22679.1 23.7206 81.4242 6.47308 48918.5 8846.57 71679 8828.4 0.00720923 0.000924239 999.634 0.238653 1.13131 0.597071 7.61195 0
46 5.94503e+07 64562.5 0.735589 0.0550789 6.5e+07 0.259809 0.012575 4.35903 0.161277 0.00117394 7.92335e-05 0 0 1.29235e+06 1404.94 5.94482e+07 64614.1 0.978856 2.21026e-05 0.667544 0.558618 22679.6 24.7006 82.6566 6.88896 48116.7 8935.05 70879 8916.55 0.00713336 0.000894978 999.648 0.225288 1.18182 0.656954 7.73694 0
47 5.94494e+07 60440.4 0.744042 0.0587051 6.5e+07 0.26314 0.0131828 4.37266 0.1532 0.00120297 9.09129e-05 0 0 1.26483e+06 1287 5.94472e+07 60504.6 0.97928 2.08706e-05 0.673973 0.720901 22679.2 23.0571 84.0606 6.59632 47603.5 8565.8 70366.8 8548.33 0.00702574 0.000855709 999.657 0.215751 1.08081 0.720224 7.8331 0
48 5.94405e+07 63074.7 0.747615 0.0474716 6.5e+07 0.267435 0.0119438 4.40257 0.150606 0.00124095 7.22e-05 0 0 1.2383e+06 1312.61 5.94383e+07 63034.8 0.979688 2.09457e-05 0.794612 0.731996 22675.9 24.1069 87.0404 7.63157 47712.6 8321.84 70475.6 8304.73 0.00686495 0.000805785 999.712 0.226315 1.21212 0.607574 7.95703 0
49 5.94336e+07 70232 0.749576 0.05007 6.5e+07 0.271407 0.014693 4.43249 0.161443 0.00126852 8.66377e-05 0 0 1.21289e+06 1434.42 5.94314e+07 70281.7 0.980079 2.21304e-05 0.890743 0.691351 22673.2 26.8309 89.1919 8.19174 48035.5 9373.96 70797.8 9354.63 0.00672169 0.000904474 999.674 0.204304 1.13131 0.661288 8.07102 0
50 5.9438e+07 59669.5 0.754833 0.0458189 6.5e+07 0.275405 0.0125427 4.43253 0.140693 0.00130532 7.77028e-05 0 0 1.18871e+06 1193.57 5.94357e+07 59688.9 0.980451 1.84441e-05 0.930909 0.670144 22674.7 22.7584 90.2323 7.19965 46714.3 7906.2 69479.3 7889.96 0.00668261 0.000769001 999.678 0.200514 1 0.696311 8.1853 0
51 5.94224e+07 56045.7 0.757417 0.0588652 6.5e+07 0.277796 0.01424 4.48188 0.122818 0.00132917 8.02835e-05 0 0 1.1651e+06 1099.48 5.94201e+07 56078.8 0.980814 1.68708e-05 0.849276 0.632582 22668.8 21.469 93.6061 7.29995 47956.8 7343.74 70719.3 7328.62 0.0064232 0.000672477 999.709 0.192853 1.08081 0.597584 8.25759 0
52 5.9419e+07 64624.7 0.755502 0.0559451 6.5e+07 0.282344 0.0139015 4.4934 0.14613 0.00137658 8.86476e-05 0 0 1.14263e+06 1242.82 5.94167e+07 64609.5 0.981159 1.93622e-05 1.01943 0.835122 22667.6 24.665 96.0404 8.02637 47409.8 8405.12 70173.5 8387.8 0.00637446 0.000782243 999.713 0.186648 1.07071 0.62365 8.38704 0
53 5.94112e+07 58954.8 0.759623 0.0579518 6.5e+07 0.285229 0.0139179 4.52163 0.130592 0.00140661 8.78501e-05 0 0 1.12092e+06 1112.63 5.94089e+07 58959.5 0.981493 1.65785e-05 0.872309 0.69828 22664.5 22.5426 98.5859 7.76291 47656.4 7584.1 70419.5 7568.47 0.00621681 0.000689917 999.728 0.195171 1.0101 0.65897 8.47174 0
54 5.94017e+07 64205.5 0.779841 0.0372999 6.5e+07 0.286527 0.0111733 4.53909 0.137448 0.00144784 8.06564e-05 0 0 1.09999e+06 1189.76 5.93994e+07 64243.5 0.981815 1.77582e-05 1.1315 0.825662 22660.9 24.6473 101.828 9.33446 47804.2 7801.05 70566.9 7784.88 0.00609094 0.000667067 999.727 0.190331 1.0202 0.68135 8.51103 0
55 5.94015e+07 51636.5 0.77986 0.0481706 6.5e+07 0.290715 0.0117654 4.55849 0.11476 0.00146813 8.72026e-05 0 0 1.07999e+06 939.293 5.93992e+07 51647.7 0.982123 1.50862e-05 1.14601 0.746349 22660.7 19.7975 102.727 7.47632 47456 6537.98 70219.4 6524.53 0.00599291 0.000584532 999.74 0.185226 0.868687 0.613756 8.63103 0
56 5.94067e+07 61478.8 0.774531 0.051193 6.5e+07 0.297526 0.0135006 4.54942 0.132586 0.00152877 9.00247e-05 0 0 1.06079e+06 1097.99 5.94044e+07 61480.4 0.982418 1.65648e-05 0.998739 0.646616 22662.8 23.5452 104.273 9.12408 45709.1 7475.61 68476.2 7460.31 0.00605724 0.000684802 999.712 0.202278 0.979798 0.666361 8.82079 0
57 5.94042e+07 54558.1 0.775769 0.0533235 6.5e+07 0.301414 0.0126933 4.563 0.117174 0.00156825 9.58461e-05 0 0 1.04214e+06 957.924 5.94019e+07 54560.6 0.982706 1.47e-05 0.969698 0.734881 22661.8 20.7056 106.212 8.14052 45215.8 6707.63 67983.8 6693.89 0.0059802 0.000593949 999.75 0.172444 0.969697 0.642824 8.93215 0
58 5.9387e+07 57720.9 0.794334 0.0514061 6.5e+07 0.30078 0.0120439 4.60014 0.12437 0.00159041 8.47961e-05 0 0 1.02387e+06 995.238 5.93847e+07 57709.2 0.982986 1.52554e-05 1.15935 0.716543 22655.3 21.9803 109.98 8.99717 46592.5 6746.8 69357.7 6732.93 0.00576475 0.000615547 999.747 0.182394 0.979798 0.550111 8.91925 0
59 5.93836e+07 55441.2 0.79552 0.0416244 6.5e+07 0.305649 0.0121059 4.61685 0.113605 0.00163281 8.69975e-05 0 0 1.00646e+06 940.09 5.93813e+07 55475.3 0.983254 1.46806e-05 1.11214 0.660337 22653.9 21.14 112.263 8.76815 46189 6509.97 68955.2 6496.66 0.00569477 0.000553892 999.733 0.169569 0.878788 0.655555 9.05749 0
60 5.93955e+07 57836.4 0.785342 0.0560604 6.5e+07 0.313391 0.0141024 4.59815 0.120555 0.0016888 9.05037e-05 0 0 989886 963.954 5.93931e+07 57833.1 0.983509 1.5074e-05 1.0128 0.675874 22658.5 22.0332 112.242 9.10443 43908.3 6708.8 66679 6695.02 0.00580036 0.000602956 999.775 0.15461 1 0.568535 9.27169 0
61 5.93878e+07 46340.9 0.786261 0.0521267 6.5e+07 0.316733 0.0124342 4.62394 0.0966849 0.00172531 0.000101146 0 0 973532 760.448 5.93854e+07 46395 0.983761 1.16485e-05 1.17635 0.671434 22655.5 17.7305 114.929 7.52404 44050.9 5603.07 66821.4 5591.57 0.00567549 0.000484089 999.772 0.169875 0.919192 0.544518 9.36876 0
62 5.93763e+07 60876.2 0.801792 0.0576345 6.5e+07 0.318232 0.0144622 4.64532 0.115366 0.00176282 8.67489e-05 0 0 957644 981.803 5.93739e+07 60873 0.984005 1.51667e-05 1.26686 0.727232 22651.2 23.2398 118.303 9.99642 44525.9 6817.37 67295.4 6803.38 0.00556258 0.000558253 999.775 0.177494 0.929293 0.590369 9.41302 0
63 5.93831e+07 42818.1 0.797151 0.0481002 6.5e+07 0.323743 0.0111176 4.64486 0.0855703 0.00179917 9.61263e-05 0 0 942551 679.385 5.93807e+07 42798.3 0.984237 1.05658e-05 1.19048 0.722722 22653.8 16.3465 118.505 7.71248 43227.8 4860.95 66000.1 4850.96 0.00555769 0.000416113 999.743 0.168134 0.959596 0.530279 9.56781 0
64 5.93712e+07 53953 0.811462 0.0516292 6.5e+07 0.324841 0.0128917 4.67393 0.104937 0.00181806 9.79764e-05 0 0 927638 843.249 5.93688e+07 53968.2 0.984467 1.33022e-05 1.22727 0.759694 22649.2 20.6178 121.212 9.0568 44089.4 6135.88 66859.8 6123.22 0.00541672 0.000493998 999.751 0.144625 0.888889 0.566558 9.60181 0
65 5.93766e+07 48149.4 0.790244 0.0486447 6.5e+07 0.321759 0.0116338 4.59021 0.0944949 0.00183763 9.31163e-05 0 0 913449 740.206 5.93742e+07 48114.1 0.984685 1.15365e-05 1.28314 0.628983 22651.3 18.3179 121.04 8.41466 43235.7 5300.65 66008 5289.69 0.00539315 0.000448111 999.741 0.149366 0.929293 0.607238 9.50627 0
66 5.93652e+07 52527.3 0.788085 0.0522862 6.5e+07 0.314077 0.0118101 4.53826 0.0947158 0.00183012 9.93707e-05 0 0 899438 795.847 5.93629e+07 52524.9 0.9849 1.24988e-05 1.29783 0.715599 22646.9 19.9273 122.737 9.50022 44428.9 5661.67 67198.6 5650.04 0.00521986 0.000443899 999.779 0.14507 0.939394 0.599969 9.28642 0
67 5.93532e+07 56454.1 0.797084 0.0538646 6.5e+07 0.316531 0.0122682 4.5652 0.0935979 0.00187018 9.45276e-05 0 0 885833 842.739 5.93508e+07 56465.3 0.98511 1.25489e-05 1.38957 0.875212 22642.4 21.5995 126.323 10.7514 44863.1 5727.74 67631.8 5715.87 0.00511047 0.000434044 999.778 0.149201 0.979798 0.619217 9.3583 0
68 5.93642e+07 50074.3 0.789153 0.0458817 6.5e+07 0.323788 0.0116977 4.55392 0.0916836 0.00192671 8.82788e-05 0 0 872969 736.383 5.93619e+07 50074.9 0.985308 1.12778e-05 1.29337 0.772802 22646.6 19.0941 126.313 9.3232 42885.5 5204.33 65658.4 5193.67 0.00518447 0.000427827 999.769 0.144735 0.979798 0.585684 9.55901 0
69 5.93621e+07 51898 0.794756 0.0499331 6.5e+07 0.327688 0.0129437 4.56126 0.0953988 0.00197411 9.00665e-05 0 0 860285 751.497 5.93597e+07 51851.4 0.985503 1.15263e-05 1.38706 0.747033 22645.7 19.8197 128.273 9.26906 42343.7 5566.63 65117.7 5555.26 0.00515854 0.000457892 999.801 0.139877 0.888889 0.601159 9.66824 0
70 5.93536e+07 49401.1 0.806336 0.0475036 6.5e+07 0.329744 0.0119306 4.58297 0.0851515 0.00200769 8.55795e-05 0 0 847874 705.642 5.93512e+07 49402.7 0.985693 1.09299e-05 1.43175 0.728574 22642.5 18.7479 131.071 9.46045 42584.9 4902.38 65358.5 4892.3 0.00505825 0.000390256 999.795 0.148306 0.929293 0.49752 9.72893 0
