#1 Nodes,                 #2 AvgThroughput,               #4 totalBKThroughput, 
#6 totalBEThroughput,       #8 totalVIThroughput,           #10 totalVOThroughput,
#12 totalCollisions,        #14 totalBKCollisions,          #16 totalBECollisions,
#18 totalVICollisions,      #20 TotalVOCollisions,          #22 totalInternalCollisions,    
#24 totalBKIntCol,          #26 totalBEIntCol,              #28 totalVIIntCol,
#30 totalVOIntCol,          #32 overallFairness,            #34 BKFairness,
#36 BEFairness,             #38 VIFairness,                 #40 VOFairness,
#42 avgTimeBtSxTxBK,        #44 avgTimeBtSxTxBE,            #46 avgTimeBtSxTxVI,
#48 avgTimeBtSxTxVO,        #50 qEmptyBK,                   #52 qEmptyBE,
#54 qEmptyVI,               #56 qEmptyVO                    #58 totalDropped,
#60 droppedBK,              #62 droppedBE                   #64 droppedVI,
#66 droppedVO               #68 channelErrors               #70 stickiness
#72 totalThroughputUnsat    #74 totalThroughputSat          #76 totalThroughputEDCA
#78 totalBKthroughputEDCA   #80 totalBEthroughputEDCA       #82 totalVIthroughputEDCA
#84 totalVOthroughputEDCA   #86 totalThroughputECA          #88 totalBKthroughputECA
#90 totalBEthroughputECA    #92 totalVIthroughputECA        #94 totalVOthroughputECA
#96 avgTimeBtSxTxBkEDCA     #98 avgTimeBtSxTxBeEDCA         #100 avgTimeBtSxTxViEDCA
#102 avgTimeBtSxTxVoEDCA    #104 avgTimeBtSxTxBkECA         #106 avgTimeBtSxTxBeECA
#108 avgTimeBtSxTxViECA     #110 avgTimeBtSxTxVoECA         #112 BKCollisionsEDCA
#114 BECollisionsEDCA       #116 VICollisionsEDCA           #118 VOCollisionsEDCA
#120 BKCollisionsECA        #122 BECollisionsECA            #124 VICollisionsECA
#126 VOCollisionsEDCA       #128 lastCollision
5 5007690 8930 5007690 8930 0 0 0 0 0 0 6966.5 50.5 0.107125 0.000368 0 0 0 0 0 0 0 0 0 0 0 0 0 0 0 0 0.999945 2.90000000000012e-05 0.999945 2.90000000000012e-05 0 0 0 0 0 0 0.0004093665 1.28500000000017e-07 0 0 0 0 0 0 57902.5 100.5 0 0 0 0 0 0 0.5 0.5 0.5 0.5 0 0 0 0 0 0 0.1 0 1 0 5007690 8930 0 0 0 0 0 0 0 0 0 0 0 0 5007690 8930 5007690 8930 0 0 0 0 0 0 0 0 0 0 0 0 0 0 0.0004093665 1.28500000000017e-07 0 0 0 0 0 0 0 0 0 0 0 0 0 0 0.107125 0.000368 nan nan nan nan nan nan 99.97885 0.00765000000000526 0.0004454805 3.08499999999978e-07 0 0 0 0 0 0 
10 9989980 8600 9989980 8600 0 0 0 0 0 0 15179.5 3.5 0.1245275 0.0002285 0 0 0 0 0 0 0 0 0 0 0 0 0 0 0 0 0.9999205 4.99999999958867e-07 0.9999205 4.99999999958867e-07 0 0 0 0 0 0 0.000479876 2.88999999999997e-07 0 0 0 0 0 0 114123 216 0 0 0 0 0 0 0 0 0 0 0 0 0 0 0 0 0.1 0 1 0 9989980 8600 0 0 0 0 0 0 0 0 0 0 0 0 9989980 8600 9989980 8600 0 0 0 0 0 0 0 0 0 0 0 0 0 0 0.000479876 2.88999999999997e-07 0 0 0 0 0 0 0 0 0 0 0 0 0 0 0.1245275 0.0002285 nan nan nan nan nan nan 99.99425 0.00174999999999415 0.0005492505 4.09499999999997e-07 0 0 0 0 0 0 
15 15022050 17850 15022050 17850 0 0 0 0 0 0 26452 81 0.158607 0.000287000000000009 0 0 0 0 0 0 0 0 0 0 0 0 0 0 0 0 0.999921 1.19999999999565e-05 0.999921 1.19999999999565e-05 0 0 0 0 0 0 0.0006434755 2.47499999999994e-07 0 0 0 0 0 0 167465.5 202.5 0 0 0 0 0 0 1 1 1 1 0 0 0 0 0 0 0.1 0 1 0 15022050 17850 0 0 0 0 0 0 0 0 0 0 0 0 15022050 17850 15022050 17850 0 0 0 0 0 0 0 0 0 0 0 0 0 0 0.0006434755 2.47499999999994e-07 0 0 0 0 0 0 0 0 0 0 0 0 0 0 0.158607 0.000287000000000009 nan nan nan nan nan nan 99.9912 0.00850000000000506 0.0007708275 3.96500000000009e-07 0 0 0 0 0 0 
20 19943900 38600 19943900 38600 0 0 0 0 0 0 45652.5 148.5 0.231973 0.00010700000000001 0 0 0 0 0 0 0 0 0 0 0 0 0 0 0 0 0.9999155 1.65000000000304e-05 0.9999155 1.65000000000304e-05 0 0 0 0 0 0 0.001169685 1.14999999999968e-07 0 0 0 0 0 0 207375 296 0 0 0 0 0 0 15.5 1.5 15.5 1.5 0 0 0 0 0 0 0.1 0 1 0 19943900 38600 0 0 0 0 0 0 0 0 0 0 0 0 19943900 38600 19943900 38600 0 0 0 0 0 0 0 0 0 0 0 0 0 0 0.001169685 1.14999999999968e-07 0 0 0 0 0 0 0 0 0 0 0 0 0 0 0.231973 0.00010700000000001 nan nan nan nan nan nan 99.9978 0.00189999999999912 0.001514675 1.24499999999998e-06 0 0 0 0 0 0 
25 25008850 6650 25008850 6650 0 0 0 0 0 0 71828 30 0.369947 9.8999999999988e-05 0 0 0 0 0 0 0 0 0 0 0 0 0 0 0 0 0.99993 4.000000000004e-06 0.99993 4.000000000004e-06 0 0 0 0 0 0 0.00411162 1.82999999999997e-06 0 0 0 0 0 0 186141 3 0 0 0 0 0 0 305.5 0.5 305.5 0.5 0 0 0 0 0 0 0.1 0 1 0 25008850 6650 0 0 0 0 0 0 0 0 0 0 0 0 25008850 6650 25008850 6650 0 0 0 0 0 0 0 0 0 0 0 0 0 0 0.00411162 1.82999999999997e-06 0 0 0 0 0 0 0 0 0 0 0 0 0 0 0.369947 9.8999999999988e-05 nan nan nan nan nan nan 99.99955 0.000150000000004979 0.00768553 6.199e-05 0 0 0 0 0 0 
30 29842650 41450 29842650 41450 0 0 0 0 0 0 60380.5 49.5 0.4291375 6.44999999999951e-05 0 0 0 0 0 0 0 0 0 0 0 0 0 0 0 0 0.9999285 8.49999999996687e-06 0.9999285 8.49999999996687e-06 0 0 0 0 0 0 0.01277595 7.25000000000031e-06 0 0 0 0 0 0 111253.5 115.5 0 0 0 0 0 0 1423.5 23.5 1423.5 23.5 0 0 0 0 0 0 0.1 0 1 0 29842650 41450 0 0 0 0 0 0 0 0 0 0 0 0 29842650 41450 29842650 41450 0 0 0 0 0 0 0 0 0 0 0 0 0 0 0.01277595 7.25000000000031e-06 0 0 0 0 0 0 0 0 0 0 0 0 0 0 0.4291375 6.44999999999951e-05 nan nan nan nan nan nan 99.999 0.000599999999998602 0.0323796 0.000120200000000001 0 0 0 0 0 0 
35 34741500 35800 34741500 35800 0 0 0 0 0 0 37276 129 0.413783 4.79999999999925e-05 0 0 0 0 0 0 0 0 0 0 0 0 0 0 0 0 0.999902 2.29999999999952e-05 0.999902 2.29999999999952e-05 0 0 0 0 0 0 0.0282394 0.0001312 0 0 0 0 0 0 58023.5 423.5 0 0 0 0 0 0 2090 59 2090 59 0 0 0 0 0 0 0.1 0 1 0 34741500 35800 0 0 0 0 0 0 0 0 0 0 0 0 34741500 35800 34741500 35800 0 0 0 0 0 0 0 0 0 0 0 0 0 0 0.0282394 0.0001312 0 0 0 0 0 0 0 0 0 0 0 0 0 0 0.413783 4.79999999999925e-05 nan nan nan nan nan nan 99.9959 0.00359999999999872 0.0738892 0.000845100000000001 0 0 0 0 0 0 
40 39927250 24850 39927250 24850 0 0 0 0 0 0 18188.5 436.5 0.352852 0.00239 0 0 0 0 0 0 0 0 0 0 0 0 0 0 0 0 0.9999225 1.25000000000264e-05 0.9999225 1.25000000000264e-05 0 0 0 0 0 0 0.0579085 0.000745599999999999 0 0 0 0 0 0 24160.5 780.5 0 0 0 0 0 0 748.5 154.5 748.5 154.5 0 0 0 0 0 0 0.1 0 1 0 39927250 24850 0 0 0 0 0 0 0 0 0 0 0 0 39927250 24850 39927250 24850 0 0 0 0 0 0 0 0 0 0 0 0 0 0 0.0579085 0.000745599999999999 0 0 0 0 0 0 0 0 0 0 0 0 0 0 0.352852 0.00239 nan nan nan nan nan nan 99.99285 0.000450000000000728 0.147848 0.005007 0 0 0 0 0 0 
45 44734500 31700 44734500 31700 0 0 0 0 0 0 7316 170 0.259387 0.00433599999999998 0 0 0 0 0 0 0 0 0 0 0 0 0 0 0 0 0.999875 3.00000000003076e-06 0.999875 3.00000000003076e-06 0 0 0 0 0 0 0.1094805 0.000370500000000003 0 0 0 0 0 0 6153 179 0 0 0 0 0 0 186 23 186 23 0 0 0 0 0 0 0.1 0 1 0 44734500 31700 0 0 0 0 0 0 0 0 0 0 0 0 44734500 31700 44734500 31700 0 0 0 0 0 0 0 0 0 0 0 0 0 0 0.1094805 0.000370500000000003 0 0 0 0 0 0 0 0 0 0 0 0 0 0 0.259387 0.00433599999999998 nan nan nan nan nan nan 99.99075 0.00465000000000515 0.3791815 0.00409949999999998 0 0 0 0 0 0 
50 46841500 21400 46841500 21400 0 0 0 0 0 0 3235.5 19.5 0.1241185 0.00203349999999999 0 0 0 0 0 0 0 0 0 0 0 0 0 0 0 0 0.9994365 0.000115499999999991 0.9994365 0.000115499999999991 0 0 0 0 0 0 0.107125 0.00117 0 0 0 0 0 0 439.5 10.5 0 0 0 0 0 0 336 91 336 91 0 0 0 0 0 0 0.1 0 1 0 46841500 21400 0 0 0 0 0 0 0 0 0 0 0 0 46841500 21400 46841500 21400 0 0 0 0 0 0 0 0 0 0 0 0 0 0 0.107125 0.00117 0 0 0 0 0 0 0 0 0 0 0 0 0 0 0.1241185 0.00203349999999999 nan nan nan nan nan nan 99.9737 0.0127000000000024 3.26919 0.0721699999999998 0 0 0 0 0 0 
55 46418700 400 46418700 400 0 0 0 0 0 0 3478 0 0.1434925 0.000168500000000002 0 0 0 0 0 0 0 0 0 0 0 0 0 0 0 0 0.998817 0.000282999999999978 0.998817 0.000282999999999978 0 0 0 0 0 0 0.128858 0.000216999999999995 0 0 0 0 0 0 172 3 0 0 0 0 0 0 602.5 3.5 602.5 3.5 0 0 0 0 0 0 0.1 0 1 0 46418700 400 0 0 0 0 0 0 0 0 0 0 0 0 46418700 400 46418700 400 0 0 0 0 0 0 0 0 0 0 0 0 0 0 0.128858 0.000216999999999995 0 0 0 0 0 0 0 0 0 0 0 0 0 0 0.1434925 0.000168500000000002 nan nan nan nan nan nan 99.98945 0.00534999999999997 6.505015 0.0698349999999999 0 0 0 0 0 0 
60 45977650 2250 45977650 2250 0 0 0 0 0 0 3768 38 0.1666575 0.00309649999999999 0 0 0 0 0 0 0 0 0 0 0 0 0 0 0 0 0.9989145 0.000109499999999985 0.9989145 0.000109499999999985 0 0 0 0 0 0 0.1541445 0.0020425 0 0 0 0 0 0 130.5 18.5 0 0 0 0 0 0 650 109 650 109 0 0 0 0 0 0 0.1 0 1 0 45977650 2250 0 0 0 0 0 0 0 0 0 0 0 0 45977650 2250 45977650 2250 0 0 0 0 0 0 0 0 0 0 0 0 0 0 0.1541445 0.0020425 0 0 0 0 0 0 0 0 0 0 0 0 0 0 0.1666575 0.00309649999999999 nan nan nan nan nan nan 99.99695 0.000849999999999795 8.08956 0.0211899999999998 0 0 0 0 0 0 
65 45793150 85050 45793150 85050 0 0 0 0 0 0 3995 22 0.184921 0.002912 0 0 0 0 0 0 0 0 0 0 0 0 0 0 0 0 0.9987225 8.74999999999626e-05 0.9987225 8.74999999999626e-05 0 0 0 0 0 0 0.1785225 0.00274250000000001 0 0 0 0 0 0 81.5 10.5 0 0 0 0 0 0 822.5 156.5 822.5 156.5 0 0 0 0 0 0 0.1 0 1 0 45793150 85050 0 0 0 0 0 0 0 0 0 0 0 0 45793150 85050 45793150 85050 0 0 0 0 0 0 0 0 0 0 0 0 0 0 0.1785225 0.00274250000000001 0 0 0 0 0 0 0 0 0 0 0 0 0 0 0.184921 0.002912 nan nan nan nan nan nan 99.9599 0.00160000000000338 9.21161 0.03139 0 0 0 0 0 0 
70 45315900 69900 45315900 69900 0 0 0 0 0 0 4282 17 0.2110495 0.00235250000000001 0 0 0 0 0 0 0 0 0 0 0 0 0 0 0 0 0.998434 0.000377000000000016 0.998434 0.000377000000000016 0 0 0 0 0 0 0.2100725 0.00132350000000001 0 0 0 0 0 0 76.5 13.5 0 0 0 0 0 0 846 119 846 119 0 0 0 0 0 0 0.1 0 1 0 45315900 69900 0 0 0 0 0 0 0 0 0 0 0 0 45315900 69900 45315900 69900 0 0 0 0 0 0 0 0 0 0 0 0 0 0 0.2100725 0.00132350000000001 0 0 0 0 0 0 0 0 0 0 0 0 0 0 0.2110495 0.00235250000000001 nan nan nan nan nan nan 99.99475 0.00224999999999653 10.293 0.00930000000000053 0 0 0 0 0 0 
