#1 Nodes,                 #2 AvgThroughput,               #4 totalBKThroughput, 
#6 totalBEThroughput,       #8 totalVIThroughput,           #10 totalVOThroughput,
#12 totalCollisions,        #14 totalBKCollisions,          #16 totalBECollisions,
#18 totalVICollisions,      #20 TotalVOCollisions,          #22 totalInternalCollisions,    
#24 totalBKIntCol,          #26 totalBEIntCol,              #28 totalVIIntCol,
#30 totalVOIntCol,          #32 overallFairness,            #34 BKFairness,
#36 BEFairness,             #38 VIFairness,                 #40 VOFairness,
#42 avgTimeBtSxTxBK,        #44 avgTimeBtSxTxBE,            #46 avgTimeBtSxTxVI,
#48 avgTimeBtSxTxVO,        #50 qEmptyBK,                   #52 qEmptyBE,
#54 qEmptyVI,               #56 qEmptyVO                    #58 totalDropped,
#60 droppedBK,              #62 droppedBE                   #64 droppedVI,
#66 droppedVO               #68 channelErrors               #70 stickiness
#72 totalThroughputUnsat    #74 totalThroughputSat          #76 totalThroughputEDCA
#78 totalBKthroughputEDCA   #80 totalBEthroughputEDCA       #82 totalVIthroughputEDCA
#84 totalVOthroughputEDCA   #86 totalThroughputECA          #88 totalBKthroughputECA
#90 totalBEthroughputECA    #92 totalVIthroughputECA        #94 totalVOthroughputECA
#96 avgTimeBtSxTxBkEDCA     #98 avgTimeBtSxTxBeEDCA         #100 avgTimeBtSxTxViEDCA
#102 avgTimeBtSxTxVoEDCA    #104 avgTimeBtSxTxBkECA         #106 avgTimeBtSxTxBeECA
#108 avgTimeBtSxTxViECA     #110 avgTimeBtSxTxVoECA         #112 BKCollisionsEDCA
#114 BECollisionsEDCA       #116 VICollisionsEDCA           #118 VOCollisionsEDCA
#120 BKCollisionsECA        #122 BECollisionsECA            #124 VICollisionsECA
#126 VOCollisionsEDCA       #128 lastCollision              #130 avgQueuingDelayBK
#132 avgQueuingDelayBE      #134 avgQueuingDelayVI          #136 avgQueuingDelayVO
2 39895680 200022.430242211 39895680 200022.430242211 0 0 0 0 0 0 87.1 73.673536632905 0.00120289355 0.000926593976869021 0 0 0 0 0 0 0 0 0 0 0 0 0 0 0 0 1 0 1 0 0 0 0 0 0 0 0.002838501 0.000119793145083515 0 0 0 0 0 0 0 0 0 0 0 0 0 0 0 0 0 0 0 0 0 0 0 0 0.1 1.38777878078145e-17 1 0 0 0 39895680 200022.430242211 0 0 0 0 0 0 0 0 0 0 39895680 200022.430242211 39895680 200022.430242211 0 0 0 0 0 0 0 0 0 0 0 0 0 0 0.002838501 0.000119793145083515 0 0 0 0 0 0 0 0 0 0 0 0 0 0 0.00120289355 0.000926593976869021 nan nan nan nan nan nan 8.1252939 11.6154735313753 0 0 0 0 0 0 0 0 
4 44368315 38870.5064927124 44368315 38870.5064927124 0 0 0 0 0 0 44.55 22.5088316000631 0.0006746303 0.000303220336898945 0 0 0 0 0 0 0 0 0 0 0 0 0 0 0 0 0.99999965 4.76969600722188e-07 0.99999965 4.76969600722188e-07 0 0 0 0 0 0 0.005271643 4.05508311998656e-05 0 0 0 0 0 0 0 0 0 0 0 0 0 0 0 0 0 0 0 0 0 0 0 0 0.1 1.38777878078145e-17 1 0 0 0 44368315 38870.5064927124 0 0 0 0 0 0 0 0 0 0 44368315 38870.5064927124 44368315 38870.5064927124 0 0 0 0 0 0 0 0 0 0 0 0 0 0 0.005271643 4.05508311998656e-05 0 0 0 0 0 0 0 0 0 0 0 0 0 0 0.0006746303 0.000303220336898945 nan nan nan nan nan nan 1.7808718 3.77799495012271 0 0 0 0 0 0 0 0 
6 45947910 202893.871026209 45947910 202893.871026209 0 0 0 0 0 0 36.65 15.0873291208219 0.000601851 0.000211246212715873 0 0 0 0 0 0 0 0 0 0 0 0 0 0 0 0 0.999999 5.47722557490512e-07 0.999999 5.47722557490512e-07 0 0 0 0 0 0 0.0075425145 0.000191961925846638 0 0 0 0 0 0 0 0 0 0 0 0 0 0 0.05 0.217944947177034 0.05 0.217944947177034 0 0 0 0 0 0 0.1 1.38777878078145e-17 1 0 0 0 45947910 202893.871026209 0 0 0 0 0 0 0 0 0 0 45947910 202893.871026209 45947910 202893.871026209 0 0 0 0 0 0 0 0 0 0 0 0 0 0 0.0075425145 0.000191961925846638 0 0 0 0 0 0 0 0 0 0 0 0 0 0 0.000601851 0.000211246212715873 nan nan nan nan nan nan 8.00486565 13.5034066217766 0 0 0 0 0 0 0 0 
8 46823775 214485.463085497 46823775 214485.463085497 0 0 0 0 0 0 37.9 11.1843640856331 0.00065658635 0.000153463385097643 0 0 0 0 0 0 0 0 0 0 0 0 0 0 0 0 0.99999875 7.66485485818192e-07 0.99999875 7.66485485818192e-07 0 0 0 0 0 0 0.0098670145 0.000245944530483502 0 0 0 0 0 0 0 0 0 0 0 0 0 0 0.2 0.4 0.2 0.4 0 0 0 0 0 0 0.1 1.38777878078145e-17 1 0 0 0 46823775 214485.463085497 0 0 0 0 0 0 0 0 0 0 46823775 214485.463085497 46823775 214485.463085497 0 0 0 0 0 0 0 0 0 0 0 0 0 0 0.0098670145 0.000245944530483502 0 0 0 0 0 0 0 0 0 0 0 0 0 0 0.00065658635 0.000153463385097643 nan nan nan nan nan nan 13.5905662 18.0080732222094 0 0 0 0 0 0 0 0 
10 47373895 159578.602810653 47373895 159578.602810653 0 0 0 0 0 0 36.35 9.93113790056306 0.0007024784 0.000147009708842443 0 0 0 0 0 0 0 0 0 0 0 0 0 0 0 0 0.99999785 1.19478031452646e-06 0.99999785 1.19478031452646e-06 0 0 0 0 0 0 0.012233625 0.000198857911270837 0 0 0 0 0 0 0 0 0 0 0 0 0 0 0.1 0.3 0.1 0.3 0 0 0 0 0 0 0.1 1.38777878078145e-17 1 0 0 0 47373895 159578.602810653 0 0 0 0 0 0 0 0 0 0 47373895 159578.602810653 47373895 159578.602810653 0 0 0 0 0 0 0 0 0 0 0 0 0 0 0.012233625 0.000198857911270837 0 0 0 0 0 0 0 0 0 0 0 0 0 0 0.0007024784 0.000147009708842443 nan nan nan nan nan nan 11.89657455 22.6825708228702 0 0 0 0 0 0 0 0 
12 47786990 108698.973776205 47786990 108698.973776205 0 0 0 0 0 0 41.1 9.39627585801949 0.0008414002 0.000193831294709239 0 0 0 0 0 0 0 0 0 0 0 0 0 0 0 0 0.99999775 6.98212002188648e-07 0.99999775 6.98212002188648e-07 0 0 0 0 0 0 0.014632795 0.000183176577309983 0 0 0 0 0 0 0 0 0 0 0 0 0 0 0.2 0.509901951359279 0.2 0.509901951359279 0 0 0 0 0 0 0.1 1.38777878078145e-17 1 0 0 0 47786990 108698.973776205 0 0 0 0 0 0 0 0 0 0 47786990 108698.973776205 47786990 108698.973776205 0 0 0 0 0 0 0 0 0 0 0 0 0 0 0.014632795 0.000183176577309983 0 0 0 0 0 0 0 0 0 0 0 0 0 0 0.0008414002 0.000193831294709239 nan nan nan nan nan nan 9.8956367 15.4848820493832 0 0 0 0 0 0 0 0 
14 48016850 187649.099384996 48016850 187649.099384996 0 0 0 0 0 0 41.35 6.87949852823591 0.00088834245 0.000130296450001708 0 0 0 0 0 0 0 0 0 0 0 0 0 0 0 0 0.9999981 6.99999999977306e-07 0.9999981 6.99999999977306e-07 0 0 0 0 0 0 0.016930815 0.000329677500407595 0 0 0 0 0 0 0 0 0 0 0 0 0 0 0.45 0.804673846971554 0.45 0.804673846971554 0 0 0 0 0 0 0.1 1.38777878078145e-17 1 0 0 0 48016850 187649.099384996 0 0 0 0 0 0 0 0 0 0 48016850 187649.099384996 48016850 187649.099384996 0 0 0 0 0 0 0 0 0 0 0 0 0 0 0.016930815 0.000329677500407595 0 0 0 0 0 0 0 0 0 0 0 0 0 0 0.00088834245 0.000130296450001708 nan nan nan nan nan nan 14.8557116 24.4564905244605 0 0 0 0 0 0 0 0 
16 48251130 128868.266458426 48251130 128868.266458426 0 0 0 0 0 0 44.5 6.34428877022476 0.0010078495 0.000123493588406646 0 0 0 0 0 0 0 0 0 0 0 0 0 0 0 0 0.9999972 1.16619037897879e-06 0.9999972 1.16619037897879e-06 0 0 0 0 0 0 0.01936157 0.000255965335739041 0 0 0 0 0 0 0 0 0 0 0 0 0 0 0.25 0.433012701892219 0.25 0.433012701892219 0 0 0 0 0 0 0.1 1.38777878078145e-17 1 0 0 0 48251130 128868.266458426 0 0 0 0 0 0 0 0 0 0 48251130 128868.266458426 48251130 128868.266458426 0 0 0 0 0 0 0 0 0 0 0 0 0 0 0.01936157 0.000255965335739041 0 0 0 0 0 0 0 0 0 0 0 0 0 0 0.0010078495 0.000123493588406646 nan nan nan nan nan nan 9.40707585 21.6006747883756 0 0 0 0 0 0 0 0 
18 48432925 107608.409871162 48432925 107608.409871162 0 0 0 0 0 0 48.65 6.92296901625307 0.0011564972 0.000147973915525879 0 0 0 0 0 0 0 0 0 0 0 0 0 0 0 0 0.99999675 1.2599603168397e-06 0.99999675 1.2599603168397e-06 0 0 0 0 0 0 0.021776245 0.000229119485149124 0 0 0 0 0 0 0 0 0 0 0 0 0 0 0.95 1.28354976529934 0.95 1.28354976529934 0 0 0 0 0 0 0.1 1.38777878078145e-17 1 0 0 0 48432925 107608.409871162 0 0 0 0 0 0 0 0 0 0 48432925 107608.409871162 48432925 107608.409871162 0 0 0 0 0 0 0 0 0 0 0 0 0 0 0.021776245 0.000229119485149124 0 0 0 0 0 0 0 0 0 0 0 0 0 0 0.0011564972 0.000147973915525879 nan nan nan nan nan nan 5.2353234 13.3445123961641 0 0 0 0 0 0 0 0 
20 48489220 111298.178781146 48489220 111298.178781146 0 0 0 0 0 0 53.7 5.80603134679791 0.001275914 0.000110836079613093 0 0 0 0 0 0 0 0 0 0 0 0 0 0 0 0 0.99999575 1.63935963108539e-06 0.99999575 1.63935963108539e-06 0 0 0 0 0 0 0.023962825 0.000248456523108169 0 0 0 0 0 0 0 0 0 0 0 0 0 0 0.45 0.668954408012983 0.45 0.668954408012983 0 0 0 0 0 0 0.1 1.38777878078145e-17 1 0 0 0 48489220 111298.178781146 0 0 0 0 0 0 0 0 0 0 48489220 111298.178781146 48489220 111298.178781146 0 0 0 0 0 0 0 0 0 0 0 0 0 0 0.023962825 0.000248456523108169 0 0 0 0 0 0 0 0 0 0 0 0 0 0 0.001275914 0.000110836079613093 nan nan nan nan nan nan 18.39006325 24.8625798982887 0 0 0 0 0 0 0 0 
22 48652015 78329.9321779357 48652015 78329.9321779357 0 0 0 0 0 0 54.75 7.04893608993584 0.001383602 0.000147255891209826 0 0 0 0 0 0 0 0 0 0 0 0 0 0 0 0 0.99999595 1.20312094155459e-06 0.99999595 1.20312094155459e-06 0 0 0 0 0 0 0.026478855 0.000187114869732472 0 0 0 0 0 0 0 0 0 0 0 0 0 0 0.8 1.0295630140987 0.8 1.0295630140987 0 0 0 0 0 0 0.1 1.38777878078145e-17 1 0 0 0 48652015 78329.9321779357 0 0 0 0 0 0 0 0 0 0 48652015 78329.9321779357 48652015 78329.9321779357 0 0 0 0 0 0 0 0 0 0 0 0 0 0 0.026478855 0.000187114869732472 0 0 0 0 0 0 0 0 0 0 0 0 0 0 0.001383602 0.000147255891209826 nan nan nan nan nan nan 14.00848285 23.6970482210879 0 0 0 0 0 0 0 0 
24 48745705 82715.442784283 48745705 82715.442784283 0 0 0 0 0 0 58.2 5.92958683214944 0.0015000465 0.000148395604223137 0 0 0 0 0 0 0 0 0 0 0 0 0 0 0 0 0.99999545 1.88348082019457e-06 0.99999545 1.88348082019457e-06 0 0 0 0 0 0 0.02888174 0.000216344034814921 0 0 0 0 0 0 0 0 0 0 0 0 0 0 1.15 1.27573508221731 1.15 1.27573508221731 0 0 0 0 0 0 0.1 1.38777878078145e-17 1 0 0 0 48745705 82715.442784283 0 0 0 0 0 0 0 0 0 0 48745705 82715.442784283 48745705 82715.442784283 0 0 0 0 0 0 0 0 0 0 0 0 0 0 0.02888174 0.000216344034814921 0 0 0 0 0 0 0 0 0 0 0 0 0 0 0.0015000465 0.000148395604223137 nan nan nan nan nan nan 3.59781055 11.4028948368204 0 0 0 0 0 0 0 0 
26 48823105 85741.6554248867 48823105 85741.6554248867 0 0 0 0 0 0 63.4 8.86227961644181 0.0016324725 0.000202924616911675 0 0 0 0 0 0 0 0 0 0 0 0 0 0 0 0 0.99999495 1.32193040663751e-06 0.99999495 1.32193040663751e-06 0 0 0 0 0 0 0.031246995 0.000263308352459621 0 0 0 0 0 0 0 0 0 0 0 0 0 0 0.65 0.726291952316698 0.65 0.726291952316698 0 0 0 0 0 0 0.1 1.38777878078145e-17 1 0 0 0 48823105 85741.6554248867 0 0 0 0 0 0 0 0 0 0 48823105 85741.6554248867 48823105 85741.6554248867 0 0 0 0 0 0 0 0 0 0 0 0 0 0 0.031246995 0.000263308352459621 0 0 0 0 0 0 0 0 0 0 0 0 0 0 0.0016324725 0.000202924616911675 nan nan nan nan nan nan 17.4938235 29.6161038984504 0 0 0 0 0 0 0 0 
28 48912590 40530.3330852338 48912590 40530.3330852338 0 0 0 0 0 0 65 7.60263112349929 0.001761685 0.000174053160858974 0 0 0 0 0 0 0 0 0 0 0 0 0 0 0 0 0.99999325 2.62440469439987e-06 0.99999325 2.62440469439987e-06 0 0 0 0 0 0 0.03372518 0.000126855163868091 0 0 0 0 0 0 0 0 0 0 0 0 0 0 2.25 2.50748878362397 2.25 2.50748878362397 0 0 0 0 0 0 0.1 1.38777878078145e-17 1 0 0 0 48912590 40530.3330852338 0 0 0 0 0 0 0 0 0 0 48912590 40530.3330852338 48912590 40530.3330852338 0 0 0 0 0 0 0 0 0 0 0 0 0 0 0.03372518 0.000126855163868091 0 0 0 0 0 0 0 0 0 0 0 0 0 0 0.001761685 0.000174053160858974 nan nan nan nan nan nan 4.44386065 10.5635179577592 0 0 0 0 0 0 0 0 
30 48947155 74898.70142399 48947155 74898.70142399 0 0 0 0 0 0 72.95 11.1106930476906 0.0019671995 0.000254299179048518 0 0 0 0 0 0 0 0 0 0 0 0 0 0 0 0 0.9999921 2.04694894904155e-06 0.9999921 2.04694894904155e-06 0 0 0 0 0 0 0.03606698 0.000249312160954896 0 0 0 0 0 0 0 0 0 0 0 0 0 0 4.95 9.40996811896831 4.95 9.40996811896831 0 0 0 0 0 0 0.1 1.38777878078145e-17 1 0 0 0 48947155 74898.70142399 0 0 0 0 0 0 0 0 0 0 48947155 74898.70142399 48947155 74898.70142399 0 0 0 0 0 0 0 0 0 0 0 0 0 0 0.03606698 0.000249312160954896 0 0 0 0 0 0 0 0 0 0 0 0 0 0 0.0019671995 0.000254299179048518 nan nan nan nan nan nan 4.2041625 13.4567065824705 0 0 0 0 0 0 0 0 
32 48989390 78165.0299046831 48989390 78165.0299046831 0 0 0 0 0 0 78.9 13.4977775948487 0.0021488415 0.000324503975865859 0 0 0 0 0 0 0 0 0 0 0 0 0 0 0 0 0.9999913 2.86530975639637e-06 0.9999913 2.86530975639637e-06 0 0 0 0 0 0 0.03844294 0.000279352004467482 0 0 0 0 0 0 0 0 0 0 0 0 0 0 4 7.02851335632223 4 7.02851335632223 0 0 0 0 0 0 0.1 1.38777878078145e-17 1 0 0 0 48989390 78165.0299046831 0 0 0 0 0 0 0 0 0 0 48989390 78165.0299046831 48989390 78165.0299046831 0 0 0 0 0 0 0 0 0 0 0 0 0 0 0.03844294 0.000279352004467482 0 0 0 0 0 0 0 0 0 0 0 0 0 0 0.0021488415 0.000324503975865859 nan nan nan nan nan nan 2.64822045 2.89363681564099 0 0 0 0 0 0 0 0 
34 49047880 41031.5317774026 49047880 41031.5317774026 0 0 0 0 0 0 80.1 8.79715863219483 0.002223145 0.000217313381674944 0 0 0 0 0 0 0 0 0 0 0 0 0 0 0 0 0.99998985 3.70506410200195e-06 0.99998985 3.70506410200195e-06 0 0 0 0 0 0 0.040879995 0.000164772383836006 0 0 0 0 0 0 0 0 0 0 0 0 0 0 4.9 4.89795875850338 4.9 4.89795875850338 0 0 0 0 0 0 0.1 1.38777878078145e-17 1 0 0 0 49047880 41031.5317774026 0 0 0 0 0 0 0 0 0 0 49047880 41031.5317774026 49047880 41031.5317774026 0 0 0 0 0 0 0 0 0 0 0 0 0 0 0.040879995 0.000164772383836006 0 0 0 0 0 0 0 0 0 0 0 0 0 0 0.002223145 0.000217313381674944 nan nan nan nan nan nan 2.88911265 6.47435925803522 0 0 0 0 0 0 0 0 
36 49059920 81315.1929223561 49059920 81315.1929223561 0 0 0 0 0 0 95.25 16.1891167146327 0.002628174 0.000404612805239775 0 0 0 0 0 0 0 0 0 0 0 0 0 0 0 0 0.99998655 5.72254314093737e-06 0.99998655 5.72254314093737e-06 0 0 0 0 0 0 0.0432508 0.000344521938343555 0 0 0 0 0 0 0 0 0 0 0 0 0 0 8.4 12.7530388535439 8.4 12.7530388535439 0 0 0 0 0 0 0.1 1.38777878078145e-17 1 0 0 0 49059920 81315.1929223561 0 0 0 0 0 0 0 0 0 0 49059920 81315.1929223561 49059920 81315.1929223561 0 0 0 0 0 0 0 0 0 0 0 0 0 0 0.0432508 0.000344521938343555 0 0 0 0 0 0 0 0 0 0 0 0 0 0 0.002628174 0.000404612805239775 nan nan nan nan nan nan 8.1765125 18.3522198671378 0 0 0 0 0 0 0 0 
38 49126670 12963.4139022096 49126670 12963.4139022096 0 0 0 0 0 0 95.3 14.1495582969929 0.0026842135 0.000342541763735095 0 0 0 0 0 0 0 0 0 0 0 0 0 0 0 0 0.99998615 5.58815712019392e-06 0.99998615 5.58815712019392e-06 0 0 0 0 0 0 0.045744765 7.11694335722855e-05 0 0 0 0 0 0 0 0 0 0 0 0 0 0 12 12.7357763799464 12 12.7357763799464 0 0 0 0 0 0 0.1 1.38777878078145e-17 1 0 0 0 49126670 12963.4139022096 0 0 0 0 0 0 0 0 0 0 49126670 12963.4139022096 49126670 12963.4139022096 0 0 0 0 0 0 0 0 0 0 0 0 0 0 0.045744765 7.11694335722855e-05 0 0 0 0 0 0 0 0 0 0 0 0 0 0 0.0026842135 0.000342541763735095 nan nan nan nan nan nan 2.724377 2.67569187238198 0 0 0 0 0 0 0 0 
40 49152900 13453.2895605499 49152900 13453.2895605499 0 0 0 0 0 0 102.65 12.9471039232718 0.0029271335 0.000312452140051481 0 0 0 0 0 0 0 0 0 0 0 0 0 0 0 0 0.9999827 4.95075751780098e-06 0.9999827 4.95075751780098e-06 0 0 0 0 0 0 0.048156495 5.26865492796792e-05 0 0 0 0 0 0 0 0 0 0 0 0 0 0 14.85 12.9586843468 14.85 12.9586843468 0 0 0 0 0 0 0.1 1.38777878078145e-17 1 0 0 0 49152900 13453.2895605499 0 0 0 0 0 0 0 0 0 0 49152900 13453.2895605499 49152900 13453.2895605499 0 0 0 0 0 0 0 0 0 0 0 0 0 0 0.048156495 5.26865492796792e-05 0 0 0 0 0 0 0 0 0 0 0 0 0 0 0.0029271335 0.000312452140051481 nan nan nan nan nan nan 2.2417015 0.637475356992527 0 0 0 0 0 0 0 0 
42 49158585 24873.8070065682 49158585 24873.8070065682 0 0 0 0 0 0 123.5 23.8275051148877 0.003451464 0.000567608377505125 0 0 0 0 0 0 0 0 0 0 0 0 0 0 0 0 0.99997115 1.2673890483977e-05 0.99997115 1.2673890483977e-05 0 0 0 0 0 0 0.050627085 0.000103101092501486 0 0 0 0 0 0 0 0 0 0 0 0 0 0 36.4 23.2150813050482 36.4 23.2150813050482 0 0 0 0 0 0 0.1 1.38777878078145e-17 1 0 0 0 49158585 24873.8070065682 0 0 0 0 0 0 0 0 0 0 49158585 24873.8070065682 49158585 24873.8070065682 0 0 0 0 0 0 0 0 0 0 0 0 0 0 0.050627085 0.000103101092501486 0 0 0 0 0 0 0 0 0 0 0 0 0 0 0.003451464 0.000567608377505125 nan nan nan nan nan nan 3.747349 1.54833981158175 0 0 0 0 0 0 0 0 
44 49188030 25418.2827901493 49188030 25418.2827901493 0 0 0 0 0 0 125.5 22.7870577302117 0.0035435475 0.000551713520514723 0 0 0 0 0 0 0 0 0 0 0 0 0 0 0 0 0.99997035 1.96042724935114e-05 0.99997035 1.96042724935114e-05 0 0 0 0 0 0 0.05301469 9.89485113581811e-05 0 0 0 0 0 0 0 0 0 0 0 0 0 0 38.9 38.3626120070049 38.9 38.3626120070049 0 0 0 0 0 0 0.1 1.38777878078145e-17 1 0 0 0 49188030 25418.2827901493 0 0 0 0 0 0 0 0 0 0 49188030 25418.2827901493 49188030 25418.2827901493 0 0 0 0 0 0 0 0 0 0 0 0 0 0 0.05301469 9.89485113581811e-05 0 0 0 0 0 0 0 0 0 0 0 0 0 0 0.0035435475 0.000551713520514723 nan nan nan nan nan nan 3.4403735 1.77491331947021 0 0 0 0 0 0 0 0 
46 49170415 68343.516700562 49170415 68343.516700562 0 0 0 0 0 0 169.8 63.385802826816 0.00467075 0.00159390174959124 0 0 0 0 0 0 0 0 0 0 0 0 0 0 0 0 0.99995385 3.61832488867316e-05 0.99995385 3.61832488867316e-05 0 0 0 0 0 0 0.05560925 0.000312093433926445 0 0 0 0 0 0 0 0 0 0 0 0 0 0 64.4 61.3387316464891 64.4 61.3387316464891 0 0 0 0 0 0 0.1 1.38777878078145e-17 1 0 0 0 49170415 68343.516700562 0 0 0 0 0 0 0 0 0 0 49170415 68343.516700562 49170415 68343.516700562 0 0 0 0 0 0 0 0 0 0 0 0 0 0 0.05560925 0.000312093433926445 0 0 0 0 0 0 0 0 0 0 0 0 0 0 0.00467075 0.00159390174959124 nan nan nan nan nan nan 6.0578045 4.27358317996909 0 0 0 0 0 0 0 0 
48 49067190 117779.709203241 49067190 117779.709203241 0 0 0 0 0 0 283 109.076578604208 0.007547624 0.00273467837445539 0 0 0 0 0 0 0 0 0 0 0 0 0 0 0 0 0.99990555 5.06936633120913e-05 0.99990555 5.06936633120913e-05 0 0 0 0 0 0 0.05859569 0.000586260174240073 0 0 0 0 0 0 0 0 0 0 0 0 0 0 142.55 92.1908211266176 142.55 92.1908211266176 0 0 0 0 0 0 0.1 1.38777878078145e-17 1 0 0 0 49067190 117779.709203241 0 0 0 0 0 0 0 0 0 0 49067190 117779.709203241 49067190 117779.709203241 0 0 0 0 0 0 0 0 0 0 0 0 0 0 0.05859569 0.000586260174240073 0 0 0 0 0 0 0 0 0 0 0 0 0 0 0.007547624 0.00273467837445539 nan nan nan nan nan nan 12.5054755 7.65871129742562 0 0 0 0 0 0 0 0 
50 48940645 258578.954044988 48940645 258578.954044988 0 0 0 0 0 0 417.65 232.660326441789 0.011073652 0.00602816885300055 0 0 0 0 0 0 0 0 0 0 0 0 0 0 0 0 0.99984375 0.000125936045276963 0.99984375 0.000125936045276963 0 0 0 0 0 0 0.06178843 0.00133032616493099 0 0 0 0 0 0 0 0 0 0 0 0 0 0 242 191.257418156787 242 191.257418156787 0 0 0 0 0 0 0.1 1.38777878078145e-17 1 0 0 0 48940645 258578.954044988 0 0 0 0 0 0 0 0 0 0 48940645 258578.954044988 48940645 258578.954044988 0 0 0 0 0 0 0 0 0 0 0 0 0 0 0.06178843 0.00133032616493099 0 0 0 0 0 0 0 0 0 0 0 0 0 0 0.011073652 0.00602816885300055 nan nan nan nan nan nan 18.6345945 14.2213780469107 0 0 0 0 0 0 0 0 
52 48544725 612089.748219164 48544725 612089.748219164 0 0 0 0 0 0 803.2 565.399380968886 0.021751407 0.0158164810720404 0 0 0 0 0 0 0 0 0 0 0 0 0 0 0 0 0.99967765 0.000255401110999925 0.99967765 0.000255401110999925 0 0 0 0 0 0 0.066771695 0.00381220626835367 0 0 0 0 0 0 0 0 0 0 0 0 0 0 501.7 403.246463096702 501.7 403.246463096702 0 0 0 0 0 0 0.1 1.38777878078145e-17 1 0 0 0 48544725 612089.748219164 0 0 0 0 0 0 0 0 0 0 48544725 612089.748219164 48544725 612089.748219164 0 0 0 0 0 0 0 0 0 0 0 0 0 0 0.066771695 0.00381220626835367 0 0 0 0 0 0 0 0 0 0 0 0 0 0 0.021751407 0.0158164810720404 nan nan nan nan nan nan 35.557532 25.6483900425613 0 0 0 0 0 0 0 0 
54 47012520 638926.881262637 47012520 638926.881262637 0 0 0 0 0 0 2238.5 585.085506571475 0.06466093 0.0180526446457881 0 0 0 0 0 0 0 0 0 0 0 0 0 0 0 0 0.9988986 0.000310854692742433 0.9988986 0.000310854692742433 0 0 0 0 0 0 0.08024607 0.0046719011323122 0 0 0 0 0 0 0 0 0 0 0 0 0 0 1644.3 455.683782902135 1644.3 455.683782902135 0 0 0 0 0 0 0.1 1.38777878078145e-17 1 0 0 0 47012520 638926.881262637 0 0 0 0 0 0 0 0 0 0 47012520 638926.881262637 47012520 638926.881262637 0 0 0 0 0 0 0 0 0 0 0 0 0 0 0.08024607 0.0046719011323122 0 0 0 0 0 0 0 0 0 0 0 0 0 0 0.06466093 0.0180526446457881 nan nan nan nan nan nan 88.36745 22.482404961069 0 0 0 0 0 0 0 0 
56 46589905 843097.919861626 46589905 843097.919861626 0 0 0 0 0 0 2631 777.921589879083 0.078782603 0.0237783272583958 0 0 0 0 0 0 0 0 0 0 0 0 0 0 0 0 0.99863385 0.000495985108143383 0.99863385 0.000495985108143383 0 0 0 0 0 0 0.087136485 0.00636030886154713 0 0 0 0 0 0 0 0 0 0 0 0 0 0 1824.3 600.260951586891 1824.3 600.260951586891 0 0 0 0 0 0 0.1 1.38777878078145e-17 1 0 0 0 46589905 843097.919861626 0 0 0 0 0 0 0 0 0 0 46589905 843097.919861626 46589905 843097.919861626 0 0 0 0 0 0 0 0 0 0 0 0 0 0 0.087136485 0.00636030886154713 0 0 0 0 0 0 0 0 0 0 0 0 0 0 0.078782603 0.0237783272583958 nan nan nan nan nan nan 90.475345 26.6717939951079 0 0 0 0 0 0 0 0 
58 45831100 116758.712736994 45831100 116758.712736994 0 0 0 0 0 0 3350.4 94.1054727420249 0.104027275 0.00375698617030659 0 0 0 0 0 0 0 0 0 0 0 0 0 0 0 0 0.99841245 0.000238184901914462 0.99841245 0.000238184901914462 0 0 0 0 0 0 0.097668425 0.0012123568211855 0 0 0 0 0 0 0 0 0 0 0 0 0 0 2326.9 182.310970596945 2326.9 182.310970596945 0 0 0 0 0 0 0.1 1.38777878078145e-17 1 0 0 0 45831100 116758.712736994 0 0 0 0 0 0 0 0 0 0 45831100 116758.712736994 45831100 116758.712736994 0 0 0 0 0 0 0 0 0 0 0 0 0 0 0.097668425 0.0012123568211855 0 0 0 0 0 0 0 0 0 0 0 0 0 0 0.104027275 0.00375698617030659 nan nan nan nan nan nan 99.972565 0.0266957726054165 0 0 0 0 0 0 0 0 
60 45411330 114761.575015333 45411330 114761.575015333 0 0 0 0 0 0 3709 94.9736805646701 0.1187569 0.00403409542400771 0 0 0 0 0 0 0 0 0 0 0 0 0 0 0 0 0.99823565 0.000246118726430958 0.99823565 0.000246118726430958 0 0 0 0 0 0 0.10569285 0.00138580107789682 0 0 0 0 0 0 0 0 0 0 0 0 0 0 2613.5 210.322252745638 2613.5 210.322252745638 0 0 0 0 0 0 0.1 1.38777878078145e-17 1 0 0 0 45411330 114761.575015333 0 0 0 0 0 0 0 0 0 0 45411330 114761.575015333 45411330 114761.575015333 0 0 0 0 0 0 0 0 0 0 0 0 0 0 0.10569285 0.00138580107789682 0 0 0 0 0 0 0 0 0 0 0 0 0 0 0.1187569 0.00403409542400771 nan nan nan nan nan nan 99.97536 0.0266375937351714 0 0 0 0 0 0 0 0 
62 45060040 104260.037406477 45060040 104260.037406477 0 0 0 0 0 0 4042.4 81.5257014689233 0.1331199 0.00354237208519941 0 0 0 0 0 0 0 0 0 0 0 0 0 0 0 0 0.99792095 0.000246451511458141 0.99792095 0.000246451511458141 0 0 0 0 0 0 0.1140546 0.00127813404617826 0 0 0 0 0 0 0 0 0 0 0 0 0 0 2918.7 184.951912669212 2918.7 184.951912669212 0 0 0 0 0 0 0.1 1.38777878078145e-17 1 0 0 0 45060040 104260.037406477 0 0 0 0 0 0 0 0 0 0 45060040 104260.037406477 45060040 104260.037406477 0 0 0 0 0 0 0 0 0 0 0 0 0 0 0.1140546 0.00127813404617826 0 0 0 0 0 0 0 0 0 0 0 0 0 0 0.1331199 0.00354237208519941 nan nan nan nan nan nan 99.98188 0.0157913140681829 0 0 0 0 0 0 0 0 
64 44754255 109742.929043287 44754255 109742.929043287 0 0 0 0 0 0 4308.05 75.9989967039039 0.1450773 0.00348589750423044 0 0 0 0 0 0 0 0 0 0 0 0 0 0 0 0 0.9979195 0.00036703780459238 0.9979195 0.00036703780459238 0 0 0 0 0 0 0.12201935 0.00139414483734653 0 0 0 0 0 0 0 0 0 0 0 0 0 0 2987.35 220.99847850155 2987.35 220.99847850155 0 0 0 0 0 0 0.1 1.38777878078145e-17 1 0 0 0 44754255 109742.929043287 0 0 0 0 0 0 0 0 0 0 44754255 109742.929043287 44754255 109742.929043287 0 0 0 0 0 0 0 0 0 0 0 0 0 0 0.12201935 0.00139414483734653 0 0 0 0 0 0 0 0 0 0 0 0 0 0 0.1450773 0.00348589750423044 nan nan nan nan nan nan 99.97454 0.0222198424836894 0 0 0 0 0 0 0 0 
66 44442010 96937.8455506414 44442010 96937.8455506414 0 0 0 0 0 0 4595.9 56.7511233368997 0.15853905 0.00282809086620285 0 0 0 0 0 0 0 0 0 0 0 0 0 0 0 0 0.9978816 0.000236067024380792 0.9978816 0.000236067024380792 0 0 0 0 0 0 0.1307323 0.00113124069498936 0 0 0 0 0 0 0 0 0 0 0 0 0 0 3232.2 223.765636325152 3232.2 223.765636325152 0 0 0 0 0 0 0.1 1.38777878078145e-17 1 0 0 0 44442010 96937.8455506414 0 0 0 0 0 0 0 0 0 0 44442010 96937.8455506414 44442010 96937.8455506414 0 0 0 0 0 0 0 0 0 0 0 0 0 0 0.1307323 0.00113124069498936 0 0 0 0 0 0 0 0 0 0 0 0 0 0 0.15853905 0.00282809086620285 nan nan nan nan nan nan 99.98058 0.0161056077190537 0 0 0 0 0 0 0 0 
68 44132280 100587.9644888 44132280 100587.9644888 0 0 0 0 0 0 4841.1 59.8564115195691 0.1709178 0.00290107548333372 0 0 0 0 0 0 0 0 0 0 0 0 0 0 0 0 0.99759555 0.000357871691392315 0.99759555 0.000357871691392315 0 0 0 0 0 0 0.13963305 0.0013053594706057 0 0 0 0 0 0 0 0 0 0 0 0 0 0 3488.85 271.475463900515 3488.85 271.475463900515 0 0 0 0 0 0 0.1 1.38777878078145e-17 1 0 0 0 44132280 100587.9644888 0 0 0 0 0 0 0 0 0 0 44132280 100587.9644888 44132280 100587.9644888 0 0 0 0 0 0 0 0 0 0 0 0 0 0 0.13963305 0.0013053594706057 0 0 0 0 0 0 0 0 0 0 0 0 0 0 0.1709178 0.00290107548333372 nan nan nan nan nan nan 99.98331 0.0110955351380639 0 0 0 0 0 0 0 0 
70 43854470 98372.913446741 43854470 98372.913446741 0 0 0 0 0 0 5069.6 79.060356690316 0.18248335 0.00423719929051019 0 0 0 0 0 0 0 0 0 0 0 0 0 0 0 0 0.9975631 0.000358237756245765 0.9975631 0.000358237756245765 0 0 0 0 0 0 0.1484497 0.00190429436012398 0 0 0 0 0 0 0 0 0 0 0 0 0 0 3575.55 184.875762337847 3575.55 184.875762337847 0 0 0 0 0 0 0.1 1.38777878078145e-17 1 0 0 0 43854470 98372.913446741 0 0 0 0 0 0 0 0 0 0 43854470 98372.913446741 43854470 98372.913446741 0 0 0 0 0 0 0 0 0 0 0 0 0 0 0.1484497 0.00190429436012398 0 0 0 0 0 0 0 0 0 0 0 0 0 0 0.18248335 0.00423719929051019 nan nan nan nan nan nan 99.983385 0.014707592427041 0 0 0 0 0 0 0 0 
