#1 Nodes,                 #2 AvgThroughput,               #4 totalBKThroughput, 
#6 totalBEThroughput,       #8 totalVIThroughput,           #10 totalVOThroughput,
#12 totalCollisions,        #14 totalBKCollisions,          #16 totalBECollisions,
#18 totalVICollisions,      #20 TotalVOCollisions,          #22 totalInternalCollisions,    
#24 totalBKIntCol,          #26 totalBEIntCol,              #28 totalVIIntCol,
#30 totalVOIntCol,          #32 overallFairness,            #34 BKFairness,
#36 BEFairness,             #38 VIFairness,                 #40 VOFairness,
#42 avgTimeBtSxTxBK,        #44 avgTimeBtSxTxBE,            #46 avgTimeBtSxTxVI,
#48 avgTimeBtSxTxVO,        #50 qEmptyBK,                   #52 qEmptyBE,
#54 qEmptyVI,               #56 qEmptyVO                    #58 totalDropped,
#60 droppedBK,              #62 droppedBE                   #64 droppedVI,
#66 droppedVO               #68 channelErrors               #70 stickiness
#72 totalThroughputUnsat    #74 totalThroughputSat          #76 totalThroughputEDCA
#78 totalBKthroughputEDCA   #80 totalBEthroughputEDCA       #82 totalVIthroughputEDCA
#84 totalVOthroughputEDCA   #86 totalThroughputECA          #88 totalBKthroughputECA
#90 totalBEthroughputECA    #92 totalVIthroughputECA        #94 totalVOthroughputECA
#96 avgTimeBtSxTxBkEDCA     #98 avgTimeBtSxTxBeEDCA         #100 avgTimeBtSxTxViEDCA
#102 avgTimeBtSxTxVoEDCA    #104 avgTimeBtSxTxBkECA         #106 avgTimeBtSxTxBeECA
#108 avgTimeBtSxTxViECA     #110 avgTimeBtSxTxVoECA         #112 BKCollisionsEDCA
#114 BECollisionsEDCA       #116 VICollisionsEDCA           #118 VOCollisionsEDCA
#120 BKCollisionsECA        #122 BECollisionsECA            #124 VICollisionsECA
#126 VOCollisionsEDCA       #128 lastCollision              #130 avgQueuingDelayBK
#132 avgQueuingDelayBE      #134 avgQueuingDelayVI          #136 avgQueuingDelayVO
1 33244350 109518.681054878 33244350 109518.681054878 0 0 0 0 0 0 3 0 4.771936e-05 1.91495590351318e-06 0 0 0 0 0 0 0 0 0 0 0 0 0 0 0 0 1 0 1 0 0 0 0 0 0 0 0.0015907375 6.38443082721553e-05 0 0 0 0 0 0 0 0 0 0 0 0 0 0 0 0 0 0 0 0 0 0 0 0 0.1 1.38777878078145e-17 1 0 0 0 33244350 109518.681054878 0 0 0 0 0 0 0 0 0 0 33244350 109518.681054878 33244350 109518.681054878 0 0 0 0 0 0 0 0 0 0 0 0 0 0 0.0015907375 6.38443082721553e-05 0 0 0 0 0 0 0 0 0 0 0 0 0 0 4.771936e-05 1.91495590351318e-06 nan nan nan nan nan nan 12.2695265 5.09865474425389 50.347815 0.123411244524151 0 0 0 0 0 0 
2 39726730 225699.61475377 39726730 225699.61475377 0 0 0 0 0 0 5.7 0.458257569495584 8.273704e-05 1.1545687604227e-05 0 0 0 0 0 0 0 0 0 0 0 0 0 0 0 0 1 0 1 0 0 0 0 0 0 0 0.0027199355 0.000225823001496194 0 0 0 0 0 0 0 0 0 0 0 0 0 0 0 0 0 0 0 0 0 0 0 0 0.1 1.38777878078145e-17 1 0 0 0 39726730 225699.61475377 0 0 0 0 0 0 0 0 0 0 39726730 225699.61475377 39726730 225699.61475377 0 0 0 0 0 0 0 0 0 0 0 0 0 0 0.0027199355 0.000225823001496194 0 0 0 0 0 0 0 0 0 0 0 0 0 0 8.273704e-05 1.1545687604227e-05 nan nan nan nan nan nan 14.8295715 6.39960340616532 0 0 0 0 0 0 0 0 
3 42305365 426053.737543752 42305365 426053.737543752 0 0 0 0 0 0 7.8 0.678232998312527 0.00011175502 1.40281885568879e-05 0 0 0 0 0 0 0 0 0 0 0 0 0 0 0 0 0.9999999 3.00000000008627e-07 0.9999999 3.00000000008627e-07 0 0 0 0 0 0 0.0037016715 0.000322668058355255 0 0 0 0 0 0 0 0 0 0 0 0 0 0 0 0 0 0 0 0 0 0 0 0 0.1 1.38777878078145e-17 1 0 0 0 42305365 426053.737543752 0 0 0 0 0 0 0 0 0 0 42305365 426053.737543752 42305365 426053.737543752 0 0 0 0 0 0 0 0 0 0 0 0 0 0 0.0037016715 0.000322668058355255 0 0 0 0 0 0 0 0 0 0 0 0 0 0 0.00011175502 1.40281885568879e-05 nan nan nan nan nan nan 24.586224 12.2142743313344 0 0 0 0 0 0 0 0 
4 43968935 496001.58091986 43968935 496001.58091986 0 0 0 0 0 0 9.9 0.830662386291807 0.00016037575 4.03640683057035e-05 0 0 0 0 0 0 0 0 0 0 0 0 0 0 0 0 0.9999996 6.63324958063374e-07 0.9999996 6.63324958063374e-07 0 0 0 0 0 0 0.0050867865 0.000822064537814854 0 0 0 0 0 0 0 0 0 0 0 0 0 0 0 0 0 0 0 0 0 0 0 0 0.1 1.38777878078145e-17 1 0 0 0 43968935 496001.58091986 0 0 0 0 0 0 0 0 0 0 43968935 496001.58091986 43968935 496001.58091986 0 0 0 0 0 0 0 0 0 0 0 0 0 0 0.0050867865 0.000822064537814854 0 0 0 0 0 0 0 0 0 0 0 0 0 0 0.00016037575 4.03640683057035e-05 nan nan nan nan nan nan 31.61390055 21.9167061485402 0 0 0 0 0 0 0 0 
5 45137235 501985.857644416 45137235 501985.857644416 0 0 0 0 0 0 11.4 0.969535971483266 0.00023496645 8.26821978109405e-05 0 0 0 0 0 0 0 0 0 0 0 0 0 0 0 0 0.9999992 5.99999999995049e-07 0.9999992 5.99999999995049e-07 0 0 0 0 0 0 0.0069546595 0.00156911088382713 0 0 0 0 0 0 0 0 0 0 0 0 0 0 0 0 0 0 0 0 0 0 0 0 0.1 1.38777878078145e-17 1 0 0 0 45137235 501985.857644416 0 0 0 0 0 0 0 0 0 0 45137235 501985.857644416 45137235 501985.857644416 0 0 0 0 0 0 0 0 0 0 0 0 0 0 0.0069546595 0.00156911088382713 0 0 0 0 0 0 0 0 0 0 0 0 0 0 0.00023496645 8.26821978109405e-05 nan nan nan nan nan nan 39.9108865 18.7311326372183 0 0 0 0 0 0 0 0 
6 45865530 557162.641515025 45865530 557162.641515025 0 0 0 0 0 0 12.95 1.5644487847162 0.00030416715 9.69845655062057e-05 0 0 0 0 0 0 0 0 0 0 0 0 0 0 0 0 0.99999925 6.22494979895043e-07 0.99999925 6.22494979895043e-07 0 0 0 0 0 0 0.0086378585 0.00177105086306203 0 0 0 0 0 0 0 0 0 0 0 0 0 0 0 0 0 0 0 0 0 0 0 0 0.1 1.38777878078145e-17 1 0 0 0 45865530 557162.641515025 0 0 0 0 0 0 0 0 0 0 45865530 557162.641515025 45865530 557162.641515025 0 0 0 0 0 0 0 0 0 0 0 0 0 0 0.0086378585 0.00177105086306203 0 0 0 0 0 0 0 0 0 0 0 0 0 0 0.00030416715 9.69845655062057e-05 nan nan nan nan nan nan 39.3831383 23.415958920111 0 0 0 0 0 0 0 0 
7 46239660 930928.293371729 46239660 930928.293371729 0 0 0 0 0 0 15.5 1.39642400437689 0.00034806275 0.000161447718666098 0 0 0 0 0 0 0 0 0 0 0 0 0 0 0 0 0.9999988 5.99999999972845e-07 0.9999988 5.99999999972845e-07 0 0 0 0 0 0 0.0097820225 0.00287783888524336 0 0 0 0 0 0 0 0 0 0 0 0 0 0 0 0 0 0 0 0 0 0 0 0 0.1 1.38777878078145e-17 1 0 0 0 46239660 930928.293371729 0 0 0 0 0 0 0 0 0 0 46239660 930928.293371729 46239660 930928.293371729 0 0 0 0 0 0 0 0 0 0 0 0 0 0 0.0097820225 0.00287783888524336 0 0 0 0 0 0 0 0 0 0 0 0 0 0 0.00034806275 0.000161447718666098 nan nan nan nan nan nan 46.90995 25.4208083410717 0 0 0 0 0 0 0 0 
8 46789345 616301.075347918 46789345 616301.075347918 0 0 0 0 0 0 17.2 1.96468827043885 0.0004526613 0.000132069518452253 0 0 0 0 0 0 0 0 0 0 0 0 0 0 0 0 0.9999987 7.14142842832068e-07 0.9999987 7.14142842832068e-07 0 0 0 0 0 0 0.0120842735 0.00230377287906008 0 0 0 0 0 0 0 0 0 0 0 0 0 0 0 0 0 0 0 0 0 0 0 0 0.1 1.38777878078145e-17 1 0 0 0 46789345 616301.075347918 0 0 0 0 0 0 0 0 0 0 46789345 616301.075347918 46789345 616301.075347918 0 0 0 0 0 0 0 0 0 0 0 0 0 0 0.0120842735 0.00230377287906008 0 0 0 0 0 0 0 0 0 0 0 0 0 0 0.0004526613 0.000132069518452253 nan nan nan nan nan nan 55.013445 22.3303347155719 0 0 0 0 0 0 0 0 
9 47284500 782795.457319471 47284500 782795.457319471 0 0 0 0 0 0 18.05 1.80208212909401 0.00056936555 0.000193618718603723 0 0 0 0 0 0 0 0 0 0 0 0 0 0 0 0 0.9999985 7.41619848682239e-07 0.9999985 7.41619848682239e-07 0 0 0 0 0 0 0.014891086 0.00345693340134345 0 0 0 0 0 0 0 0 0 0 0 0 0 0 0.15 0.476969600708473 0.15 0.476969600708473 0 0 0 0 0 0 0.1 1.38777878078145e-17 1 0 0 0 47284500 782795.457319471 0 0 0 0 0 0 0 0 0 0 47284500 782795.457319471 47284500 782795.457319471 0 0 0 0 0 0 0 0 0 0 0 0 0 0 0.014891086 0.00345693340134345 0 0 0 0 0 0 0 0 0 0 0 0 0 0 0.00056936555 0.000193618718603723 nan nan nan nan nan nan 40.2963095 22.0445738730163 0 0 0 0 0 0 0 0 
10 47473600 790802.839524492 47473600 790802.839524492 0 0 0 0 0 0 19.8 1.4 0.0005818131 0.000193877630103088 0 0 0 0 0 0 0 0 0 0 0 0 0 0 0 0 0.9999985 7.41619848682239e-07 0.9999985 7.41619848682239e-07 0 0 0 0 0 0 0.01564586 0.00361002847307331 0 0 0 0 0 0 0 0 0 0 0 0 0 0 0 0 0 0 0 0 0 0 0 0 0.1 1.38777878078145e-17 1 0 0 0 47473600 790802.839524492 0 0 0 0 0 0 0 0 0 0 47473600 790802.839524492 47473600 790802.839524492 0 0 0 0 0 0 0 0 0 0 0 0 0 0 0.01564586 0.00361002847307331 0 0 0 0 0 0 0 0 0 0 0 0 0 0 0.0005818131 0.000193877630103088 nan nan nan nan nan nan 45.5060398 27.2084185365334 0 0 0 0 0 0 0 0 
11 47840250 848834.472379627 47840250 848834.472379627 0 0 0 0 0 0 21.05 2.01183995387307 0.00071769955 0.000269806289932513 0 0 0 0 0 0 0 0 0 0 0 0 0 0 0 0 0.99999835 7.26291952287902e-07 0.99999835 7.26291952287902e-07 0 0 0 0 0 0 0.0185453 0.00465975116063079 0 0 0 0 0 0 0 0 0 0 0 0 0 0 0.05 0.217944947177034 0.05 0.217944947177034 0 0 0 0 0 0 0.1 1.38777878078145e-17 1 0 0 0 47840250 848834.472379627 0 0 0 0 0 0 0 0 0 0 47840250 848834.472379627 47840250 848834.472379627 0 0 0 0 0 0 0 0 0 0 0 0 0 0 0.0185453 0.00465975116063079 0 0 0 0 0 0 0 0 0 0 0 0 0 0 0.00071769955 0.000269806289932513 nan nan nan nan nan nan 41.008281 21.5712813072858 0 0 0 0 0 0 0 0 
12 48120490 674679.280028667 48120490 674679.280028667 0 0 0 0 0 0 22.6 1.71464281994822 0.0007781931 0.000249642459146456 0 0 0 0 0 0 0 0 0 0 0 0 0 0 0 0 0.999998 7.74596669227925e-07 0.999998 7.74596669227925e-07 0 0 0 0 0 0 0.020051065 0.0042941743643307 0 0 0 0 0 0 0 0 0 0 0 0 0 0 0.05 0.217944947177034 0.05 0.217944947177034 0 0 0 0 0 0 0.1 1.38777878078145e-17 1 0 0 0 48120490 674679.280028667 0 0 0 0 0 0 0 0 0 0 48120490 674679.280028667 48120490 674679.280028667 0 0 0 0 0 0 0 0 0 0 0 0 0 0 0.020051065 0.0042941743643307 0 0 0 0 0 0 0 0 0 0 0 0 0 0 0.0007781931 0.000249642459146456 nan nan nan nan nan nan 44.27939375 23.1972893418281 0 0 0 0 0 0 0 0 
13 48189895 679745.507874087 48189895 679745.507874087 0 0 0 0 0 0 24.6 2.41660919471891 0.00092397285 0.000289050898409999 0 0 0 0 0 0 0 0 0 0 0 0 0 0 0 0 0.99999785 9.63068014207462e-07 0.99999785 9.63068014207462e-07 0 0 0 0 0 0 0.02281541 0.00482508334331128 0 0 0 0 0 0 0 0 0 0 0 0 0 0 0.1 0.3 0.1 0.3 0 0 0 0 0 0 0.1 1.38777878078145e-17 1 0 0 0 48189895 679745.507874087 0 0 0 0 0 0 0 0 0 0 48189895 679745.507874087 48189895 679745.507874087 0 0 0 0 0 0 0 0 0 0 0 0 0 0 0.02281541 0.00482508334331128 0 0 0 0 0 0 0 0 0 0 0 0 0 0 0.00092397285 0.000289050898409999 nan nan nan nan nan nan 48.529495 29.2567232735189 0 0 0 0 0 0 0 0 
14 48163860 775420.175388802 48163860 775420.175388802 0 0 0 0 0 0 25.9 2.40624188310319 0.00092874495 0.000319676308417042 0 0 0 0 0 0 0 0 0 0 0 0 0 0 0 0 0.99999805 7.39932429333079e-07 0.99999805 7.39932429333079e-07 0 0 0 0 0 0 0.02344614 0.00542453436613688 0 0 0 0 0 0 0 0 0 0 0 0 0 0 0.05 0.217944947177034 0.05 0.217944947177034 0 0 0 0 0 0 0.1 1.38777878078145e-17 1 0 0 0 48163860 775420.175388802 0 0 0 0 0 0 0 0 0 0 48163860 775420.175388802 48163860 775420.175388802 0 0 0 0 0 0 0 0 0 0 0 0 0 0 0.02344614 0.00542453436613688 0 0 0 0 0 0 0 0 0 0 0 0 0 0 0.00092874495 0.000319676308417042 nan nan nan nan nan nan 51.5739635 27.8512685403002 0 0 0 0 0 0 0 0 
15 48722895 664828.469212172 48722895 664828.469212172 0 0 0 0 0 0 28.15 2.61294852609078 0.00123801065 0.000413075554368359 0 0 0 0 0 0 0 0 0 0 0 0 0 0 0 0 0.99999725 1.04283268075138e-06 0.99999725 1.04283268075138e-06 0 0 0 0 0 0 0.02864084 0.00631273085402823 0 0 0 0 0 0 0 0 0 0 0 0 0 0 0.15 0.476969600708473 0.15 0.476969600708473 0 0 0 0 0 0 0.1 1.38777878078145e-17 1 0 0 0 48722895 664828.469212172 0 0 0 0 0 0 0 0 0 0 48722895 664828.469212172 48722895 664828.469212172 0 0 0 0 0 0 0 0 0 0 0 0 0 0 0.02864084 0.00631273085402823 0 0 0 0 0 0 0 0 0 0 0 0 0 0 0.00123801065 0.000413075554368359 nan nan nan nan nan nan 46.695809 24.8840935394106 0 0 0 0 0 0 0 0 
16 48669840 838111.003626608 48669840 838111.003626608 0 0 0 0 0 0 28.05 2.74727137356323 0.00122040785 0.000380916570500454 0 0 0 0 0 0 0 0 0 0 0 0 0 0 0 0 0.99999745 9.20597631974532e-07 0.99999745 9.20597631974532e-07 0 0 0 0 0 0 0.02956706 0.00674665642532655 0 0 0 0 0 0 0 0 0 0 0 0 0 0 0.35 0.726291952316698 0.35 0.726291952316698 0 0 0 0 0 0 0.1 1.38777878078145e-17 1 0 0 0 48669840 838111.003626608 0 0 0 0 0 0 0 0 0 0 48669840 838111.003626608 48669840 838111.003626608 0 0 0 0 0 0 0 0 0 0 0 0 0 0 0.02956706 0.00674665642532655 0 0 0 0 0 0 0 0 0 0 0 0 0 0 0.00122040785 0.000380916570500454 nan nan nan nan nan nan 52.525365 29.2906591010738 0 0 0 0 0 0 0 0 
17 48974475 888476.914655074 48974475 888476.914655074 0 0 0 0 0 0 30.55 3.21675302129337 0.0014096138 0.000429839717911758 0 0 0 0 0 0 0 0 0 0 0 0 0 0 0 0 0.9999968 1.12249721603973e-06 0.9999968 1.12249721603973e-06 0 0 0 0 0 0 0.032891565 0.00739026232242638 0 0 0 0 0 0 0 0 0 0 0 0 0 0 0.25 0.433012701892219 0.25 0.433012701892219 0 0 0 0 0 0 0.1 1.38777878078145e-17 1 0 0 0 48974475 888476.914655074 0 0 0 0 0 0 0 0 0 0 48974475 888476.914655074 48974475 888476.914655074 0 0 0 0 0 0 0 0 0 0 0 0 0 0 0.032891565 0.00739026232242638 0 0 0 0 0 0 0 0 0 0 0 0 0 0 0.0014096138 0.000429839717911758 nan nan nan nan nan nan 40.51874 20.2954353824548 0 0 0 0 0 0 0 0 
18 49319780 725298.059145342 49319780 725298.059145342 0 0 0 0 0 0 32.4 3.77359245282264 0.0015891967 0.000415347368636073 0 0 0 0 0 0 0 0 0 0 0 0 0 0 0 0 0.9999971 1.17898261227117e-06 0.9999971 1.17898261227117e-06 0 0 0 0 0 0 0.03701844 0.00657065241101673 0 0 0 0 0 0 0 0 0 0 0 0 0 0 0.3 0.556776436283002 0.3 0.556776436283002 0 0 0 0 0 0 0.1 1.38777878078145e-17 1 0 0 0 49319780 725298.059145342 0 0 0 0 0 0 0 0 0 0 49319780 725298.059145342 49319780 725298.059145342 0 0 0 0 0 0 0 0 0 0 0 0 0 0 0.03701844 0.00657065241101673 0 0 0 0 0 0 0 0 0 0 0 0 0 0 0.0015891967 0.000415347368636073 nan nan nan nan nan nan 49.93516595 27.818140302479 0 0 0 0 0 0 0 0 
19 49552745 518051.591518644 49552745 518051.591518644 0 0 0 0 0 0 34.2 2.97657521322744 0.001704349 0.000387806647375983 0 0 0 0 0 0 0 0 0 0 0 0 0 0 0 0 0.99999655 1.07121426429902e-06 0.99999655 1.07121426429902e-06 0 0 0 0 0 0 0.039458555 0.00590266721774784 0 0 0 0 0 0 0 0 0 0 0 0 0 0 0.3 0.556776436283002 0.3 0.556776436283002 0 0 0 0 0 0 0.1 1.38777878078145e-17 1 0 0 0 49552745 518051.591518644 0 0 0 0 0 0 0 0 0 0 49552745 518051.591518644 49552745 518051.591518644 0 0 0 0 0 0 0 0 0 0 0 0 0 0 0.039458555 0.00590266721774784 0 0 0 0 0 0 0 0 0 0 0 0 0 0 0.001704349 0.000387806647375983 nan nan nan nan nan nan 41.76466 25.0690341809851 0 0 0 0 0 0 0 0 
20 49558225 738859.719347996 49558225 738859.719347996 0 0 0 0 0 0 35.4 3.90384425918863 0.0018436115 0.000498656847223369 0 0 0 0 0 0 0 0 0 0 0 0 0 0 0 0 0.999997 9.4868329806024e-07 0.999997 9.4868329806024e-07 0 0 0 0 0 0 0.04233634 0.00809703868648286 0 0 0 0 0 0 0 0 0 0 0 0 0 0 0.5 0.741619848709566 0.5 0.741619848709566 0 0 0 0 0 0 0.1 1.38777878078145e-17 1 0 0 0 49558225 738859.719347996 0 0 0 0 0 0 0 0 0 0 49558225 738859.719347996 49558225 738859.719347996 0 0 0 0 0 0 0 0 0 0 0 0 0 0 0.04233634 0.00809703868648286 0 0 0 0 0 0 0 0 0 0 0 0 0 0 0.0018436115 0.000498656847223369 nan nan nan nan nan nan 45.4510253 31.8805074434584 0 0 0 0 0 0 0 0 
21 49545640 585672.341330884 49545640 585672.341330884 0 0 0 0 0 0 35.75 3.20741328799392 0.0018455685 0.000366159163551522 0 0 0 0 0 0 0 0 0 0 0 0 0 0 0 0 0.99999625 1.08972473590504e-06 0.99999625 1.08972473590504e-06 0 0 0 0 0 0 0.04343489 0.00597636206616534 0 0 0 0 0 0 0 0 0 0 0 0 0 0 0.4 0.58309518948453 0.4 0.58309518948453 0 0 0 0 0 0 0.1 1.38777878078145e-17 1 0 0 0 49545640 585672.341330884 0 0 0 0 0 0 0 0 0 0 49545640 585672.341330884 49545640 585672.341330884 0 0 0 0 0 0 0 0 0 0 0 0 0 0 0.04343489 0.00597636206616534 0 0 0 0 0 0 0 0 0 0 0 0 0 0 0.0018455685 0.000366159163551522 nan nan nan nan nan nan 40.39507005 29.8740369430676 0 0 0 0 0 0 0 0 
22 49761565 578796.342658625 49761565 578796.342658625 0 0 0 0 0 0 38.9 3.08058436014987 0.0020784915 0.000544390927379168 0 0 0 0 0 0 0 0 0 0 0 0 0 0 0 0 0.99999595 1.53215534462352e-06 0.99999595 1.53215534462352e-06 0 0 0 0 0 0 0.04736513 0.00835495923054685 0 0 0 0 0 0 0 0 0 0 0 0 0 0 0.85 0.963068014212911 0.85 0.963068014212911 0 0 0 0 0 0 0.1 1.38777878078145e-17 1 0 0 0 49761565 578796.342658625 0 0 0 0 0 0 0 0 0 0 49761565 578796.342658625 49761565 578796.342658625 0 0 0 0 0 0 0 0 0 0 0 0 0 0 0.04736513 0.00835495923054685 0 0 0 0 0 0 0 0 0 0 0 0 0 0 0.0020784915 0.000544390927379168 nan nan nan nan nan nan 47.88950595 30.7040724959202 0 0 0 0 0 0 0 0 
23 50009205 597984.061221535 50009205 597984.061221535 0 0 0 0 0 0 39.45 3.57036412708844 0.002255482 0.000569282389764517 0 0 0 0 0 0 0 0 0 0 0 0 0 0 0 0 0.9999953 1.18743420870288e-06 0.9999953 1.18743420870288e-06 0 0 0 0 0 0 0.05133245 0.00936611843681789 0 0 0 0 0 0 0 0 0 0 0 0 0 0 0.95 1.43090880212542 0.95 1.43090880212542 0 0 0 0 0 0 0.1 1.38777878078145e-17 1 0 0 0 50009205 597984.061221535 0 0 0 0 0 0 0 0 0 0 50009205 597984.061221535 50009205 597984.061221535 0 0 0 0 0 0 0 0 0 0 0 0 0 0 0.05133245 0.00936611843681789 0 0 0 0 0 0 0 0 0 0 0 0 0 0 0.002255482 0.000569282389764517 nan nan nan nan nan nan 44.2898258 31.9924340264394 0 0 0 0 0 0 0 0 
24 50261875 451970.242244996 50261875 451970.242244996 0 0 0 0 0 0 42.05 4.20089276225899 0.0025001165 0.000514068419524824 0 0 0 0 0 0 0 0 0 0 0 0 0 0 0 0 0.9999961 1.09087121147357e-06 0.9999961 1.09087121147357e-06 0 0 0 0 0 0 0.05592395 0.00734254941328283 0 0 0 0 0 0 0 0 0 0 0 0 0 0 0.9 2.36431808350738 0.9 2.36431808350738 0 0 0 0 0 0 0.1 1.38777878078145e-17 1 0 0 0 50261875 451970.242244996 0 0 0 0 0 0 0 0 0 0 50261875 451970.242244996 50261875 451970.242244996 0 0 0 0 0 0 0 0 0 0 0 0 0 0 0.05592395 0.00734254941328283 0 0 0 0 0 0 0 0 0 0 0 0 0 0 0.0025001165 0.000514068419524824 nan nan nan nan nan nan 38.2460291 30.0634992337031 0 0 0 0 0 0 0 0 
25 50024745 576875.749598646 50024745 576875.749598646 0 0 0 0 0 0 41.05 3.58434094360456 0.002367725 0.000494920215423658 0 0 0 0 0 0 0 0 0 0 0 0 0 0 0 0 0.99999515 1.19478031453854e-06 0.99999515 1.19478031453854e-06 0 0 0 0 0 0 0.054196 0.00807978914644436 0 0 0 0 0 0 0 0 0 0 0 0 0 0 0.8 0.748331477354788 0.8 0.748331477354788 0 0 0 0 0 0 0.1 1.38777878078145e-17 1 0 0 0 50024745 576875.749598646 0 0 0 0 0 0 0 0 0 0 50024745 576875.749598646 50024745 576875.749598646 0 0 0 0 0 0 0 0 0 0 0 0 0 0 0.054196 0.00807978914644436 0 0 0 0 0 0 0 0 0 0 0 0 0 0 0.002367725 0.000494920215423658 nan nan nan nan nan nan 32.1580627 35.193380283348 0 0 0 0 0 0 0 0 
26 50484200 464169.688799258 50484200 464169.688799258 0 0 0 0 0 0 45.8 3.69594372251527 0.0029343905 0.000589101485564881 0 0 0 0 0 0 0 0 0 0 0 0 0 0 0 0 0.99999465 1.42390308658456e-06 0.99999465 1.42390308658456e-06 0 0 0 0 0 0 0.064066395 0.00877996570685074 0 0 0 0 0 0 0 0 0 0 0 0 0 0 1.55 1.93584606826059 1.55 1.93584606826059 0 0 0 0 0 0 0.1 1.38777878078145e-17 1 0 0 0 50484200 464169.688799258 0 0 0 0 0 0 0 0 0 0 50484200 464169.688799258 50484200 464169.688799258 0 0 0 0 0 0 0 0 0 0 0 0 0 0 0.064066395 0.00877996570685074 0 0 0 0 0 0 0 0 0 0 0 0 0 0 0.0029343905 0.000589101485564881 nan nan nan nan nan nan 35.00277755 28.482698989668 0 0 0 0 0 0 0 0 
27 50339940 649984.622433485 50339940 649984.622433485 0 0 0 0 0 0 45 3.88587184554509 0.0028323125 0.000579933881454386 0 0 0 0 0 0 0 0 0 0 0 0 0 0 0 0 0.99999385 1.45859521457052e-06 0.99999385 1.45859521457052e-06 0 0 0 0 0 0 0.063616235 0.00944291588664619 0 0 0 0 0 0 0 0 0 0 0 0 0 0 1.15 1.58981130955846 1.15 1.58981130955846 0 0 0 0 0 0 0.1 1.38777878078145e-17 1 0 0 0 50339940 649984.622433485 0 0 0 0 0 0 0 0 0 0 50339940 649984.622433485 50339940 649984.622433485 0 0 0 0 0 0 0 0 0 0 0 0 0 0 0.063616235 0.00944291588664619 0 0 0 0 0 0 0 0 0 0 0 0 0 0 0.0028323125 0.000579933881454386 nan nan nan nan nan nan 28.15389265 27.2912219877702 0 0 0 0 0 0 0 0 
28 50652645 611064.708909785 50652645 611064.708909785 0 0 0 0 0 0 48.75 4.63546114210873 0.003180946 0.000760748316228173 0 0 0 0 0 0 0 0 0 0 0 0 0 0 0 0 0.99999365 1.23592070942392e-06 0.99999365 1.23592070942392e-06 0 0 0 0 0 0 0.06929175 0.0119221279185177 0 0 0 0 0 0 0 0 0 0 0 0 0 0 2.1 3.89743505398101 2.1 3.89743505398101 0 0 0 0 0 0 0.1 1.38777878078145e-17 1 0 0 0 50652645 611064.708909785 0 0 0 0 0 0 0 0 0 0 50652645 611064.708909785 50652645 611064.708909785 0 0 0 0 0 0 0 0 0 0 0 0 0 0 0.06929175 0.0119221279185177 0 0 0 0 0 0 0 0 0 0 0 0 0 0 0.003180946 0.000760748316228173 nan nan nan nan nan nan 26.24028505 34.0542165582538 0 0 0 0 0 0 0 0 
29 50532820 659795.471794101 50532820 659795.471794101 0 0 0 0 0 0 49.4 4.40908153700972 0.0032394415 0.000716638436893215 0 0 0 0 0 0 0 0 0 0 0 0 0 0 0 0 0.99999365 1.62095650773159e-06 0.99999365 1.62095650773159e-06 0 0 0 0 0 0 0.07060825 0.0110011772705697 0 0 0 0 0 0 0 0 0 0 0 0 0 0 1.5 1.71755640373177 1.5 1.71755640373177 0 0 0 0 0 0 0.1 1.38777878078145e-17 1 0 0 0 50532820 659795.471794101 0 0 0 0 0 0 0 0 0 0 50532820 659795.471794101 50532820 659795.471794101 0 0 0 0 0 0 0 0 0 0 0 0 0 0 0.07060825 0.0110011772705697 0 0 0 0 0 0 0 0 0 0 0 0 0 0 0.0032394415 0.000716638436893215 nan nan nan nan nan nan 36.04126455 32.6203350485663 0 0 0 0 0 0 0 0 
30 50773240 613029.499616454 50773240 613029.499616454 0 0 0 0 0 0 52.45 4.5549423706563 0.0035763435 0.000677580363567857 0 0 0 0 0 0 0 0 0 0 0 0 0 0 0 0 0.9999931 2.04694894905131e-06 0.9999931 2.04694894905131e-06 0 0 0 0 0 0 0.076693315 0.010797717489927 0 0 0 0 0 0 0 0 0 0 0 0 0 0 1.6 1.42828568570857 1.6 1.42828568570857 0 0 0 0 0 0 0.1 1.38777878078145e-17 1 0 0 0 50773240 613029.499616454 0 0 0 0 0 0 0 0 0 0 50773240 613029.499616454 50773240 613029.499616454 0 0 0 0 0 0 0 0 0 0 0 0 0 0 0.076693315 0.010797717489927 0 0 0 0 0 0 0 0 0 0 0 0 0 0 0.0035763435 0.000677580363567857 nan nan nan nan nan nan 29.53625215 36.2334221030234 0 0 0 0 0 0 0 0 
31 50806250 368939.638016844 50806250 368939.638016844 0 0 0 0 0 0 54.4 4.56508488420533 0.0036279055 0.000532636012756132 0 0 0 0 0 0 0 0 0 0 0 0 0 0 0 0 0.99999325 2.4057223447398e-06 0.99999325 2.4057223447398e-06 0 0 0 0 0 0 0.07811501 0.00804790221566465 0 0 0 0 0 0 0 0 0 0 0 0 0 0 1.4 1.35646599662505 1.4 1.35646599662505 0 0 0 0 0 0 0.1 1.38777878078145e-17 1 0 0 0 50806250 368939.638016844 0 0 0 0 0 0 0 0 0 0 50806250 368939.638016844 50806250 368939.638016844 0 0 0 0 0 0 0 0 0 0 0 0 0 0 0.07811501 0.00804790221566465 0 0 0 0 0 0 0 0 0 0 0 0 0 0 0.0036279055 0.000532636012756132 nan nan nan nan nan nan 25.52823005 28.6949813063451 0 0 0 0 0 0 0 0 
32 51055905 455723.918041395 51055905 455723.918041395 0 0 0 0 0 0 56.55 5.06433608679361 0.0040585585 0.000705480693522332 0 0 0 0 0 0 0 0 0 0 0 0 0 0 0 0 0.9999927 2.02731349326035e-06 0.9999927 2.02731349326035e-06 0 0 0 0 0 0 0.085572145 0.0103354335302625 0 0 0 0 0 0 0 0 0 0 0 0 0 0 2.3 2.70370116691915 2.3 2.70370116691915 0 0 0 0 0 0 0.1 1.38777878078145e-17 1 0 0 0 51055905 455723.918041395 0 0 0 0 0 0 0 0 0 0 51055905 455723.918041395 51055905 455723.918041395 0 0 0 0 0 0 0 0 0 0 0 0 0 0 0.085572145 0.0103354335302625 0 0 0 0 0 0 0 0 0 0 0 0 0 0 0.0040585585 0.000705480693522332 nan nan nan nan nan nan 28.402983 33.1017674355208 0 0 0 0 0 0 0 0 
33 51234860 524561.520128955 51234860 524561.520128955 0 0 0 0 0 0 59.05 4.73787927241714 0.0044657775 0.000758695744688706 0 0 0 0 0 0 0 0 0 0 0 0 0 0 0 0 0.9999921 2.02237484161289e-06 0.9999921 2.02237484161289e-06 0 0 0 0 0 0 0.092556425 0.010634376590185 0 0 0 0 0 0 0 0 0 0 0 0 0 0 2.6 2.55734237050888 2.6 2.55734237050888 0 0 0 0 0 0 0.1 1.38777878078145e-17 1 0 0 0 51234860 524561.520128955 0 0 0 0 0 0 0 0 0 0 51234860 524561.520128955 51234860 524561.520128955 0 0 0 0 0 0 0 0 0 0 0 0 0 0 0.092556425 0.010634376590185 0 0 0 0 0 0 0 0 0 0 0 0 0 0 0.0044657775 0.000758695744688706 nan nan nan nan nan nan 21.2457618 27.7986008067564 0 0 0 0 0 0 0 0 
34 51082700 479217.283703332 51082700 479217.283703332 0 0 0 0 0 0 58.4 5.35163526410386 0.0042672675 0.000773249341221026 0 0 0 0 0 0 0 0 0 0 0 0 0 0 0 0 0.99999165 1.52561463023107e-06 0.99999165 1.52561463023107e-06 0 0 0 0 0 0 0.09098547 0.0113419973908082 0 0 0 0 0 0 0 0 0 0 0 0 0 0 3.05 4.14095399636364 3.05 4.14095399636364 0 0 0 0 0 0 0.1 1.38777878078145e-17 1 0 0 0 51082700 479217.283703332 0 0 0 0 0 0 0 0 0 0 51082700 479217.283703332 51082700 479217.283703332 0 0 0 0 0 0 0 0 0 0 0 0 0 0 0.09098547 0.0113419973908082 0 0 0 0 0 0 0 0 0 0 0 0 0 0 0.0042672675 0.000773249341221026 nan nan nan nan nan nan 18.4034131 26.7410023204802 0 0 0 0 0 0 0 0 
35 51132805 533956.439679306 51132805 533956.439679306 0 0 0 0 0 0 60.45 6.03717649236794 0.0044577135 0.000847927275833694 0 0 0 0 0 0 0 0 0 0 0 0 0 0 0 0 0.9999907 2.84780617317848e-06 0.9999907 2.84780617317848e-06 0 0 0 0 0 0 0.094803375 0.012509268925196 0 0 0 0 0 0 0 0 0 0 0 0 0 0 1.85 1.95639975465138 1.85 1.95639975465138 0 0 0 0 0 0 0.1 1.38777878078145e-17 1 0 0 0 51132805 533956.439679306 0 0 0 0 0 0 0 0 0 0 51132805 533956.439679306 51132805 533956.439679306 0 0 0 0 0 0 0 0 0 0 0 0 0 0 0.094803375 0.012509268925196 0 0 0 0 0 0 0 0 0 0 0 0 0 0 0.0044577135 0.000847927275833694 nan nan nan nan nan nan 9.94044385 24.1507417748558 0 0 0 0 0 0 0 0 
36 51433975 451968.86272729 51433975 451968.86272729 0 0 0 0 0 0 65.1 6.02411819273161 0.0051116145 0.000820504266152681 0 0 0 0 0 0 0 0 0 0 0 0 0 0 0 0 0.99999065 2.55489725820458e-06 0.99999065 2.55489725820458e-06 0 0 0 0 0 0 0.10427776 0.0107969390039677 0 0 0 0 0 0 0 0 0 0 0 0 0 0 2.6 2.69072480941474 2.6 2.69072480941474 0 0 0 0 0 0 0.1 1.38777878078145e-17 1 0 0 0 51433975 451968.86272729 0 0 0 0 0 0 0 0 0 0 51433975 451968.86272729 51433975 451968.86272729 0 0 0 0 0 0 0 0 0 0 0 0 0 0 0.10427776 0.0107969390039677 0 0 0 0 0 0 0 0 0 0 0 0 0 0 0.0051116145 0.000820504266152681 nan nan nan nan nan nan 12.78268055 23.8766428173379 0 0 0 0 0 0 0 0 
37 51626360 326024.269648749 51626360 326024.269648749 0 0 0 0 0 0 67.9 6.26019169035582 0.0054256005 0.000815659132563812 0 0 0 0 0 0 0 0 0 0 0 0 0 0 0 0 0.9999912 2.71293199324832e-06 0.9999912 2.71293199324832e-06 0 0 0 0 0 0 0.110608765 0.0107921988162411 0 0 0 0 0 0 0 0 0 0 0 0 0 0 2.15 2.10416254125008 2.15 2.10416254125008 0 0 0 0 0 0 0.1 1.38777878078145e-17 1 0 0 0 51626360 326024.269648749 0 0 0 0 0 0 0 0 0 0 51626360 326024.269648749 51626360 326024.269648749 0 0 0 0 0 0 0 0 0 0 0 0 0 0 0.110608765 0.0107921988162411 0 0 0 0 0 0 0 0 0 0 0 0 0 0 0.0054256005 0.000815659132563812 nan nan nan nan nan nan 9.11075415 20.0408089454116 0 0 0 0 0 0 0 0 
38 51643295 471479.832522028 51643295 471479.832522028 0 0 0 0 0 0 68.8 7.06116137756389 0.0055553925 0.00107984135064775 0 0 0 0 0 0 0 0 0 0 0 0 0 0 0 0 0.9999927 2.00249843945139e-06 0.9999927 2.00249843945139e-06 0 0 0 0 0 0 0.113415755 0.0146109431492794 0 0 0 0 0 0 0 0 0 0 0 0 0 0 4.4 4.15210789840534 4.4 4.15210789840534 0 0 0 0 0 0 0.1 1.38777878078145e-17 1 0 0 0 51643295 471479.832522028 0 0 0 0 0 0 0 0 0 0 51643295 471479.832522028 51643295 471479.832522028 0 0 0 0 0 0 0 0 0 0 0 0 0 0 0.113415755 0.0146109431492794 0 0 0 0 0 0 0 0 0 0 0 0 0 0 0.0055553925 0.00107984135064775 nan nan nan nan nan nan 11.7080911 24.6154046513889 0 0 0 0 0 0 0 0 
39 51663665 495409.827592267 51663665 495409.827592267 0 0 0 0 0 0 70.65 7.824800316941 0.005682624 0.0011202814823445 0 0 0 0 0 0 0 0 0 0 0 0 0 0 0 0 0.99999105 3.33878720495165e-06 0.99999105 3.33878720495165e-06 0 0 0 0 0 0 0.115765165 0.0154216429134925 0 0 0 0 0 0 0 0 0 0 0 0 0 0 3.25 3.25384388070479 3.25 3.25384388070479 0 0 0 0 0 0 0.1 1.38777878078145e-17 1 0 0 0 51663665 495409.827592267 0 0 0 0 0 0 0 0 0 0 51663665 495409.827592267 51663665 495409.827592267 0 0 0 0 0 0 0 0 0 0 0 0 0 0 0.115765165 0.0154216429134925 0 0 0 0 0 0 0 0 0 0 0 0 0 0 0.005682624 0.0011202814823445 nan nan nan nan nan nan 7.6119103 15.2702255371376 0 0 0 0 0 0 0 0 
40 51750960 325579.943178323 51750960 325579.943178323 0 0 0 0 0 0 73 5.32916503778969 0.006090695 0.000817539127568216 0 0 0 0 0 0 0 0 0 0 0 0 0 0 0 0 0.99999 3.000000000003e-06 0.99999 3.000000000003e-06 0 0 0 0 0 0 0.123564545 0.0112507420023514 0 0 0 0 0 0 0 0 0 0 0 0 0 0 3.25 3.97334871361676 3.25 3.97334871361676 0 0 0 0 0 0 0.1 1.38777878078145e-17 1 0 0 0 51750960 325579.943178323 0 0 0 0 0 0 0 0 0 0 51750960 325579.943178323 51750960 325579.943178323 0 0 0 0 0 0 0 0 0 0 0 0 0 0 0.123564545 0.0112507420023514 0 0 0 0 0 0 0 0 0 0 0 0 0 0 0.006090695 0.000817539127568216 nan nan nan nan nan nan 11.4982948 24.4794042252717 0 0 0 0 0 0 0 0 
41 51822525 357820.61270279 51822525 357820.61270279 0 0 0 0 0 0 75 6.18869937870632 0.0062800905 0.000851458721057427 0 0 0 0 0 0 0 0 0 0 0 0 0 0 0 0 0.99999065 2.24220873247253e-06 0.99999065 2.24220873247253e-06 0 0 0 0 0 0 0.1267259 0.012281119504752 0 0 0 0 0 0 0 0 0 0 0 0 0 0 4 3.33166624979154 4 3.33166624979154 0 0 0 0 0 0 0.1 1.38777878078145e-17 1 0 0 0 51822525 357820.61270279 0 0 0 0 0 0 0 0 0 0 51822525 357820.61270279 51822525 357820.61270279 0 0 0 0 0 0 0 0 0 0 0 0 0 0 0.1267259 0.012281119504752 0 0 0 0 0 0 0 0 0 0 0 0 0 0 0.0062800905 0.000851458721057427 nan nan nan nan nan nan 12.184122 26.6882018205621 0 0 0 0 0 0 0 0 
42 51822685 364664.006004157 51822685 364664.006004157 0 0 0 0 0 0 75.7 6.97208720542134 0.0063627875 0.00101340675737768 0 0 0 0 0 0 0 0 0 0 0 0 0 0 0 0 0.9999871 2.99833287012052e-06 0.9999871 2.99833287012052e-06 0 0 0 0 0 0 0.128354 0.0133123409624303 0 0 0 0 0 0 0 0 0 0 0 0 0 0 3.05 2.61677282162591 3.05 2.61677282162591 0 0 0 0 0 0 0.1 1.38777878078145e-17 1 0 0 0 51822685 364664.006004157 0 0 0 0 0 0 0 0 0 0 51822685 364664.006004157 51822685 364664.006004157 0 0 0 0 0 0 0 0 0 0 0 0 0 0 0.128354 0.0133123409624303 0 0 0 0 0 0 0 0 0 0 0 0 0 0 0.0063627875 0.00101340675737768 nan nan nan nan nan nan 9.64581885 22.7891467546549 0 0 0 0 0 0 0 0 
43 51745080 292258.378151936 51745080 292258.378151936 0 0 0 0 0 0 75.45 4.73787927241714 0.006235335 0.000792394641018602 0 0 0 0 0 0 0 0 0 0 0 0 0 0 0 0 0.99998845 3.12209865315684e-06 0.99998845 3.12209865315684e-06 0 0 0 0 0 0 0.128108745 0.0110082840422781 0 0 0 0 0 0 0 0 0 0 0 0 0 0 3.25 1.99687255477159 3.25 1.99687255477159 0 0 0 0 0 0 0.1 1.38777878078145e-17 1 0 0 0 51745080 292258.378151936 0 0 0 0 0 0 0 0 0 0 51745080 292258.378151936 51745080 292258.378151936 0 0 0 0 0 0 0 0 0 0 0 0 0 0 0.128108745 0.0110082840422781 0 0 0 0 0 0 0 0 0 0 0 0 0 0 0.006235335 0.000792394641018602 nan nan nan nan nan nan 5.76633775 11.8859227385038 0 0 0 0 0 0 0 0 
44 51830680 368149.52614393 51830680 368149.52614393 0 0 0 0 0 0 78.1 7.73886296557834 0.006543129 0.00093224575832717 0 0 0 0 0 0 0 0 0 0 0 0 0 0 0 0 0.99998805 2.3973944189443e-06 0.99998805 2.3973944189443e-06 0 0 0 0 0 0 0.13335715 0.0126034097897156 0 0 0 0 0 0 0 0 0 0 0 0 0 0 2.35 1.68151717208002 2.35 1.68151717208002 0 0 0 0 0 0 0.1 1.38777878078145e-17 1 0 0 0 51830680 368149.52614393 0 0 0 0 0 0 0 0 0 0 51830680 368149.52614393 51830680 368149.52614393 0 0 0 0 0 0 0 0 0 0 0 0 0 0 0.13335715 0.0126034097897156 0 0 0 0 0 0 0 0 0 0 0 0 0 0 0.006543129 0.00093224575832717 nan nan nan nan nan nan 7.430988 10.8272509691461 0 0 0 0 0 0 0 0 
45 52072565 299599.125958338 52072565 299599.125958338 0 0 0 0 0 0 83 6.98569967862919 0.007382856 0.000930313749846792 0 0 0 0 0 0 0 0 0 0 0 0 0 0 0 0 0.9999874 3.07245829914835e-06 0.9999874 3.07245829914835e-06 0 0 0 0 0 0 0.1457325 0.0131713401804828 0 0 0 0 0 0 0 0 0 0 0 0 0 0 4.2 2.85657137141714 4.2 2.85657137141714 0 0 0 0 0 0 0.1 1.38777878078145e-17 1 0 0 0 52072565 299599.125958338 0 0 0 0 0 0 0 0 0 0 52072565 299599.125958338 52072565 299599.125958338 0 0 0 0 0 0 0 0 0 0 0 0 0 0 0.1457325 0.0131713401804828 0 0 0 0 0 0 0 0 0 0 0 0 0 0 0.007382856 0.000930313749846792 nan nan nan nan nan nan 10.0384975 21.7870408819149 0 0 0 0 0 0 0 0 
46 52049250 231882.290181894 52049250 231882.290181894 0 0 0 0 0 0 82.35 4.92214384186403 0.007134767 0.000692914739806421 0 0 0 0 0 0 0 0 0 0 0 0 0 0 0 0 0.99998865 2.17428149051714e-06 0.99998865 2.17428149051714e-06 0 0 0 0 0 0 0.1447988 0.00898727931912656 0 0 0 0 0 0 0 0 0 0 0 0 0 0 4 2.96647939483827 4 2.96647939483827 0 0 0 0 0 0 0.1 1.38777878078145e-17 1 0 0 0 52049250 231882.290181894 0 0 0 0 0 0 0 0 0 0 52049250 231882.290181894 52049250 231882.290181894 0 0 0 0 0 0 0 0 0 0 0 0 0 0 0.1447988 0.00898727931912656 0 0 0 0 0 0 0 0 0 0 0 0 0 0 0.007134767 0.000692914739806421 nan nan nan nan nan nan 5.35203375 17.8284866491519 0 0 0 0 0 0 0 0 
47 52165760 269765.220886607 52165760 269765.220886607 0 0 0 0 0 0 88.35 6.94460222042991 0.007783243 0.00088289162264176 0 0 0 0 0 0 0 0 0 0 0 0 0 0 0 0 0.99998775 3.12849804218583e-06 0.99998775 3.12849804218583e-06 0 0 0 0 0 0 0.1537933 0.0113766076055211 0 0 0 0 0 0 0 0 0 0 0 0 0 0 2.7 1.58429795177549 2.7 1.58429795177549 0 0 0 0 0 0 0.1 1.38777878078145e-17 1 0 0 0 52165760 269765.220886607 0 0 0 0 0 0 0 0 0 0 52165760 269765.220886607 52165760 269765.220886607 0 0 0 0 0 0 0 0 0 0 0 0 0 0 0.1537933 0.0113766076055211 0 0 0 0 0 0 0 0 0 0 0 0 0 0 0.007783243 0.00088289162264176 nan nan nan nan nan nan 2.2247809 4.68383522523772 0 0 0 0 0 0 0 0 
48 52174155 200888.968027117 52174155 200888.968027117 0 0 0 0 0 0 88.2 5.33479146733966 0.007779724 0.000627848543180599 0 0 0 0 0 0 0 0 0 0 0 0 0 0 0 0 0.99998725 2.25554871373686e-06 0.99998725 2.25554871373686e-06 0 0 0 0 0 0 0.15543825 0.00841005168161885 0 0 0 0 0 0 0 0 0 0 0 0 0 0 4.35 2.26439837484485 4.35 2.26439837484485 0 0 0 0 0 0 0.1 1.38777878078145e-17 1 0 0 0 52174155 200888.968027117 0 0 0 0 0 0 0 0 0 0 52174155 200888.968027117 52174155 200888.968027117 0 0 0 0 0 0 0 0 0 0 0 0 0 0 0.15543825 0.00841005168161885 0 0 0 0 0 0 0 0 0 0 0 0 0 0 0.007779724 0.000627848543180599 nan nan nan nan nan nan 6.73815795 15.3351932741865 0 0 0 0 0 0 0 0 
49 52213385 297131.331695262 52213385 297131.331695262 0 0 0 0 0 0 89.6 6.82202316032422 0.0081007695 0.00098963448435003 0 0 0 0 0 0 0 0 0 0 0 0 0 0 0 0 0.9999873 2.98496231131438e-06 0.9999873 2.98496231131438e-06 0 0 0 0 0 0 0.1603927 0.0139849661533377 0 0 0 0 0 0 0 0 0 0 0 0 0 0 4.35 3.73195659138742 4.35 3.73195659138742 0 0 0 0 0 0 0.1 1.38777878078145e-17 1 0 0 0 52213385 297131.331695262 0 0 0 0 0 0 0 0 0 0 52213385 297131.331695262 52213385 297131.331695262 0 0 0 0 0 0 0 0 0 0 0 0 0 0 0.1603927 0.0139849661533377 0 0 0 0 0 0 0 0 0 0 0 0 0 0 0.0081007695 0.00098963448435003 nan nan nan nan nan nan 8.20707805 21.1189953389364 0 0 0 0 0 0 0 0 
50 52305175 245662.2760519 52305175 245662.2760519 0 0 0 0 0 0 94.35 7.84394671068079 0.0087183415 0.00104015004054836 0 0 0 0 0 0 0 0 0 0 0 0 0 0 0 0 0.99998585 3.94049489278297e-06 0.99998585 3.94049489278297e-06 0 0 0 0 0 0 0.1689796 0.0125911365706198 0 0 0 0 0 0 0 0 0 0 0 0 0 0 6.85 5.5792024519639 6.85 5.5792024519639 0 0 0 0 0 0 0.1 1.38777878078145e-17 1 0 0 0 52305175 245662.2760519 0 0 0 0 0 0 0 0 0 0 52305175 245662.2760519 52305175 245662.2760519 0 0 0 0 0 0 0 0 0 0 0 0 0 0 0.1689796 0.0125911365706198 0 0 0 0 0 0 0 0 0 0 0 0 0 0 0.0087183415 0.00104015004054836 nan nan nan nan nan nan 1.5845732 0.729112671146415 0 0 0 0 0 0 0 0 
