#1 Nodes,                 #2 AvgThroughput,               #4 totalBKThroughput, 
#6 totalBEThroughput,       #8 totalVIThroughput,           #10 totalVOThroughput,
#12 totalCollisions,        #14 totalBKCollisions,          #16 totalBECollisions,
#18 totalVICollisions,      #20 TotalVOCollisions,          #22 totalInternalCollisions,    
#24 totalBKIntCol,          #26 totalBEIntCol,              #28 totalVIIntCol,
#30 totalVOIntCol,          #32 overallFairness,            #34 BKFairness,
#36 BEFairness,             #38 VIFairness,                 #40 VOFairness,
#42 avgTimeBtSxTxBK,        #44 avgTimeBtSxTxBE,            #46 avgTimeBtSxTxVI,
#48 avgTimeBtSxTxVO,        #50 qEmptyBK,                   #52 qEmptyBE,
#54 qEmptyVI,               #56 qEmptyVO                    #58 totalDropped,
#60 droppedBK,              #62 droppedBE                   #64 droppedVI,
#66 droppedVO               #68 channelErrors               #70 stickiness
#72 totalThroughputUnsat    #74 totalThroughputSat          #76 totalThroughputEDCA
#78 totalBKthroughputEDCA   #80 totalBEthroughputEDCA       #82 totalVIthroughputEDCA
#84 totalVOthroughputEDCA   #86 totalThroughputECA          #88 totalBKthroughputECA
#90 totalBEthroughputECA    #92 totalVIthroughputECA        #94 totalVOthroughputECA
#96 avgTimeBtSxTxBkEDCA     #98 avgTimeBtSxTxBeEDCA         #100 avgTimeBtSxTxViEDCA
#102 avgTimeBtSxTxVoEDCA    #104 avgTimeBtSxTxBkECA         #106 avgTimeBtSxTxBeECA
#108 avgTimeBtSxTxViECA     #110 avgTimeBtSxTxVoECA         #112 BKCollisionsEDCA
#114 BECollisionsEDCA       #116 VICollisionsEDCA           #118 VOCollisionsEDCA
#120 BKCollisionsECA        #122 BECollisionsECA            #124 VICollisionsECA
#126 VOCollisionsEDCA       #128 lastCollision              #130 avgQueuingDelayBK
#132 avgQueuingDelayBE      #134 avgQueuingDelayVI          #136 avgQueuingDelayVO
1 25626020 587.026404857567 25626020 587.026404857567 0 0 0 0 0 0 19536.2 4.4226688774992 0.08115283 2.25704474922406e-05 0 0 0 0 0 0 0 0 0 0 0 0 0 0 0 0 1 0 1 0 0 0 0 0 0 0 0.00045208775 3.52035154494542e-08 0 0 0 0 0 0 0 0 0 0 0 0 0 0 0 0 0 0 0 0 0 0 0 0 0.1 1.38777878078145e-17 1 0 0 0 25626020 587.026404857567 0 0 0 0 0 0 0 0 0 0 25626020 587.026404857567 25626020 587.026404857567 0 0 0 0 0 0 0 0 0 0 0 0 0 0 0.00045208775 3.52035154494542e-08 0 0 0 0 0 0 0 0 0 0 0 0 0 0 0.08115283 2.25704474922406e-05 nan nan nan nan nan nan 99.99501 0.00298511306318628 49.997905 0.000767121242046861 0 0 0 0 0 0 
#2 39893645 137974.542851209 39893645 137974.542851209 0 0 0 0 0 0 107.5 84.0300541473109 0.001555794 0.00123596084312886 0 0 0 0 0 0 0 0 0 0 0 0 0 0 0 0 0.99999985 3.5707142143741e-07 0.99999985 3.5707142143741e-07 0 0 0 0 0 0 0.0028290975 9.12102596134338e-05 0 0 0 0 0 0 0 0 0 0 0 0 0 0 0 0 0 0 0 0 0 0 0 0 0.1 1.38777878078145e-17 1 0 0 0 39893645 137974.542851209 0 0 0 0 0 0 0 0 0 0 39893645 137974.542851209 39893645 137974.542851209 0 0 0 0 0 0 0 0 0 0 0 0 0 0 0.0028290975 9.12102596134338e-05 0 0 0 0 0 0 0 0 0 0 0 0 0 0 0.001555794 0.00123596084312886 nan nan nan nan nan nan 7.29564335 7.52725969783343 0 0 0 0 0 0 0 0 
#3 42785220 94719.293705137 42785220 94719.293705137 0 0 0 0 0 0 39.6 16.6955083780039 0.0006034244 0.000250915683356262 0 0 0 0 0 0 0 0 0 0 0 0 0 0 0 0 0.9999998 4.00000000011502e-07 0.9999998 4.00000000011502e-07 0 0 0 0 0 0 0.0040651445 7.75501413586719e-05 0 0 0 0 0 0 0 0 0 0 0 0 0 0 0 0 0 0 0 0 0 0 0 0 0.1 1.38777878078145e-17 1 0 0 0 42785220 94719.293705137 0 0 0 0 0 0 0 0 0 0 42785220 94719.293705137 42785220 94719.293705137 0 0 0 0 0 0 0 0 0 0 0 0 0 0 0.0040651445 7.75501413586719e-05 0 0 0 0 0 0 0 0 0 0 0 0 0 0 0.0006034244 0.000250915683356262 nan nan nan nan nan nan 4.59843915 7.825042003929 0 0 0 0 0 0 0 0 
#4 44318570 116611.839450375 44318570 116611.839450375 0 0 0 0 0 0 42.3 17.5900540078762 0.0006285275 0.000233699311076969 0 0 0 0 0 0 0 0 0 0 0 0 0 0 0 0 0.9999993 8.42614977309585e-07 0.9999993 8.42614977309585e-07 0 0 0 0 0 0 0.0052270635 9.94213015542947e-05 0 0 0 0 0 0 0 0 0 0 0 0 0 0 0 0 0 0 0 0 0 0 0 0 0.1 1.38777878078145e-17 1 0 0 0 44318570 116611.839450375 0 0 0 0 0 0 0 0 0 0 44318570 116611.839450375 44318570 116611.839450375 0 0 0 0 0 0 0 0 0 0 0 0 0 0 0.0052270635 9.94213015542947e-05 0 0 0 0 0 0 0 0 0 0 0 0 0 0 0.0006285275 0.000233699311076969 nan nan nan nan nan nan 6.64042205 11.8045445451453 0 0 0 0 0 0 0 0 
5 45277515 182581.26485212 45277515 182581.26485212 0 0 0 0 0 0 41.35 14.5336678096068 0.00064560555 0.000207686874218491 0 0 0 0 0 0 0 0 0 0 0 0 0 0 0 0 0.9999995 5.00000000014378e-07 0.9999995 5.00000000014378e-07 0 0 0 0 0 0 0.006387934 0.000144230746735916 0 0 0 0 0 0 0 0 0 0 0 0 0 0 0 0 0 0 0 0 0 0 0 0 0.1 1.38777878078145e-17 1 0 0 0 45277515 182581.26485212 0 0 0 0 0 0 0 0 0 0 45277515 182581.26485212 45277515 182581.26485212 0 0 0 0 0 0 0 0 0 0 0 0 0 0 0.006387934 0.000144230746735916 0 0 0 0 0 0 0 0 0 0 0 0 0 0 0.00064560555 0.000207686874218491 nan nan nan nan nan nan 11.28270465 22.2994972759933 0 0 0 0 0 0 0 0 
#6 45976725 191053.759122923 45976725 191053.759122923 0 0 0 0 0 0 36.4 8.83968325224383 0.0006051184 0.000143186954174743 0 0 0 0 0 0 0 0 0 0 0 0 0 0 0 0 0.999999 7.74596669227925e-07 0.999999 7.74596669227925e-07 0 0 0 0 0 0 0.007574525 0.0001691724726869 0 0 0 0 0 0 0 0 0 0 0 0 0 0 0.05 0.217944947177034 0.05 0.217944947177034 0 0 0 0 0 0 0.1 1.38777878078145e-17 1 0 0 0 45976725 191053.759122923 0 0 0 0 0 0 0 0 0 0 45976725 191053.759122923 45976725 191053.759122923 0 0 0 0 0 0 0 0 0 0 0 0 0 0 0.007574525 0.0001691724726869 0 0 0 0 0 0 0 0 0 0 0 0 0 0 0.0006051184 0.000143186954174743 nan nan nan nan nan nan 5.898913 8.26004601260433 0 0 0 0 0 0 0 0 
#7 46397705 158937.313035675 46397705 158937.313035675 0 0 0 0 0 0 31.6 12.4875938434912 0.0005402041 0.000183568790965921 0 0 0 0 0 0 0 0 0 0 0 0 0 0 0 0 0.9999982 8.12403840443227e-07 0.9999982 8.12403840443227e-07 0 0 0 0 0 0 0.008632193 0.000166900473339652 0 0 0 0 0 0 0 0 0 0 0 0 0 0 0 0 0 0 0 0 0 0 0 0 0.1 1.38777878078145e-17 1 0 0 0 46397705 158937.313035675 0 0 0 0 0 0 0 0 0 0 46397705 158937.313035675 46397705 158937.313035675 0 0 0 0 0 0 0 0 0 0 0 0 0 0 0.008632193 0.000166900473339652 0 0 0 0 0 0 0 0 0 0 0 0 0 0 0.0005402041 0.000183568790965921 nan nan nan nan nan nan 15.86582205 16.8365084380316 0 0 0 0 0 0 0 0 
#8 46816565 215597.660643616 46816565 215597.660643616 0 0 0 0 0 0 36.1 9.57026645397086 0.0006394391 0.000132750364802474 0 0 0 0 0 0 0 0 0 0 0 0 0 0 0 0 0.9999988 6.78232998291107e-07 0.9999988 6.78232998291107e-07 0 0 0 0 0 0 0.0098728225 0.000248901302123452 0 0 0 0 0 0 0 0 0 0 0 0 0 0 0.1 0.3 0.1 0.3 0 0 0 0 0 0 0.1 1.38777878078145e-17 1 0 0 0 46816565 215597.660643616 0 0 0 0 0 0 0 0 0 0 46816565 215597.660643616 46816565 215597.660643616 0 0 0 0 0 0 0 0 0 0 0 0 0 0 0.0098728225 0.000248901302123452 0 0 0 0 0 0 0 0 0 0 0 0 0 0 0.0006394391 0.000132750364802474 nan nan nan nan nan nan 13.62322705 24.2720366250634 0 0 0 0 0 0 0 0 
#9 47154975 147167.954647063 47154975 147167.954647063 0 0 0 0 0 0 36.25 8.63640550229087 0.0006683919 0.000143400540719308 0 0 0 0 0 0 0 0 0 0 0 0 0 0 0 0 0.99999825 8.29156197565829e-07 0.99999825 8.29156197565829e-07 0 0 0 0 0 0 0.01108314 0.000196343748054274 0 0 0 0 0 0 0 0 0 0 0 0 0 0 0.1 0.3 0.1 0.3 0 0 0 0 0 0 0.1 1.38777878078145e-17 1 0 0 0 47154975 147167.954647063 0 0 0 0 0 0 0 0 0 0 47154975 147167.954647063 47154975 147167.954647063 0 0 0 0 0 0 0 0 0 0 0 0 0 0 0.01108314 0.000196343748054274 0 0 0 0 0 0 0 0 0 0 0 0 0 0 0.0006683919 0.000143400540719308 nan nan nan nan nan nan 14.87122195 24.3612720567985 0 0 0 0 0 0 0 0 
10 47357905 143736.86192136 47357905 143736.86192136 0 0 0 0 0 0 35.5 9.09670269933013 0.00068523775 0.000142042086981949 0 0 0 0 0 0 0 0 0 0 0 0 0 0 0 0 0.9999982 9.79795897100654e-07 0.9999982 9.79795897100654e-07 0 0 0 0 0 0 0.012189595 0.000203055796457525 0 0 0 0 0 0 0 0 0 0 0 0 0 0 0.1 0.3 0.1 0.3 0 0 0 0 0 0 0.1 1.38777878078145e-17 1 0 0 0 47357905 143736.86192136 0 0 0 0 0 0 0 0 0 0 47357905 143736.86192136 47357905 143736.86192136 0 0 0 0 0 0 0 0 0 0 0 0 0 0 0.012189595 0.000203055796457525 0 0 0 0 0 0 0 0 0 0 0 0 0 0 0.00068523775 0.000142042086981949 nan nan nan nan nan nan 18.4261581 23.7293236308591 0 0 0 0 0 0 0 0 
#11 47604190 116714.296039517 47604190 116714.296039517 0 0 0 0 0 0 38.85 6.79172290365265 0.00078080615 0.000125107113855398 0 0 0 0 0 0 0 0 0 0 0 0 0 0 0 0 0.99999805 1.02347447451087e-06 0.99999805 1.02347447451087e-06 0 0 0 0 0 0 0.01343878 0.000174795753953006 0 0 0 0 0 0 0 0 0 0 0 0 0 0 0.2 0.509901951359279 0.2 0.509901951359279 0 0 0 0 0 0 0.1 1.38777878078145e-17 1 0 0 0 47604190 116714.296039517 0 0 0 0 0 0 0 0 0 0 47604190 116714.296039517 47604190 116714.296039517 0 0 0 0 0 0 0 0 0 0 0 0 0 0 0.01343878 0.000174795753953006 0 0 0 0 0 0 0 0 0 0 0 0 0 0 0.00078080615 0.000125107113855398 nan nan nan nan nan nan 12.26971315 19.2781467016445 0 0 0 0 0 0 0 0 
#12 47795575 97511.7166036985 47795575 97511.7166036985 0 0 0 0 0 0 39.5 9.0194234849019 0.00082350275 0.000164319848018696 0 0 0 0 0 0 0 0 0 0 0 0 0 0 0 0 0.9999977 7.81024967585405e-07 0.9999977 7.81024967585405e-07 0 0 0 0 0 0 0.01465933 0.000148612079253336 0 0 0 0 0 0 0 0 0 0 0 0 0 0 0.25 0.53619026473818 0.25 0.53619026473818 0 0 0 0 0 0 0.1 1.38777878078145e-17 1 0 0 0 47795575 97511.7166036985 0 0 0 0 0 0 0 0 0 0 47795575 97511.7166036985 47795575 97511.7166036985 0 0 0 0 0 0 0 0 0 0 0 0 0 0 0.01465933 0.000148612079253336 0 0 0 0 0 0 0 0 0 0 0 0 0 0 0.00082350275 0.000164319848018696 nan nan nan nan nan nan 9.1494694 16.1518377025282 0 0 0 0 0 0 0 0 
#13 47950675 84815.7112509233 47950675 84815.7112509233 0 0 0 0 0 0 37.35 5.02269847791006 0.000799761 0.000105716578042897 0 0 0 0 0 0 0 0 0 0 0 0 0 0 0 0 0.99999765 7.92148975882141e-07 0.99999765 7.92148975882141e-07 0 0 0 0 0 0 0.015853135 0.000145248260832961 0 0 0 0 0 0 0 0 0 0 0 0 0 0 0.45 1.2031209415516 0.45 1.2031209415516 0 0 0 0 0 0 0.1 1.38777878078145e-17 1 0 0 0 47950675 84815.7112509233 0 0 0 0 0 0 0 0 0 0 47950675 84815.7112509233 47950675 84815.7112509233 0 0 0 0 0 0 0 0 0 0 0 0 0 0 0.015853135 0.000145248260832961 0 0 0 0 0 0 0 0 0 0 0 0 0 0 0.000799761 0.000105716578042897 nan nan nan nan nan nan 5.41826095 11.0211382975792 0 0 0 0 0 0 0 0 
#14 47976855 159161.058286881 47976855 159161.058286881 0 0 0 0 0 0 40.7 8.13080561814141 0.0008803316 0.000149904214451896 0 0 0 0 0 0 0 0 0 0 0 0 0 0 0 0 0.9999979 8.30662386278939e-07 0.9999979 8.30662386278939e-07 0 0 0 0 0 0 0.01686669 0.000275837062230586 0 0 0 0 0 0 0 0 0 0 0 0 0 0 0.2 0.509901951359279 0.2 0.509901951359279 0 0 0 0 0 0 0.1 1.38777878078145e-17 1 0 0 0 47976855 159161.058286881 0 0 0 0 0 0 0 0 0 0 47976855 159161.058286881 47976855 159161.058286881 0 0 0 0 0 0 0 0 0 0 0 0 0 0 0.01686669 0.000275837062230586 0 0 0 0 0 0 0 0 0 0 0 0 0 0 0.0008803316 0.000149904214451896 nan nan nan nan nan nan 21.433564 27.160338196934 0 0 0 0 0 0 0 0 
15 48134285 126184.275070232 48134285 126184.275070232 0 0 0 0 0 0 42.45 5.92009290467641 0.0009383591 0.000122323242473743 0 0 0 0 0 0 0 0 0 0 0 0 0 0 0 0 0.9999972 1.0295630141186e-06 0.9999972 1.0295630141186e-06 0 0 0 0 0 0 0.01815705 0.000205866275771433 0 0 0 0 0 0 0 0 0 0 0 0 0 0 0.35 0.57227615711298 0.35 0.57227615711298 0 0 0 0 0 0 0.1 1.38777878078145e-17 1 0 0 0 48134285 126184.275070232 0 0 0 0 0 0 0 0 0 0 48134285 126184.275070232 48134285 126184.275070232 0 0 0 0 0 0 0 0 0 0 0 0 0 0 0.01815705 0.000205866275771433 0 0 0 0 0 0 0 0 0 0 0 0 0 0 0.0009383591 0.000122323242473743 nan nan nan nan nan nan 17.2854446 32.3865360958065 0 0 0 0 0 0 0 0 
#16 48231325 121057.56843337 48231325 121057.56843337 0 0 0 0 0 0 45.25 7.27237925303679 0.0010110684 0.000148658230969361 0 0 0 0 0 0 0 0 0 0 0 0 0 0 0 0 0.99999725 1.13468057179797e-06 0.99999725 1.13468057179797e-06 0 0 0 0 0 0 0.019314265 0.000227674467771421 0 0 0 0 0 0 0 0 0 0 0 0 0 0 0.85 1.76847391838274 0.85 1.76847391838274 0 0 0 0 0 0 0.1 1.38777878078145e-17 1 0 0 0 48231325 121057.56843337 0 0 0 0 0 0 0 0 0 0 48231325 121057.56843337 48231325 121057.56843337 0 0 0 0 0 0 0 0 0 0 0 0 0 0 0.019314265 0.000227674467771421 0 0 0 0 0 0 0 0 0 0 0 0 0 0 0.0010110684 0.000148658230969361 nan nan nan nan nan nan 13.1273168 19.02930608792 0 0 0 0 0 0 0 0 
#17 48281620 130284.099567062 48281620 130284.099567062 0 0 0 0 0 0 46.3 4.48441746495573 0.00107241465 0.000104124588609643 0 0 0 0 0 0 0 0 0 0 0 0 0 0 0 0 0.9999972 1.07703296143932e-06 0.9999972 1.07703296143932e-06 0 0 0 0 0 0 0.02042889 0.000254036650702217 0 0 0 0 0 0 0 0 0 0 0 0 0 0 0.85 1.19478031453485 0.85 1.19478031453485 0 0 0 0 0 0 0.1 1.38777878078145e-17 1 0 0 0 48281620 130284.099567062 0 0 0 0 0 0 0 0 0 0 48281620 130284.099567062 48281620 130284.099567062 0 0 0 0 0 0 0 0 0 0 0 0 0 0 0.02042889 0.000254036650702217 0 0 0 0 0 0 0 0 0 0 0 0 0 0 0.00107241465 0.000104124588609643 nan nan nan nan nan nan 15.83540585 20.2255553696558 0 0 0 0 0 0 0 0 
#18 48388795 166386.217803639 48388795 166386.217803639 0 0 0 0 0 0 49.5 7.55976190101249 0.00116552405 0.000138319213554182 0 0 0 0 0 0 0 0 0 0 0 0 0 0 0 0 0.9999963 1.30766968307603e-06 0.9999963 1.30766968307603e-06 0 0 0 0 0 0 0.021691185 0.000328349704240768 0 0 0 0 0 0 0 0 0 0 0 0 0 0 2 3.79473319220206 2 3.79473319220206 0 0 0 0 0 0 0.1 1.38777878078145e-17 1 0 0 0 48388795 166386.217803639 0 0 0 0 0 0 0 0 0 0 48388795 166386.217803639 48388795 166386.217803639 0 0 0 0 0 0 0 0 0 0 0 0 0 0 0.021691185 0.000328349704240768 0 0 0 0 0 0 0 0 0 0 0 0 0 0 0.00116552405 0.000138319213554182 nan nan nan nan nan nan 6.11377365 14.5763228684181 0 0 0 0 0 0 0 0 
#19 48425050 181920.995214956 48425050 181920.995214956 0 0 0 0 0 0 46.65 7.22685962227024 0.0011180447 0.000149829920590348 0 0 0 0 0 0 0 0 0 0 0 0 0 0 0 0 0.9999966 1.62480768095478e-06 0.9999966 1.62480768095478e-06 0 0 0 0 0 0 0.02278672 0.000384574915458613 0 0 0 0 0 0 0 0 0 0 0 0 0 0 0.35 0.653834841531101 0.35 0.653834841531101 0 0 0 0 0 0 0.1 1.38777878078145e-17 1 0 0 0 48425050 181920.995214956 0 0 0 0 0 0 0 0 0 0 48425050 181920.995214956 48425050 181920.995214956 0 0 0 0 0 0 0 0 0 0 0 0 0 0 0.02278672 0.000384574915458613 0 0 0 0 0 0 0 0 0 0 0 0 0 0 0.0011180447 0.000149829920590348 nan nan nan nan nan nan 15.43878645 27.2731882713147 0 0 0 0 0 0 0 0 
20 48507285 136630.118476857 48507285 136630.118476857 0 0 0 0 0 0 53.1 5.26212884676915 0.00129286145 0.000121928580004638 0 0 0 0 0 0 0 0 0 0 0 0 0 0 0 0 0.9999962 1.6309506430347e-06 0.9999962 1.6309506430347e-06 0 0 0 0 0 0 0.02402703 0.000305751095010304 0 0 0 0 0 0 0 0 0 0 0 0 0 0 1.35 3.42454376523355 1.35 3.42454376523355 0 0 0 0 0 0 0.1 1.38777878078145e-17 1 0 0 0 48507285 136630.118476857 0 0 0 0 0 0 0 0 0 0 48507285 136630.118476857 48507285 136630.118476857 0 0 0 0 0 0 0 0 0 0 0 0 0 0 0.02402703 0.000305751095010304 0 0 0 0 0 0 0 0 0 0 0 0 0 0 0.00129286145 0.000121928580004638 nan nan nan nan nan nan 8.6329807 14.8723645158247 0 0 0 0 0 0 0 0 
#21 48576265 140762.911574747 48576265 140762.911574747 0 0 0 0 0 0 48.4 6.85127725318426 0.001198241 0.000149982518077941 0 0 0 0 0 0 0 0 0 0 0 0 0 0 0 0 0.9999964 1.28062484750259e-06 0.9999964 1.28062484750259e-06 0 0 0 0 0 0 0.025231335 0.000317583718529461 0 0 0 0 0 0 0 0 0 0 0 0 0 0 0.65 0.909670269933013 0.65 0.909670269933013 0 0 0 0 0 0 0.1 1.38777878078145e-17 1 0 0 0 48576265 140762.911574747 0 0 0 0 0 0 0 0 0 0 48576265 140762.911574747 48576265 140762.911574747 0 0 0 0 0 0 0 0 0 0 0 0 0 0 0.025231335 0.000317583718529461 0 0 0 0 0 0 0 0 0 0 0 0 0 0 0.001198241 0.000149982518077941 nan nan nan nan nan nan 16.03554365 31.5465788781058 0 0 0 0 0 0 0 0 
#22 48620715 145117.436150864 48620715 145117.436150864 0 0 0 0 0 0 52.15 5.11150662720885 0.0013183355 0.000115664592830952 0 0 0 0 0 0 0 0 0 0 0 0 0 0 0 0 0.99999565 1.42390308659723e-06 0.99999565 1.42390308659723e-06 0 0 0 0 0 0 0.02640902 0.000350129879616122 0 0 0 0 0 0 0 0 0 0 0 0 0 0 0.75 0.82915619758885 0.75 0.82915619758885 0 0 0 0 0 0 0.1 1.38777878078145e-17 1 0 0 0 48620715 145117.436150864 0 0 0 0 0 0 0 0 0 0 48620715 145117.436150864 48620715 145117.436150864 0 0 0 0 0 0 0 0 0 0 0 0 0 0 0.02640902 0.000350129879616122 0 0 0 0 0 0 0 0 0 0 0 0 0 0 0.0013183355 0.000115664592830952 nan nan nan nan nan nan 4.1294508 9.91484215796752 0 0 0 0 0 0 0 0 
#23 48742510 29216.9454255574 48742510 29216.9454255574 0 0 0 0 0 0 56 3.67423461417477 0.0014386525 8.24658101200128e-05 0 0 0 0 0 0 0 0 0 0 0 0 0 0 0 0 0.9999947 1.5842979517783e-06 0.9999947 1.5842979517783e-06 0 0 0 0 0 0 0.02778135 0.000104641853481291 0 0 0 0 0 0 0 0 0 0 0 0 0 0 2.85 6.99481951161 2.85 6.99481951161 0 0 0 0 0 0 0.1 1.38777878078145e-17 1 0 0 0 48742510 29216.9454255574 0 0 0 0 0 0 0 0 0 0 48742510 29216.9454255574 48742510 29216.9454255574 0 0 0 0 0 0 0 0 0 0 0 0 0 0 0.02778135 0.000104641853481291 0 0 0 0 0 0 0 0 0 0 0 0 0 0 0.0014386525 8.24658101200128e-05 nan nan nan nan nan nan 4.34170935 11.7114525407464 0 0 0 0 0 0 0 0 
#24 48706090 109135.122210955 48706090 109135.122210955 0 0 0 0 0 0 59.8 6.8818602136341 0.0015231305 0.000129686671075905 0 0 0 0 0 0 0 0 0 0 0 0 0 0 0 0 0.9999947 1.64620776331927e-06 0.9999947 1.64620776331927e-06 0 0 0 0 0 0 0.028783635 0.000267037954746137 0 0 0 0 0 0 0 0 0 0 0 0 0 0 3.4 6.8 3.4 6.8 0 0 0 0 0 0 0.1 1.38777878078145e-17 1 0 0 0 48706090 109135.122210955 0 0 0 0 0 0 0 0 0 0 48706090 109135.122210955 48706090 109135.122210955 0 0 0 0 0 0 0 0 0 0 0 0 0 0 0.028783635 0.000267037954746137 0 0 0 0 0 0 0 0 0 0 0 0 0 0 0.0015231305 0.000129686671075905 nan nan nan nan nan nan 8.09707625 19.3068563914793 0 0 0 0 0 0 0 0 
25 48799455 77685.7095932064 48799455 77685.7095932064 0 0 0 0 0 0 58.4 7.81280999384984 0.0015206225 0.000177821914309654 0 0 0 0 0 0 0 0 0 0 0 0 0 0 0 0 0.99999485 1.52561463024326e-06 0.99999485 1.52561463024326e-06 0 0 0 0 0 0 0.030093115 0.000228901328687712 0 0 0 0 0 0 0 0 0 0 0 0 0 0 1.15 1.10792599030802 1.15 1.10792599030802 0 0 0 0 0 0 0.1 1.38777878078145e-17 1 0 0 0 48799455 77685.7095932064 0 0 0 0 0 0 0 0 0 0 48799455 77685.7095932064 48799455 77685.7095932064 0 0 0 0 0 0 0 0 0 0 0 0 0 0 0.030093115 0.000228901328687712 0 0 0 0 0 0 0 0 0 0 0 0 0 0 0.0015206225 0.000177821914309654 nan nan nan nan nan nan 5.7752613 14.1983990585692 0 0 0 0 0 0 0 0 
#26 48831925 58598.2668259054 48831925 58598.2668259054 0 0 0 0 0 0 62.95 7.29708846047518 0.0016514455 0.000154515100118888 0 0 0 0 0 0 0 0 0 0 0 0 0 0 0 0 0.9999939 1.60934769394179e-06 0.9999939 1.60934769394179e-06 0 0 0 0 0 0 0.0312874 0.000167324690347839 0 0 0 0 0 0 0 0 0 0 0 0 0 0 1.6 1.88148877222268 1.6 1.88148877222268 0 0 0 0 0 0 0.1 1.38777878078145e-17 1 0 0 0 48831925 58598.2668259054 0 0 0 0 0 0 0 0 0 0 48831925 58598.2668259054 48831925 58598.2668259054 0 0 0 0 0 0 0 0 0 0 0 0 0 0 0.0312874 0.000167324690347839 0 0 0 0 0 0 0 0 0 0 0 0 0 0 0.0016514455 0.000154515100118888 nan nan nan nan nan nan 14.1945972 26.0823703563505 0 0 0 0 0 0 0 0 
#27 48866255 97117.5085913966 48866255 97117.5085913966 0 0 0 0 0 0 64.8 10.0876161703348 0.001705405 0.000203165474367571 0 0 0 0 0 0 0 0 0 0 0 0 0 0 0 0 0.99999325 1.54515371403487e-06 0.99999325 1.54515371403487e-06 0 0 0 0 0 0 0.03249022 0.000303855886235564 0 0 0 0 0 0 0 0 0 0 0 0 0 0 1.25 1.51244834622542 1.25 1.51244834622542 0 0 0 0 0 0 0.1 1.38777878078145e-17 1 0 0 0 48866255 97117.5085913966 0 0 0 0 0 0 0 0 0 0 48866255 97117.5085913966 48866255 97117.5085913966 0 0 0 0 0 0 0 0 0 0 0 0 0 0 0.03249022 0.000303855886235564 0 0 0 0 0 0 0 0 0 0 0 0 0 0 0.001705405 0.000203165474367571 nan nan nan nan nan nan 6.0538072 19.2864869945899 0 0 0 0 0 0 0 0 
#28 48893205 79700.8812686535 48893205 79700.8812686535 0 0 0 0 0 0 66.95 11.3555052727741 0.0017869445 0.000267458920032124 0 0 0 0 0 0 0 0 0 0 0 0 0 0 0 0 0.9999934 1.49666295470662e-06 0.9999934 1.49666295470662e-06 0 0 0 0 0 0 0.03366615 0.000237643582913572 0 0 0 0 0 0 0 0 0 0 0 0 0 0 3.3 6.86367248635889 3.3 6.86367248635889 0 0 0 0 0 0 0.1 1.38777878078145e-17 1 0 0 0 48893205 79700.8812686535 0 0 0 0 0 0 0 0 0 0 48893205 79700.8812686535 48893205 79700.8812686535 0 0 0 0 0 0 0 0 0 0 0 0 0 0 0.03366615 0.000237643582913572 0 0 0 0 0 0 0 0 0 0 0 0 0 0 0.0017869445 0.000267458920032124 nan nan nan nan nan nan 10.65886495 22.7738886549465 0 0 0 0 0 0 0 0 
#29 48908780 104636.588247133 48908780 104636.588247133 0 0 0 0 0 0 69.3 10.3590540108641 0.001865862 0.000250139494794405 0 0 0 0 0 0 0 0 0 0 0 0 0 0 0 0 0.99999185 2.9878922336713e-06 0.99999185 2.9878922336713e-06 0 0 0 0 0 0 0.0348383 0.000329805432035314 0 0 0 0 0 0 0 0 0 0 0 0 0 0 4.15 4.02833712591188 4.15 4.02833712591188 0 0 0 0 0 0 0.1 1.38777878078145e-17 1 0 0 0 48908780 104636.588247133 0 0 0 0 0 0 0 0 0 0 48908780 104636.588247133 48908780 104636.588247133 0 0 0 0 0 0 0 0 0 0 0 0 0 0 0.0348383 0.000329805432035314 0 0 0 0 0 0 0 0 0 0 0 0 0 0 0.001865862 0.000250139494794405 nan nan nan nan nan nan 4.72032125 15.2126322875292 0 0 0 0 0 0 0 0 
30 48946545 65004.511189609 48946545 65004.511189609 0 0 0 0 0 0 71.75 11.215502663724 0.0019376915 0.000245550927432071 0 0 0 0 0 0 0 0 0 0 0 0 0 0 0 0 0.99999225 2.50748878362025e-06 0.99999225 2.50748878362025e-06 0 0 0 0 0 0 0.036071865 0.000192363378206456 0 0 0 0 0 0 0 0 0 0 0 0 0 0 4.45 7.83884557827235 4.45 7.83884557827235 0 0 0 0 0 0 0.1 1.38777878078145e-17 1 0 0 0 48946545 65004.511189609 0 0 0 0 0 0 0 0 0 0 48946545 65004.511189609 48946545 65004.511189609 0 0 0 0 0 0 0 0 0 0 0 0 0 0 0.036071865 0.000192363378206456 0 0 0 0 0 0 0 0 0 0 0 0 0 0 0.0019376915 0.000245550927432071 nan nan nan nan nan nan 5.7206392 20.4981365998807 0 0 0 0 0 0 0 0 
#31 48980950 46084.8836387812 48980950 46084.8836387812 0 0 0 0 0 0 76.35 9.77893143446665 0.0020824475 0.000210934926573932 0 0 0 0 0 0 0 0 0 0 0 0 0 0 0 0 0.9999918 2.80356915378972e-06 0.9999918 2.80356915378972e-06 0 0 0 0 0 0 0.03730481 0.000150514763063296 0 0 0 0 0 0 0 0 0 0 0 0 0 0 4.8 7.35934779718964 4.8 7.35934779718964 0 0 0 0 0 0 0.1 1.38777878078145e-17 1 0 0 0 48980950 46084.8836387812 0 0 0 0 0 0 0 0 0 0 48980950 46084.8836387812 48980950 46084.8836387812 0 0 0 0 0 0 0 0 0 0 0 0 0 0 0.03730481 0.000150514763063296 0 0 0 0 0 0 0 0 0 0 0 0 0 0 0.0020824475 0.000210934926573932 nan nan nan nan nan nan 2.5455884 5.63658308764219 0 0 0 0 0 0 0 0 
#32 49010845 37529.2882293283 49010845 37529.2882293283 0 0 0 0 0 0 77.3 8.74128137060008 0.002112352 0.000228037360373251 0 0 0 0 0 0 0 0 0 0 0 0 0 0 0 0 0.99999045 3.21675302129432e-06 0.99999045 3.21675302129432e-06 0 0 0 0 0 0 0.038517795 0.000144788468031815 0 0 0 0 0 0 0 0 0 0 0 0 0 0 5.1 7.55579247994544 5.1 7.55579247994544 0 0 0 0 0 0 0.1 1.38777878078145e-17 1 0 0 0 49010845 37529.2882293283 0 0 0 0 0 0 0 0 0 0 49010845 37529.2882293283 49010845 37529.2882293283 0 0 0 0 0 0 0 0 0 0 0 0 0 0 0.038517795 0.000144788468031815 0 0 0 0 0 0 0 0 0 0 0 0 0 0 0.002112352 0.000228037360373251 nan nan nan nan nan nan 4.4424508 13.5856875519322 0 0 0 0 0 0 0 0 
#33 49022720 62987.2018746666 49022720 62987.2018746666 0 0 0 0 0 0 80.2 11.9565881421081 0.002219862 0.000298709918208284 0 0 0 0 0 0 0 0 0 0 0 0 0 0 0 0 0.99998945 4.57684389071445e-06 0.99998945 4.57684389071445e-06 0 0 0 0 0 0 0.039684615 0.000217176608489496 0 0 0 0 0 0 0 0 0 0 0 0 0 0 10.3 15.5051604312887 10.3 15.5051604312887 0 0 0 0 0 0 0.1 1.38777878078145e-17 1 0 0 0 49022720 62987.2018746666 0 0 0 0 0 0 0 0 0 0 49022720 62987.2018746666 49022720 62987.2018746666 0 0 0 0 0 0 0 0 0 0 0 0 0 0 0.039684615 0.000217176608489496 0 0 0 0 0 0 0 0 0 0 0 0 0 0 0.002219862 0.000298709918208284 nan nan nan nan nan nan 4.83824735 14.5523729913056 0 0 0 0 0 0 0 0 
#34 49051575 64612.5133004436 49051575 64612.5133004436 0 0 0 0 0 0 78.95 11.351101268159 0.002209124 0.000275679679218473 0 0 0 0 0 0 0 0 0 0 0 0 0 0 0 0 0.99999005 3.94303182843402e-06 0.99999005 3.94303182843402e-06 0 0 0 0 0 0 0.04087949 0.000213327475726874 0 0 0 0 0 0 0 0 0 0 0 0 0 0 6.25 9.74615308724422 6.25 9.74615308724422 0 0 0 0 0 0 0.1 1.38777878078145e-17 1 0 0 0 49051575 64612.5133004436 0 0 0 0 0 0 0 0 0 0 49051575 64612.5133004436 49051575 64612.5133004436 0 0 0 0 0 0 0 0 0 0 0 0 0 0 0.04087949 0.000213327475726874 0 0 0 0 0 0 0 0 0 0 0 0 0 0 0.002209124 0.000275679679218473 nan nan nan nan nan nan 1.4847721 0.997346675240606 0 0 0 0 0 0 0 0 
35 49069385 19772.2096640714 49069385 19772.2096640714 0 0 0 0 0 0 88.2 12.1803119828681 0.002446888 0.000303019891881705 0 0 0 0 0 0 0 0 0 0 0 0 0 0 0 0 0.99998725 3.99843719470713e-06 0.99998725 3.99843719470713e-06 0 0 0 0 0 0 0.04212981 0.000113437731377175 0 0 0 0 0 0 0 0 0 0 0 0 0 0 11.35 15.0009166386591 11.35 15.0009166386591 0 0 0 0 0 0 0.1 1.38777878078145e-17 1 0 0 0 49069385 19772.2096640714 0 0 0 0 0 0 0 0 0 0 49069385 19772.2096640714 49069385 19772.2096640714 0 0 0 0 0 0 0 0 0 0 0 0 0 0 0.04212981 0.000113437731377175 0 0 0 0 0 0 0 0 0 0 0 0 0 0 0.002446888 0.000303019891881705 nan nan nan nan nan nan 6.21791435 11.9523941613527 0 0 0 0 0 0 0 0 
#36 49079825 39494.6309642209 49079825 39494.6309642209 0 0 0 0 0 0 92.75 14.8454538495797 0.002570334 0.000354229013159566 0 0 0 0 0 0 0 0 0 0 0 0 0 0 0 0 0.99998595 5.86067402267532e-06 0.99998595 5.86067402267532e-06 0 0 0 0 0 0 0.043320395 0.000128571674466034 0 0 0 0 0 0 0 0 0 0 0 0 0 0 10 13.4536240470737 10 13.4536240470737 0 0 0 0 0 0 0.1 1.38777878078145e-17 1 0 0 0 49079825 39494.6309642209 0 0 0 0 0 0 0 0 0 0 49079825 39494.6309642209 49079825 39494.6309642209 0 0 0 0 0 0 0 0 0 0 0 0 0 0 0.043320395 0.000128571674466034 0 0 0 0 0 0 0 0 0 0 0 0 0 0 0.002570334 0.000354229013159566 nan nan nan nan nan nan 5.26512485 14.6564228347991 0 0 0 0 0 0 0 0 
#37 49102070 31886.0800350247 49102070 31886.0800350247 0 0 0 0 0 0 94.3 14.4329484167304 0.0026471965 0.000355752268092208 0 0 0 0 0 0 0 0 0 0 0 0 0 0 0 0 0.9999857 5.72800139663931e-06 0.9999857 5.72800139663931e-06 0 0 0 0 0 0 0.04453862 0.000122017386466029 0 0 0 0 0 0 0 0 0 0 0 0 0 0 16.8 22.9534311160663 16.8 22.9534311160663 0 0 0 0 0 0 0.1 1.38777878078145e-17 1 0 0 0 49102070 31886.0800350247 0 0 0 0 0 0 0 0 0 0 49102070 31886.0800350247 49102070 31886.0800350247 0 0 0 0 0 0 0 0 0 0 0 0 0 0 0.04453862 0.000122017386466029 0 0 0 0 0 0 0 0 0 0 0 0 0 0 0.0026471965 0.000355752268092208 nan nan nan nan nan nan 2.02573125 0.801695180385343 0 0 0 0 0 0 0 0 
#38 49100075 55109.1541851261 49100075 55109.1541851261 0 0 0 0 0 0 98.4 15.6313786979908 0.0027596775 0.000373260268001766 0 0 0 0 0 0 0 0 0 0 0 0 0 0 0 0 0.9999827 6.30158710167148e-06 0.9999827 6.30158710167148e-06 0 0 0 0 0 0 0.04567074 0.000211927250253477 0 0 0 0 0 0 0 0 0 0 0 0 0 0 18.6 18.2877007849538 18.6 18.2877007849538 0 0 0 0 0 0 0.1 1.38777878078145e-17 1 0 0 0 49100075 55109.1541851261 0 0 0 0 0 0 0 0 0 0 49100075 55109.1541851261 49100075 55109.1541851261 0 0 0 0 0 0 0 0 0 0 0 0 0 0 0.04567074 0.000211927250253477 0 0 0 0 0 0 0 0 0 0 0 0 0 0 0.0027596775 0.000373260268001766 nan nan nan nan nan nan 2.3554326 1.39598917542882 0 0 0 0 0 0 0 0 
#39 49131150 25068.196983429 49131150 25068.196983429 0 0 0 0 0 0 102.9 19.2974091525261 0.0028723545 0.000443619986536619 0 0 0 0 0 0 0 0 0 0 0 0 0 0 0 0 0.9999819 8.65967666833394e-06 0.9999819 8.65967666833394e-06 0 0 0 0 0 0 0.04695011 0.000150872976042762 0 0 0 0 0 0 0 0 0 0 0 0 0 0 14.9 15.2705599111493 14.9 15.2705599111493 0 0 0 0 0 0 0.1 1.38777878078145e-17 1 0 0 0 49131150 25068.196983429 0 0 0 0 0 0 0 0 0 0 49131150 25068.196983429 49131150 25068.196983429 0 0 0 0 0 0 0 0 0 0 0 0 0 0 0.04695011 0.000150872976042762 0 0 0 0 0 0 0 0 0 0 0 0 0 0 0.0028723545 0.000443619986536619 nan nan nan nan nan nan 2.3067959 1.12917767344603 0 0 0 0 0 0 0 0 
40 49145995 29040.3077635207 49145995 29040.3077635207 0 0 0 0 0 0 103.75 13.6267200749116 0.002932474 0.000327768086585622 0 0 0 0 0 0 0 0 0 0 0 0 0 0 0 0 0.9999826 7.88289286999887e-06 0.9999826 7.88289286999887e-06 0 0 0 0 0 0 0.048139425 0.000114601255992244 0 0 0 0 0 0 0 0 0 0 0 0 0 0 24.55 24.0134857944448 24.55 24.0134857944448 0 0 0 0 0 0 0.1 1.38777878078145e-17 1 0 0 0 49145995 29040.3077635207 0 0 0 0 0 0 0 0 0 0 49145995 29040.3077635207 49145995 29040.3077635207 0 0 0 0 0 0 0 0 0 0 0 0 0 0 0.048139425 0.000114601255992244 0 0 0 0 0 0 0 0 0 0 0 0 0 0 0.002932474 0.000327768086585622 nan nan nan nan nan nan 2.4904632 1.03400964728312 0 0 0 0 0 0 0 0 
#41 49159230 23885.8975129678 49159230 23885.8975129678 0 0 0 0 0 0 105.2 14.0627166649976 0.002980649 0.000334049673250851 0 0 0 0 0 0 0 0 0 0 0 0 0 0 0 0 0.99998015 7.30256804144124e-06 0.99998015 7.30256804144124e-06 0 0 0 0 0 0 0.049335515 0.000148484141493293 0 0 0 0 0 0 0 0 0 0 0 0 0 0 16.15 14.4543246123781 16.15 14.4543246123781 0 0 0 0 0 0 0.1 1.38777878078145e-17 1 0 0 0 49159230 23885.8975129678 0 0 0 0 0 0 0 0 0 0 49159230 23885.8975129678 49159230 23885.8975129678 0 0 0 0 0 0 0 0 0 0 0 0 0 0 0.049335515 0.000148484141493293 0 0 0 0 0 0 0 0 0 0 0 0 0 0 0.002980649 0.000334049673250851 nan nan nan nan nan nan 6.739346 18.0994452243185 0 0 0 0 0 0 0 0 
#42 49154700 21823.381956058 49154700 21823.381956058 0 0 0 0 0 0 126.8 20.202970078679 0.0035457365 0.000497251583378826 0 0 0 0 0 0 0 0 0 0 0 0 0 0 0 0 0.9999762 9.56347217281601e-06 0.9999762 9.56347217281601e-06 0 0 0 0 0 0 0.050632215 0.000106859694342629 0 0 0 0 0 0 0 0 0 0 0 0 0 0 29.3 26.4123077371138 29.3 26.4123077371138 0 0 0 0 0 0 0.1 1.38777878078145e-17 1 0 0 0 49154700 21823.381956058 0 0 0 0 0 0 0 0 0 0 49154700 21823.381956058 49154700 21823.381956058 0 0 0 0 0 0 0 0 0 0 0 0 0 0 0.050632215 0.000106859694342629 0 0 0 0 0 0 0 0 0 0 0 0 0 0 0.0035457365 0.000497251583378826 nan nan nan nan nan nan 4.32527 4.21273455248963 0 0 0 0 0 0 0 0 
#43 49171120 32856.0892377654 49171120 32856.0892377654 0 0 0 0 0 0 124.25 26.3341508311926 0.0035076395 0.000657057695788391 0 0 0 0 0 0 0 0 0 0 0 0 0 0 0 0 0.99997605 1.22942059523915e-05 0.99997605 1.22942059523915e-05 0 0 0 0 0 0 0.05182883 0.000130162660160277 0 0 0 0 0 0 0 0 0 0 0 0 0 0 30.9 28.9048438847194 30.9 28.9048438847194 0 0 0 0 0 0 0.1 1.38777878078145e-17 1 0 0 0 49171120 32856.0892377654 0 0 0 0 0 0 0 0 0 0 49171120 32856.0892377654 49171120 32856.0892377654 0 0 0 0 0 0 0 0 0 0 0 0 0 0 0.05182883 0.000130162660160277 0 0 0 0 0 0 0 0 0 0 0 0 0 0 0.0035076395 0.000657057695788391 nan nan nan nan nan nan 3.124307 1.71063007687548 0 0 0 0 0 0 0 0 
#44 49174530 19463.3527430399 49174530 19463.3527430399 0 0 0 0 0 0 134.8 16.3847490063168 0.0037627505 0.000400502351884168 0 0 0 0 0 0 0 0 0 0 0 0 0 0 0 0 0.99997265 9.62431815767602e-06 0.99997265 9.62431815767602e-06 0 0 0 0 0 0 0.053053925 8.09241550774556e-05 0 0 0 0 0 0 0 0 0 0 0 0 0 0 32.25 29.3953652809418 32.25 29.3953652809418 0 0 0 0 0 0 0.1 1.38777878078145e-17 1 0 0 0 49174530 19463.3527430399 0 0 0 0 0 0 0 0 0 0 49174530 19463.3527430399 49174530 19463.3527430399 0 0 0 0 0 0 0 0 0 0 0 0 0 0 0.053053925 8.09241550774556e-05 0 0 0 0 0 0 0 0 0 0 0 0 0 0 0.0037627505 0.000400502351884168 nan nan nan nan nan nan 3.7165835 1.54923354978607 0 0 0 0 0 0 0 0 
45 49175030 27900.2168450355 49175030 27900.2168450355 0 0 0 0 0 0 149.9 27.9515652513415 0.004183072 0.000688186573006187 0 0 0 0 0 0 0 0 0 0 0 0 0 0 0 0 0.9999667 1.33794618725796e-05 0.9999667 1.33794618725796e-05 0 0 0 0 0 0 0.0543159 0.000126667805696634 0 0 0 0 0 0 0 0 0 0 0 0 0 0 42.45 26.6298235067377 42.45 26.6298235067377 0 0 0 0 0 0 0.1 1.38777878078145e-17 1 0 0 0 49175030 27900.2168450355 0 0 0 0 0 0 0 0 0 0 49175030 27900.2168450355 49175030 27900.2168450355 0 0 0 0 0 0 0 0 0 0 0 0 0 0 0.0543159 0.000126667805696634 0 0 0 0 0 0 0 0 0 0 0 0 0 0 0.004183072 0.000688186573006187 nan nan nan nan nan nan 4.9764755 2.62307210781266 0 0 0 0 0 0 0 0 
#46 49127970 80605.5959595858 49127970 80605.5959595858 0 0 0 0 0 0 200.75 68.7930774133561 0.0054359915 0.00171577174991686 0 0 0 0 0 0 0 0 0 0 0 0 0 0 0 0 0.9999403 3.40412984476159e-05 0.9999403 3.40412984476159e-05 0 0 0 0 0 0 0.055780715 0.00035116935554658 0 0 0 0 0 0 0 0 0 0 0 0 0 0 74.45 58.4640701627931 74.45 58.4640701627931 0 0 0 0 0 0 0.1 1.38777878078145e-17 1 0 0 0 49127970 80605.5959595858 0 0 0 0 0 0 0 0 0 0 49127970 80605.5959595858 49127970 80605.5959595858 0 0 0 0 0 0 0 0 0 0 0 0 0 0 0.055780715 0.00035116935554658 0 0 0 0 0 0 0 0 0 0 0 0 0 0 0.0054359915 0.00171577174991686 nan nan nan nan nan nan 7.995472 4.37690571697244 0 0 0 0 0 0 0 0 
#47 49166385 58863.7942626875 49166385 58863.7942626875 0 0 0 0 0 0 182.85 53.6397939966216 0.0050100215 0.00137466721868704 0 0 0 0 0 0 0 0 0 0 0 0 0 0 0 0 0.99995025 2.5473270304371e-05 0.99995025 2.5473270304371e-05 0 0 0 0 0 0 0.05687316 0.000276716126020874 0 0 0 0 0 0 0 0 0 0 0 0 0 0 69.15 55.9948881595454 69.15 55.9948881595454 0 0 0 0 0 0 0.1 1.38777878078145e-17 1 0 0 0 49166385 58863.7942626875 0 0 0 0 0 0 0 0 0 0 49166385 58863.7942626875 49166385 58863.7942626875 0 0 0 0 0 0 0 0 0 0 0 0 0 0 0.05687316 0.000276716126020874 0 0 0 0 0 0 0 0 0 0 0 0 0 0 0.0050100215 0.00137466721868704 nan nan nan nan nan nan 6.303309 3.022042507775 0 0 0 0 0 0 0 0 
#48 49082510 155832.249229741 49082510 155832.249229741 0 0 0 0 0 0 267.7 139.390494654406 0.007203953 0.00354649839613963 0 0 0 0 0 0 0 0 0 0 0 0 0 0 0 0 0.9999107 7.60881725368736e-05 0.9999107 7.60881725368736e-05 0 0 0 0 0 0 0.05853292 0.000763484049997117 0 0 0 0 0 0 0 0 0 0 0 0 0 0 136.15 139.731626699184 136.15 139.731626699184 0 0 0 0 0 0 0.1 1.38777878078145e-17 1 0 0 0 49082510 155832.249229741 0 0 0 0 0 0 0 0 0 0 49082510 155832.249229741 49082510 155832.249229741 0 0 0 0 0 0 0 0 0 0 0 0 0 0 0.05853292 0.000763484049997117 0 0 0 0 0 0 0 0 0 0 0 0 0 0 0.007203953 0.00354649839613963 nan nan nan nan nan nan 10.8412965 7.78578213549755 0 0 0 0 0 0 0 0 
#49 49081670 167751.563629076 49081670 167751.563629076 0 0 0 0 0 0 275.65 153.919548790919 0.0073946875 0.00387230270631943 0 0 0 0 0 0 0 0 0 0 0 0 0 0 0 0 0.99990215 7.79713248573034e-05 0.99990215 7.79713248573034e-05 0 0 0 0 0 0 0.05977835 0.000847542962037913 0 0 0 0 0 0 0 0 0 0 0 0 0 0 141.3 116.360259539071 141.3 116.360259539071 0 0 0 0 0 0 0.1 1.38777878078145e-17 1 0 0 0 49081670 167751.563629076 0 0 0 0 0 0 0 0 0 0 49081670 167751.563629076 49081670 167751.563629076 0 0 0 0 0 0 0 0 0 0 0 0 0 0 0.05977835 0.000847542962037913 0 0 0 0 0 0 0 0 0 0 0 0 0 0 0.0073946875 0.00387230270631943 nan nan nan nan nan nan 10.4073135 7.67663726806814 0 0 0 0 0 0 0 0 
50 48995310 225084.810460413 48995310 225084.810460413 0 0 0 0 0 0 366.75 201.526642159294 0.0097388265 0.00517692738764441 0 0 0 0 0 0 0 0 0 0 0 0 0 0 0 0 0.99987375 9.72732619993907e-05 0.99987375 9.72732619993907e-05 0 0 0 0 0 0 0.061495895 0.00115603006772099 0 0 0 0 0 0 0 0 0 0 0 0 0 0 173.35 133.131241637716 173.35 133.131241637716 0 0 0 0 0 0 0.1 1.38777878078145e-17 1 0 0 0 48995310 225084.810460413 0 0 0 0 0 0 0 0 0 0 48995310 225084.810460413 48995310 225084.810460413 0 0 0 0 0 0 0 0 0 0 0 0 0 0 0.061495895 0.00115603006772099 0 0 0 0 0 0 0 0 0 0 0 0 0 0 0.0097388265 0.00517692738764441 nan nan nan nan nan nan 14.816896 10.9425337386838 0 0 0 0 0 0 0 0 
