#1 Nodes,                 #2 AvgThroughput,               #4 totalBKThroughput, 
#6 totalBEThroughput,       #8 totalVIThroughput,           #10 totalVOThroughput,
#12 totalCollisions,        #14 totalBKCollisions,          #16 totalBECollisions,
#18 totalVICollisions,      #20 TotalVOCollisions,          #22 totalInternalCollisions,    
#24 totalBKIntCol,          #26 totalBEIntCol,              #28 totalVIIntCol,
#30 totalVOIntCol,          #32 overallFairness,            #34 BKFairness,
#36 BEFairness,             #38 VIFairness,                 #40 VOFairness,
#42 avgTimeBtSxTxBK,        #44 avgTimeBtSxTxBE,            #46 avgTimeBtSxTxVI,
#48 avgTimeBtSxTxVO,        #50 qEmptyBK,                   #52 qEmptyBE,
#54 qEmptyVI,               #56 qEmptyVO                    #58 totalDropped,
#60 droppedBK,              #62 droppedBE                   #64 droppedVI,
#66 droppedVO               #68 channelErrors               #70 stickiness
#72 totalThroughputUnsat    #74 totalThroughputSat          #76 totalThroughputEDCA
#78 totalBKthroughputEDCA   #80 totalBEthroughputEDCA       #82 totalVIthroughputEDCA
#84 totalVOthroughputEDCA   #86 totalThroughputECA          #88 totalBKthroughputECA
#90 totalBEthroughputECA    #92 totalVIthroughputECA        #94 totalVOthroughputECA
#96 avgTimeBtSxTxBkEDCA     #98 avgTimeBtSxTxBeEDCA         #100 avgTimeBtSxTxViEDCA
#102 avgTimeBtSxTxVoEDCA    #104 avgTimeBtSxTxBkECA         #106 avgTimeBtSxTxBeECA
#108 avgTimeBtSxTxViECA     #110 avgTimeBtSxTxVoECA         #112 BKCollisionsEDCA
#114 BECollisionsEDCA       #116 VICollisionsEDCA           #118 VOCollisionsEDCA
#120 BKCollisionsECA        #122 BECollisionsECA            #124 VICollisionsECA
#126 VOCollisionsEDCA       #128 lastCollision              #130 avgQueuingDelayBK
#132 avgQueuingDelayBE      #134 avgQueuingDelayVI          #136 avgQueuingDelayVO
2 19063340 54745.7249472504 19063340 54745.7249472504 0 0 0 0 0 0 26889.3 75.7978231877407 0.1068634 0.000202024849956632 0 0 0 0 0 0 0 0 0 0 0 0 0 0 0 0 0.99874785 0.00127569566413781 0.99874785 0.00127569566413781 0 0 0 0 0 0 0.0008605391 2.90958567325315e-06 0 0 0 0 0 0 0 0 0 0 0 0 0 0 0.8 0.748331477354788 0.8 0.748331477354788 0 0 0 0 0 0 0.1 1.38777878078145e-17 1 0 0 0 19063340 54745.7249472504 0 0 0 0 0 0 0 0 0 0 19063340 54745.7249472504 19063340 54745.7249472504 0 0 0 0 0 0 0 0 0 0 0 0 0 0 0.0008605391 2.90958567325315e-06 0 0 0 0 0 0 0 0 0 0 0 0 0 0 0.1068634 0.000202024849956632 nan nan nan nan nan nan 99.996185 0.00380989173074639 0 0 0 0 0 0 0 0 
4 18971000 47503.8945771818 18971000 47503.8945771818 0 0 0 0 0 0 27754.95 108.850574183143 0.1137813 0.000385833267098626 0 0 0 0 0 0 0 0 0 0 0 0 0 0 0 0 0.9991623 0.000782368653513156 0.9991623 0.000782368653513156 0 0 0 0 0 0 0.001728729 4.36296332783121e-06 0 0 0 0 0 0 0 0 0 0 0 0 0 0 2.3 1.95192212959431 2.3 1.95192212959431 0 0 0 0 0 0 0.1 1.38777878078145e-17 1 0 0 0 18971000 47503.8945771818 0 0 0 0 0 0 0 0 0 0 18971000 47503.8945771818 18971000 47503.8945771818 0 0 0 0 0 0 0 0 0 0 0 0 0 0 0.001728729 4.36296332783121e-06 0 0 0 0 0 0 0 0 0 0 0 0 0 0 0.1137813 0.000385833267098626 nan nan nan nan nan nan 99.997305 0.00294184890842371 0 0 0 0 0 0 0 0 
6 19590345 29287.2578948593 19590345 29287.2578948593 0 0 0 0 0 0 28872.35 82.5513627991689 0.1151521 0.000363877025930465 0 0 0 0 0 0 0 0 0 0 0 0 0 0 0 0 0.99961415 0.000205592138711567 0.99961415 0.000205592138711567 0 0 0 0 0 0 0.0025099615 3.61462345895111e-06 0 0 0 0 0 0 0 0 0 0 0 0 0 0 1.5 1.02469507659596 1.5 1.02469507659596 0 0 0 0 0 0 0.1 1.38777878078145e-17 1 0 0 0 19590345 29287.2578948593 0 0 0 0 0 0 0 0 0 0 19590345 29287.2578948593 19590345 29287.2578948593 0 0 0 0 0 0 0 0 0 0 0 0 0 0 0.0025099615 3.61462345895111e-06 0 0 0 0 0 0 0 0 0 0 0 0 0 0 0.1151521 0.000363877025930465 nan nan nan nan nan nan 99.99708 0.00216993087447498 0 0 0 0 0 0 0 0 
8 20541760 24071.4228910549 20541760 24071.4228910549 0 0 0 0 0 0 30293.35 96.6593373658231 0.1153017 0.000460479434937108 0 0 0 0 0 0 0 0 0 0 0 0 0 0 0 0 0.99977215 0.000160972443293883 0.99977215 0.000160972443293883 0 0 0 0 0 0 0.003191103 3.53637116264687e-06 0 0 0 0 0 0 0 0 0 0 0 0 0 0 2.95 1.88348082018374 2.95 1.88348082018374 0 0 0 0 0 0 0.1 1.38777878078145e-17 1 0 0 0 20541760 24071.4228910549 0 0 0 0 0 0 0 0 0 0 20541760 24071.4228910549 20541760 24071.4228910549 0 0 0 0 0 0 0 0 0 0 0 0 0 0 0.003191103 3.53637116264687e-06 0 0 0 0 0 0 0 0 0 0 0 0 0 0 0.1153017 0.000460479434937108 nan nan nan nan nan nan 99.99807 0.00157356283636686 0 0 0 0 0 0 0 0 
10 21483520 15691.54549431 21483520 15691.54549431 0 0 0 0 0 0 31889.1 86.4788413428395 0.11646085 0.000492444136425647 0 0 0 0 0 0 0 0 0 0 0 0 0 0 0 0 0.9998774 5.7350152571732e-05 0.9998774 5.7350152571732e-05 0 0 0 0 0 0 0.0038136185 2.79039473014123e-06 0 0 0 0 0 0 0 0 0 0 0 0 0 0 6.5 3.00832179129826 6.5 3.00832179129826 0 0 0 0 0 0 0.1 1.38777878078145e-17 1 0 0 0 21483520 15691.54549431 0 0 0 0 0 0 0 0 0 0 21483520 15691.54549431 21483520 15691.54549431 0 0 0 0 0 0 0 0 0 0 0 0 0 0 0.0038136185 2.79039473014123e-06 0 0 0 0 0 0 0 0 0 0 0 0 0 0 0.11646085 0.000492444136425647 nan nan nan nan nan nan 99.997265 0.0031856357293314 0 0 0 0 0 0 0 0 
12 22275040 11920.2097296986 22275040 11920.2097296986 0 0 0 0 0 0 33469.5 106.535674776105 0.11880925 0.000576528999704265 0 0 0 0 0 0 0 0 0 0 0 0 0 0 0 0 0.9999099 3.27137585734175e-05 0.9999099 3.27137585734175e-05 0 0 0 0 0 0 0.004413583 2.3849446534459e-06 0 0 0 0 0 0 0 0 0 0 0 0 0 0 8.05 2.10890967089631 8.05 2.10890967089631 0 0 0 0 0 0 0.1 1.38777878078145e-17 1 0 0 0 22275040 11920.2097296986 0 0 0 0 0 0 0 0 0 0 22275040 11920.2097296986 22275040 11920.2097296986 0 0 0 0 0 0 0 0 0 0 0 0 0 0 0.004413583 2.3849446534459e-06 0 0 0 0 0 0 0 0 0 0 0 0 0 0 0.11880925 0.000576528999704265 nan nan nan nan nan nan 99.99774 0.00165632122488447 0 0 0 0 0 0 0 0 
14 22905315 11117.6110293534 22905315 11117.6110293534 0 0 0 0 0 0 34966.55 71.5566034688623 0.1219479 0.000413645609187382 0 0 0 0 0 0 0 0 0 0 0 0 0 0 0 0 0.9999041 3.35781178745861e-05 0.9999041 3.35781178745861e-05 0 0 0 0 0 0 0.005007519 2.44476358775237e-06 0 0 0 0 0 0 0 0 0 0 0 0 0 0 11 2.60768096208106 11 2.60768096208106 0 0 0 0 0 0 0.1 1.38777878078145e-17 1 0 0 0 22905315 11117.6110293534 0 0 0 0 0 0 0 0 0 0 22905315 11117.6110293534 22905315 11117.6110293534 0 0 0 0 0 0 0 0 0 0 0 0 0 0 0.005007519 2.44476358775237e-06 0 0 0 0 0 0 0 0 0 0 0 0 0 0 0.1219479 0.000413645609187382 nan nan nan nan nan nan 99.99702 0.00266037591328605 0 0 0 0 0 0 0 0 
16 23401000 10700.560732971 23401000 10700.560732971 0 0 0 0 0 0 36404.1 56.10427791176 0.12562445 0.000345370160118094 0 0 0 0 0 0 0 0 0 0 0 0 0 0 0 0 0.999902 3.71564260929371e-05 0.999902 3.71564260929371e-05 0 0 0 0 0 0 0.0056016655 2.53471788371006e-06 0 0 0 0 0 0 0 0 0 0 0 0 0 0 16.55 3.76131625897105 16.55 3.76131625897105 0 0 0 0 0 0 0.1 1.38777878078145e-17 1 0 0 0 23401000 10700.560732971 0 0 0 0 0 0 0 0 0 0 23401000 10700.560732971 23401000 10700.560732971 0 0 0 0 0 0 0 0 0 0 0 0 0 0 0.0056016655 2.53471788371006e-06 0 0 0 0 0 0 0 0 0 0 0 0 0 0 0.12562445 0.000345370160118094 nan nan nan nan nan nan 99.9961 0.00432666153055587 0 0 0 0 0 0 0 0 
18 23793320 17848.4901322213 23793320 17848.4901322213 0 0 0 0 0 0 37734.05 108.857464144633 0.1295675 0.00065892461632572 0 0 0 0 0 0 0 0 0 0 0 0 0 0 0 0 0.9998626 4.95977822084773e-05 0.9998626 4.95977822084773e-05 0 0 0 0 0 0 0.006198211 4.66735353278496e-06 0 0 0 0 0 0 0 0 0 0 0 0 0 0 22.5 4.4328320518603 22.5 4.4328320518603 0 0 0 0 0 0 0.1 1.38777878078145e-17 1 0 0 0 23793320 17848.4901322213 0 0 0 0 0 0 0 0 0 0 23793320 17848.4901322213 23793320 17848.4901322213 0 0 0 0 0 0 0 0 0 0 0 0 0 0 0.006198211 4.66735353278496e-06 0 0 0 0 0 0 0 0 0 0 0 0 0 0 0.1295675 0.00065892461632572 nan nan nan nan nan nan 99.997515 0.00201476425419705 0 0 0 0 0 0 0 0 
20 24095895 18022.9985019142 24095895 18022.9985019142 0 0 0 0 0 0 39075.15 107.102882780997 0.13400385 0.0006421862093661 0 0 0 0 0 0 0 0 0 0 0 0 0 0 0 0 0.9998578 4.37968035363308e-05 0.9998578 4.37968035363308e-05 0 0 0 0 0 0 0.006800449 5.07289453862382e-06 0 0 0 0 0 0 0 0 0 0 0 0 0 0 31 4.75394572960189 31 4.75394572960189 0 0 0 0 0 0 0.1 1.38777878078145e-17 1 0 0 0 24095895 18022.9985019142 0 0 0 0 0 0 0 0 0 0 24095895 18022.9985019142 24095895 18022.9985019142 0 0 0 0 0 0 0 0 0 0 0 0 0 0 0.006800449 5.07289453862382e-06 0 0 0 0 0 0 0 0 0 0 0 0 0 0 0.13400385 0.0006421862093661 nan nan nan nan nan nan 99.99701 0.00241016596938853 0 0 0 0 0 0 0 0 
22 24335605 16171.9347945754 24335605 16171.9347945754 0 0 0 0 0 0 40369 107.357347210147 0.1386455 0.000624352584682729 0 0 0 0 0 0 0 0 0 0 0 0 0 0 0 0 0.99983925 5.41053370750125e-05 0.99983925 5.41053370750125e-05 0 0 0 0 0 0 0.0074069435 4.93453875757388e-06 0 0 0 0 0 0 0 0 0 0 0 0 0 0 42.2 6.37651942677194 42.2 6.37651942677194 0 0 0 0 0 0 0.1 1.38777878078145e-17 1 0 0 0 24335605 16171.9347945754 0 0 0 0 0 0 0 0 0 0 24335605 16171.9347945754 24335605 16171.9347945754 0 0 0 0 0 0 0 0 0 0 0 0 0 0 0.0074069435 4.93453875757388e-06 0 0 0 0 0 0 0 0 0 0 0 0 0 0 0.1386455 0.000624352584682729 nan nan nan nan nan nan 99.997695 0.00178898714360966 0 0 0 0 0 0 0 0 
24 24523110 15431.0369061836 24523110 15431.0369061836 0 0 0 0 0 0 41654.25 106.200694442174 0.14354595 0.000602764587131661 0 0 0 0 0 0 0 0 0 0 0 0 0 0 0 0 0.9998313 4.51144101147329e-05 0.9998313 4.51144101147329e-05 0 0 0 0 0 0 0.0080185945 5.040779180841e-06 0 0 0 0 0 0 0 0 0 0 0 0 0 0 55.95 6.49980768946282 55.95 6.49980768946282 0 0 0 0 0 0 0.1 1.38777878078145e-17 1 0 0 0 24523110 15431.0369061836 0 0 0 0 0 0 0 0 0 0 24523110 15431.0369061836 24523110 15431.0369061836 0 0 0 0 0 0 0 0 0 0 0 0 0 0 0.0080185945 5.040779180841e-06 0 0 0 0 0 0 0 0 0 0 0 0 0 0 0.14354595 0.000602764587131661 nan nan nan nan nan nan 99.997095 0.00214230600055121 0 0 0 0 0 0 0 0 
26 24662795 20110.8049316779 24662795 20110.8049316779 0 0 0 0 0 0 42972.8 144.802486166502 0.14885865 0.000754452269862052 0 0 0 0 0 0 0 0 0 0 0 0 0 0 0 0 0.9997986 5.8296998207456e-05 0.9997986 5.8296998207456e-05 0 0 0 0 0 0 0.0086378875 7.13827211235312e-06 0 0 0 0 0 0 0 0 0 0 0 0 0 0 73.35 10.0063729692631 73.35 10.0063729692631 0 0 0 0 0 0 0.1 1.38777878078145e-17 1 0 0 0 24662795 20110.8049316779 0 0 0 0 0 0 0 0 0 0 24662795 20110.8049316779 24662795 20110.8049316779 0 0 0 0 0 0 0 0 0 0 0 0 0 0 0.0086378875 7.13827211235312e-06 0 0 0 0 0 0 0 0 0 0 0 0 0 0 0.14885865 0.000754452269862052 nan nan nan nan nan nan 99.998625 0.000960143218482629 0 0 0 0 0 0 0 0 
28 24766090 16291.2829451827 24766090 16291.2829451827 0 0 0 0 0 0 44304.35 121.076122749285 0.1544384 0.000622347282471774 0 0 0 0 0 0 0 0 0 0 0 0 0 0 0 0 0.9997663 6.96247800714765e-05 0.9997663 6.96247800714765e-05 0 0 0 0 0 0 0.009263841 6.17053312121403e-06 0 0 0 0 0 0 0 0 0 0 0 0 0 0 93.8 11.8600168633944 93.8 11.8600168633944 0 0 0 0 0 0 0.1 1.38777878078145e-17 1 0 0 0 24766090 16291.2829451827 0 0 0 0 0 0 0 0 0 0 24766090 16291.2829451827 24766090 16291.2829451827 0 0 0 0 0 0 0 0 0 0 0 0 0 0 0.009263841 6.17053312121403e-06 0 0 0 0 0 0 0 0 0 0 0 0 0 0 0.1544384 0.000622347282471774 nan nan nan nan nan nan 99.997535 0.0018418129655306 0 0 0 0 0 0 0 0 
30 24844540 21330.363334927 24844540 21330.363334927 0 0 0 0 0 0 45619.7 156.942696548772 0.16004415 0.000870655515976325 0 0 0 0 0 0 0 0 0 0 0 0 0 0 0 0 0.9997282 5.03404409992767e-05 0.9997282 5.03404409992767e-05 0 0 0 0 0 0 0.009894576 8.55217364182909e-06 0 0 0 0 0 0 0 0 0 0 0 0 0 0 119 11.0317722964173 119 11.0317722964173 0 0 0 0 0 0 0.1 1.38777878078145e-17 1 0 0 0 24844540 21330.363334927 0 0 0 0 0 0 0 0 0 0 24844540 21330.363334927 24844540 21330.363334927 0 0 0 0 0 0 0 0 0 0 0 0 0 0 0.009894576 8.55217364182909e-06 0 0 0 0 0 0 0 0 0 0 0 0 0 0 0.16004415 0.000870655515976325 nan nan nan nan nan nan 99.997845 0.00199686629497379 0 0 0 0 0 0 0 0 
32 24893645 14890.281226357 24893645 14890.281226357 0 0 0 0 0 0 46994.75 103.948484837442 0.1660171 0.000560418406193085 0 0 0 0 0 0 0 0 0 0 0 0 0 0 0 0 0.99974545 6.42140755597971e-05 0.99974545 6.42140755597971e-05 0 0 0 0 0 0 0.010533215 6.47219244151484e-06 0 0 0 0 0 0 0 0 0 0 0 0 0 0 145.85 10.258045622827 145.85 10.258045622827 0 0 0 0 0 0 0.1 1.38777878078145e-17 1 0 0 0 24893645 14890.281226357 0 0 0 0 0 0 0 0 0 0 24893645 14890.281226357 24893645 14890.281226357 0 0 0 0 0 0 0 0 0 0 0 0 0 0 0.010533215 6.47219244151484e-06 0 0 0 0 0 0 0 0 0 0 0 0 0 0 0.1660171 0.000560418406193085 nan nan nan nan nan nan 99.99786 0.00182794967107828 0 0 0 0 0 0 0 0 
34 24919810 19836.7562872562 24919810 19836.7562872562 0 0 0 0 0 0 48379.9 156.007660068344 0.17226475 0.000812735804243917 0 0 0 0 0 0 0 0 0 0 0 0 0 0 0 0 0.9997076 6.3657206976118e-05 0.9997076 6.3657206976118e-05 0 0 0 0 0 0 0.011180205 9.10255321324729e-06 0 0 0 0 0 0 0 0 0 0 0 0 0 0 175.65 13.0892131161503 175.65 13.0892131161503 0 0 0 0 0 0 0.1 1.38777878078145e-17 1 0 0 0 24919810 19836.7562872562 0 0 0 0 0 0 0 0 0 0 24919810 19836.7562872562 24919810 19836.7562872562 0 0 0 0 0 0 0 0 0 0 0 0 0 0 0.011180205 9.10255321324729e-06 0 0 0 0 0 0 0 0 0 0 0 0 0 0 0.17226475 0.000812735804243917 nan nan nan nan nan nan 99.998505 0.00165574001582187 0 0 0 0 0 0 0 0 
36 24936860 18656.9129279203 24936860 18656.9129279203 0 0 0 0 0 0 49740.9 139.77728713922 0.17834455 0.000772309813157905 0 0 0 0 0 0 0 0 0 0 0 0 0 0 0 0 0.99968315 8.40745353838056e-05 0.99968315 8.40745353838056e-05 0 0 0 0 0 0 0.011830065 8.90731581341994e-06 0 0 0 0 0 0 0 0 0 0 0 0 0 0 205.45 15.8697038409669 205.45 15.8697038409669 0 0 0 0 0 0 0.1 1.38777878078145e-17 1 0 0 0 24936860 18656.9129279203 0 0 0 0 0 0 0 0 0 0 24936860 18656.9129279203 24936860 18656.9129279203 0 0 0 0 0 0 0 0 0 0 0 0 0 0 0.011830065 8.90731581341994e-06 0 0 0 0 0 0 0 0 0 0 0 0 0 0 0.17834455 0.000772309813157905 nan nan nan nan nan nan 99.998185 0.00176104372461215 0 0 0 0 0 0 0 0 
38 24927620 14115.9342588438 24927620 14115.9342588438 0 0 0 0 0 0 51193.55 110.902874173756 0.184988 0.000582015377803714 0 0 0 0 0 0 0 0 0 0 0 0 0 0 0 0 0.9996291 5.89609192601466e-05 0.9996291 5.89609192601466e-05 0 0 0 0 0 0 0.012492585 6.98571936166917e-06 0 0 0 0 0 0 0 0 0 0 0 0 0 0 244.25 20.0969525052929 244.25 20.0969525052929 0 0 0 0 0 0 0.1 1.38777878078145e-17 1 0 0 0 24927620 14115.9342588438 0 0 0 0 0 0 0 0 0 0 24927620 14115.9342588438 24927620 14115.9342588438 0 0 0 0 0 0 0 0 0 0 0 0 0 0 0.012492585 6.98571936166917e-06 0 0 0 0 0 0 0 0 0 0 0 0 0 0 0.184988 0.000582015377803714 nan nan nan nan nan nan 99.998355 0.00148676662593403 0 0 0 0 0 0 0 0 
40 24896930 20288.2749389888 24896930 20288.2749389888 0 0 0 0 0 0 52753 162.008641744816 0.1920359 0.000828845817990296 0 0 0 0 0 0 0 0 0 0 0 0 0 0 0 0 0.9996277 8.55693286172222e-05 0.9996277 8.55693286172222e-05 0 0 0 0 0 0 0.013166315 1.06929076962254e-05 0 0 0 0 0 0 0 0 0 0 0 0 0 0 293.7 19.6267674363355 293.7 19.6267674363355 0 0 0 0 0 0 0.1 1.38777878078145e-17 1 0 0 0 24896930 20288.2749389888 0 0 0 0 0 0 0 0 0 0 24896930 20288.2749389888 24896930 20288.2749389888 0 0 0 0 0 0 0 0 0 0 0 0 0 0 0.013166315 1.06929076962254e-05 0 0 0 0 0 0 0 0 0 0 0 0 0 0 0.1920359 0.000828845817990296 nan nan nan nan nan nan 99.99851 0.00147881709484198 0 0 0 0 0 0 0 0 
42 24857275 23832.9787269657 24857275 23832.9787269657 0 0 0 0 0 0 54290.15 195.033144619062 0.1991559 0.000991145140733686 0 0 0 0 0 0 0 0 0 0 0 0 0 0 0 0 0.9996383 7.09190383465434e-05 0.9996383 7.09190383465434e-05 0 0 0 0 0 0 0.013846515 1.31458082672767e-05 0 0 0 0 0 0 0 0 0 0 0 0 0 0 334.05 15.363837411272 334.05 15.363837411272 0 0 0 0 0 0 0.1 1.38777878078145e-17 1 0 0 0 24857275 23832.9787269657 0 0 0 0 0 0 0 0 0 0 24857275 23832.9787269657 24857275 23832.9787269657 0 0 0 0 0 0 0 0 0 0 0 0 0 0 0.013846515 1.31458082672767e-05 0 0 0 0 0 0 0 0 0 0 0 0 0 0 0.1991559 0.000991145140733686 nan nan nan nan nan nan 99.99873 0.00123697210962751 0 0 0 0 0 0 0 0 
44 24817430 22291.4355751262 24817430 22291.4355751262 0 0 0 0 0 0 55763.55 181.039077273389 0.20596475 0.000917552335019647 0 0 0 0 0 0 0 0 0 0 0 0 0 0 0 0 0.9995549 9.22441868087152e-05 0.9995549 9.22441868087152e-05 0 0 0 0 0 0 0.01453041 1.26444019233808e-05 0 0 0 0 0 0 0 0 0 0 0 0 0 0 396.75 14.4874946074192 396.75 14.4874946074192 0 0 0 0 0 0 0.1 1.38777878078145e-17 1 0 0 0 24817430 22291.4355751262 0 0 0 0 0 0 0 0 0 0 24817430 22291.4355751262 24817430 22291.4355751262 0 0 0 0 0 0 0 0 0 0 0 0 0 0 0.01453041 1.26444019233808e-05 0 0 0 0 0 0 0 0 0 0 0 0 0 0 0.20596475 0.000917552335019647 nan nan nan nan nan nan 99.99813 0.0012426182036329 0 0 0 0 0 0 0 0 
46 24760585 21396.4313613275 24760585 21396.4313613275 0 0 0 0 0 0 57319.05 186.936479853452 0.2132248 0.000960785595229237 0 0 0 0 0 0 0 0 0 0 0 0 0 0 0 0 0.99952825 8.10875298674071e-05 0.99952825 8.10875298674071e-05 0 0 0 0 0 0 0.0152261 1.32055291450211e-05 0 0 0 0 0 0 0 0 0 0 0 0 0 0 453.2 18.3373934898066 453.2 18.3373934898066 0 0 0 0 0 0 0.1 1.38777878078145e-17 1 0 0 0 24760585 21396.4313613275 0 0 0 0 0 0 0 0 0 0 24760585 21396.4313613275 24760585 21396.4313613275 0 0 0 0 0 0 0 0 0 0 0 0 0 0 0.0152261 1.32055291450211e-05 0 0 0 0 0 0 0 0 0 0 0 0 0 0 0.2132248 0.000960785595229237 nan nan nan nan nan nan 99.99891 0.000852584306681367 0 0 0 0 0 0 0 0 
48 24690860 24730.1920736577 24690860 24730.1920736577 0 0 0 0 0 0 58947.8 214.479509510816 0.22073185 0.00105073570773054 0 0 0 0 0 0 0 0 0 0 0 0 0 0 0 0 0.9994796 9.47672939362493e-05 0.9994796 9.47672939362493e-05 0 0 0 0 0 0 0.015933805 1.58618559758942e-05 0 0 0 0 0 0 0 0 0 0 0 0 0 0 516.85 21.7192886623849 516.85 21.7192886623849 0 0 0 0 0 0 0.1 1.38777878078145e-17 1 0 0 0 24690860 24730.1920736577 0 0 0 0 0 0 0 0 0 0 24690860 24730.1920736577 24690860 24730.1920736577 0 0 0 0 0 0 0 0 0 0 0 0 0 0 0.015933805 1.58618559758942e-05 0 0 0 0 0 0 0 0 0 0 0 0 0 0 0.22073185 0.00105073570773054 nan nan nan nan nan nan 99.998615 0.00118712888938069 0 0 0 0 0 0 0 0 
50 24625155 23053.6000442447 24625155 23053.6000442447 0 0 0 0 0 0 60489.5 203.309001276382 0.22778215 0.000936952788298323 0 0 0 0 0 0 0 0 0 0 0 0 0 0 0 0 0.99953835 9.98214781497542e-05 0.99953835 9.98214781497542e-05 0 0 0 0 0 0 0.016640935 1.54009179921204e-05 0 0 0 0 0 0 0 0 0 0 0 0 0 0 572.5 23.6019067026374 572.5 23.6019067026374 0 0 0 0 0 0 0.1 1.38777878078145e-17 1 0 0 0 24625155 23053.6000442447 0 0 0 0 0 0 0 0 0 0 24625155 23053.6000442447 24625155 23053.6000442447 0 0 0 0 0 0 0 0 0 0 0 0 0 0 0.016640935 1.54009179921204e-05 0 0 0 0 0 0 0 0 0 0 0 0 0 0 0.22778215 0.000936952788298323 nan nan nan nan nan nan 99.99833 0.00214758003343293 0 0 0 0 0 0 0 0 
52 24538970 24459.8671296473 24538970 24459.8671296473 0 0 0 0 0 0 62168.8 212.786888693829 0.23554975 0.00100797960668855 0 0 0 0 0 0 0 0 0 0 0 0 0 0 0 0 0.9994402 9.17281854175767e-05 0.9994402 9.17281854175767e-05 0 0 0 0 0 0 0.017369075 1.75460216288481e-05 0 0 0 0 0 0 0 0 0 0 0 0 0 0 646.15 26.1309682178062 646.15 26.1309682178062 0 0 0 0 0 0 0.1 1.38777878078145e-17 1 0 0 0 24538970 24459.8671296473 0 0 0 0 0 0 0 0 0 0 24538970 24459.8671296473 24538970 24459.8671296473 0 0 0 0 0 0 0 0 0 0 0 0 0 0 0.017369075 1.75460216288481e-05 0 0 0 0 0 0 0 0 0 0 0 0 0 0 0.23554975 0.00100797960668855 nan nan nan nan nan nan 99.998895 0.000793394605475084 0 0 0 0 0 0 0 0 
54 24462880 16931.1429029466 24462880 16931.1429029466 0 0 0 0 0 0 63724.55 148.922286780723 0.2426099 0.000693215904318418 0 0 0 0 0 0 0 0 0 0 0 0 0 0 0 0 0.99940315 0.000108105631213196 0.99940315 0.000108105631213196 0 0 0 0 0 0 0.0180939 1.27293361963611e-05 0 0 0 0 0 0 0 0 0 0 0 0 0 0 719.05 23.8945077371349 719.05 23.8945077371349 0 0 0 0 0 0 0.1 1.38777878078145e-17 1 0 0 0 24462880 16931.1429029466 0 0 0 0 0 0 0 0 0 0 24462880 16931.1429029466 24462880 16931.1429029466 0 0 0 0 0 0 0 0 0 0 0 0 0 0 0.0180939 1.27293361963611e-05 0 0 0 0 0 0 0 0 0 0 0 0 0 0 0.2426099 0.000693215904318418 nan nan nan nan nan nan 99.998765 0.00093609561477488 0 0 0 0 0 0 0 0 
56 24367790 17815.271538767 24367790 17815.271538767 0 0 0 0 0 0 65430.45 160.210010611073 0.25037 0.000732236095805169 0 0 0 0 0 0 0 0 0 0 0 0 0 0 0 0 0.99936155 0.000126579411833043 0.99936155 0.000126579411833043 0 0 0 0 0 0 0.01883803 1.33795777212885e-05 0 0 0 0 0 0 0 0 0 0 0 0 0 0 799.55 31.77337722056 799.55 31.77337722056 0 0 0 0 0 0 0.1 1.38777878078145e-17 1 0 0 0 24367790 17815.271538767 0 0 0 0 0 0 0 0 0 0 24367790 17815.271538767 24367790 17815.271538767 0 0 0 0 0 0 0 0 0 0 0 0 0 0 0.01883803 1.33795777212885e-05 0 0 0 0 0 0 0 0 0 0 0 0 0 0 0.25037 0.000732236095805169 nan nan nan nan nan nan 99.99803 0.00225568171513663 0 0 0 0 0 0 0 0 
58 24269810 22073.420668306 24269810 22073.420668306 0 0 0 0 0 0 67117.9 199.903951936924 0.2580268 0.000905084172881173 0 0 0 0 0 0 0 0 0 0 0 0 0 0 0 0 0.99933345 0.000134096038345656 0.99933345 0.000134096038345656 0 0 0 0 0 0 0.019590165 1.8118009686497e-05 0 0 0 0 0 0 0 0 0 0 0 0 0 0 888.1 27.8188784820668 888.1 27.8188784820668 0 0 0 0 0 0 0.1 1.38777878078145e-17 1 0 0 0 24269810 22073.420668306 0 0 0 0 0 0 0 0 0 0 24269810 22073.420668306 24269810 22073.420668306 0 0 0 0 0 0 0 0 0 0 0 0 0 0 0.019590165 1.8118009686497e-05 0 0 0 0 0 0 0 0 0 0 0 0 0 0 0.2580268 0.000905084172881173 nan nan nan nan nan nan 99.99837 0.0012490396310765 0 0 0 0 0 0 0 0 
60 24177150 27815.0229192787 24177150 27815.0229192787 0 0 0 0 0 0 68734 255.456258486654 0.26535975 0.00117458119663989 0 0 0 0 0 0 0 0 0 0 0 0 0 0 0 0 0.99931935 0.000126228473412297 0.99931935 0.000126228473412297 0 0 0 0 0 0 0.020343625 2.18298390969788e-05 0 0 0 0 0 0 0 0 0 0 0 0 0 0 979.35 26.698829562361 979.35 26.698829562361 0 0 0 0 0 0 0.1 1.38777878078145e-17 1 0 0 0 24177150 27815.0229192787 0 0 0 0 0 0 0 0 0 0 24177150 27815.0229192787 24177150 27815.0229192787 0 0 0 0 0 0 0 0 0 0 0 0 0 0 0.020343625 2.18298390969788e-05 0 0 0 0 0 0 0 0 0 0 0 0 0 0 0.26535975 0.00117458119663989 nan nan nan nan nan nan 99.998215 0.00137886728875501 0 0 0 0 0 0 0 0 
62 24084245 19465.186230807 24084245 19465.186230807 0 0 0 0 0 0 70325.6 176.602491488654 0.27251 0.000808056248042173 0 0 0 0 0 0 0 0 0 0 0 0 0 0 0 0 0.99933345 0.000130088229675087 0.99933345 0.000130088229675087 0 0 0 0 0 0 0.0211024 1.70874807973557e-05 0 0 0 0 0 0 0 0 0 0 0 0 0 0 1048.15 26.6050277203389 1048.15 26.6050277203389 0 0 0 0 0 0 0.1 1.38777878078145e-17 1 0 0 0 24084245 19465.186230807 0 0 0 0 0 0 0 0 0 0 24084245 19465.186230807 24084245 19465.186230807 0 0 0 0 0 0 0 0 0 0 0 0 0 0 0.0211024 1.70874807973557e-05 0 0 0 0 0 0 0 0 0 0 0 0 0 0 0.27251 0.000808056248042173 nan nan nan nan nan nan 99.99892 0.0010651760417878 0 0 0 0 0 0 0 0 
64 23978980 15640.8311799597 23978980 15640.8311799597 0 0 0 0 0 0 72010.35 150.104721777831 0.2801611 0.000703188730000706 0 0 0 0 0 0 0 0 0 0 0 0 0 0 0 0 0.99928665 0.000134891910432018 0.99928665 0.000134891910432018 0 0 0 0 0 0 0.021879745 1.58182323601591e-05 0 0 0 0 0 0 0 0 0 0 0 0 0 0 1159.9 30.8235299730579 1159.9 30.8235299730579 0 0 0 0 0 0 0.1 1.38777878078145e-17 1 0 0 0 23978980 15640.8311799597 0 0 0 0 0 0 0 0 0 0 23978980 15640.8311799597 23978980 15640.8311799597 0 0 0 0 0 0 0 0 0 0 0 0 0 0 0.021879745 1.58182323601591e-05 0 0 0 0 0 0 0 0 0 0 0 0 0 0 0.2801611 0.000703188730000706 nan nan nan nan nan nan 99.99898 0.000769155380921305 0 0 0 0 0 0 0 0 
66 23885755 23045.0531568057 23885755 23045.0531568057 0 0 0 0 0 0 73567.55 221.787843445036 0.28701655 0.00100825698485059 0 0 0 0 0 0 0 0 0 0 0 0 0 0 0 0 0.9992837 0.000120024205891991 0.9992837 0.000120024205891991 0 0 0 0 0 0 0.022651645 2.16194466857966e-05 0 0 0 0 0 0 0 0 0 0 0 0 0 0 1238.65 40.8818725109308 1238.65 40.8818725109308 0 0 0 0 0 0 0.1 1.38777878078145e-17 1 0 0 0 23885755 23045.0531568057 0 0 0 0 0 0 0 0 0 0 23885755 23045.0531568057 23885755 23045.0531568057 0 0 0 0 0 0 0 0 0 0 0 0 0 0 0.022651645 2.16194466857966e-05 0 0 0 0 0 0 0 0 0 0 0 0 0 0 0.28701655 0.00100825698485059 nan nan nan nan nan nan 99.99888 0.00121638809596226 0 0 0 0 0 0 0 0 
68 23777745 22252.8082497468 23777745 22252.8082497468 0 0 0 0 0 0 75233.55 215.872989278418 0.2945008 0.000951403888997723 0 0 0 0 0 0 0 0 0 0 0 0 0 0 0 0 0.99922615 0.000118698051795308 0.99922615 0.000118698051795308 0 0 0 0 0 0 0.023445425 2.21354212745098e-05 0 0 0 0 0 0 0 0 0 0 0 0 0 0 1353.05 33.8474149677638 1353.05 33.8474149677638 0 0 0 0 0 0 0.1 1.38777878078145e-17 1 0 0 0 23777745 22252.8082497468 0 0 0 0 0 0 0 0 0 0 23777745 22252.8082497468 23777745 22252.8082497468 0 0 0 0 0 0 0 0 0 0 0 0 0 0 0.023445425 2.21354212745098e-05 0 0 0 0 0 0 0 0 0 0 0 0 0 0 0.2945008 0.000951403888997723 nan nan nan nan nan nan 99.99869 0.00109631199938611 0 0 0 0 0 0 0 0 
70 23674080 19804.6358209385 23674080 19804.6358209385 0 0 0 0 0 0 76844.35 186.859914106798 0.3016899 0.000809125138652857 0 0 0 0 0 0 0 0 0 0 0 0 0 0 0 0 0.99922955 0.000119327899084832 0.99922955 0.000119327899084832 0 0 0 0 0 0 0.02424059 2.19036503807012e-05 0 0 0 0 0 0 0 0 0 0 0 0 0 0 1457.7 28.0198144176581 1457.7 28.0198144176581 0 0 0 0 0 0 0.1 1.38777878078145e-17 1 0 0 0 23674080 19804.6358209385 0 0 0 0 0 0 0 0 0 0 23674080 19804.6358209385 23674080 19804.6358209385 0 0 0 0 0 0 0 0 0 0 0 0 0 0 0.02424059 2.19036503807012e-05 0 0 0 0 0 0 0 0 0 0 0 0 0 0 0.3016899 0.000809125138652857 nan nan nan nan nan nan 99.998955 0.000957849153048374 0 0 0 0 0 0 0 0 
