#1 Nodes,                 #2 AvgThroughput,               #4 totalBKThroughput, 
#6 totalBEThroughput,       #8 totalVIThroughput,           #10 totalVOThroughput,
#12 totalCollisions,        #14 totalBKCollisions,          #16 totalBECollisions,
#18 totalVICollisions,      #20 TotalVOCollisions,          #22 totalInternalCollisions,    
#24 totalBKIntCol,          #26 totalBEIntCol,              #28 totalVIIntCol,
#30 totalVOIntCol,          #32 overallFairness,            #34 BKFairness,
#36 BEFairness,             #38 VIFairness,                 #40 VOFairness,
#42 avgTimeBtSxTxBK,        #44 avgTimeBtSxTxBE,            #46 avgTimeBtSxTxVI,
#48 avgTimeBtSxTxVO,        #50 qEmptyBK,                   #52 qEmptyBE,
#54 qEmptyVI,               #56 qEmptyVO                    #58 totalDropped,
#60 droppedBK,              #62 droppedBE                   #64 droppedVI,
#66 droppedVO               #68 channelErrors               #70 stickiness
#72 totalThroughputUnsat    #74 totalThroughputSat          #76 totalThroughputEDCA
#78 totalBKthroughputEDCA   #80 totalBEthroughputEDCA       #82 totalVIthroughputEDCA
#84 totalVOthroughputEDCA   #86 totalThroughputECA          #88 totalBKthroughputECA
#90 totalBEthroughputECA    #92 totalVIthroughputECA        #94 totalVOthroughputECA
#96 avgTimeBtSxTxBkEDCA     #98 avgTimeBtSxTxBeEDCA         #100 avgTimeBtSxTxViEDCA
#102 avgTimeBtSxTxVoEDCA    #104 avgTimeBtSxTxBkECA         #106 avgTimeBtSxTxBeECA
#108 avgTimeBtSxTxViECA     #110 avgTimeBtSxTxVoECA         #112 BKCollisionsEDCA
#114 BECollisionsEDCA       #116 VICollisionsEDCA           #118 VOCollisionsEDCA
#120 BKCollisionsECA        #122 BECollisionsECA            #124 VICollisionsECA
#126 VOCollisionsEDCA       #128 lastCollision
5 4998145 21505 4998145 21505 0 0 0 0 0 0 236 3 0.00770744 0.00012114 0 0 0 0 0 0 0 0 0 0 0 0 0 0 0 0 0.9999065 1.44999999999729e-05 0.9999065 1.44999999999729e-05 0 0 0 0 0 0 0.0003502815 2.73499999999997e-07 0 0 0 0 0 0 58256.5 222.5 0 0 0 0 0 0 0 0 0 0 0 0 0 0 0 0 0 0 1 0 4998145 21505 0 0 0 0 0 0 0 0 0 0 0 0 4998145 21505 4998145 21505 0 0 0 0 0 0 0 0 0 0 0 0 0 0 0.0003502815 2.73499999999997e-07 0 0 0 0 0 0 0 0 0 0 0 0 0 0 0.00770744 0.00012114 nan nan nan nan nan nan 99.6101 0.00260000000000105 
10 10014550 12750 10014550 12750 0 0 0 0 0 0 1411.5 39.5 0.0227443 0.000617399999999999 0 0 0 0 0 0 0 0 0 0 0 0 0 0 0 0 0.9999395 2.25000000000364e-05 0.9999395 2.25000000000364e-05 0 0 0 0 0 0 0.000392422 7.68000000000003e-07 0 0 0 0 0 0 115742 164 0 0 0 0 0 0 0 0 0 0 0 0 0 0 0 0 0 0 1 0 10014550 12750 0 0 0 0 0 0 0 0 0 0 0 0 10014550 12750 10014550 12750 0 0 0 0 0 0 0 0 0 0 0 0 0 0 0.000392422 7.68000000000003e-07 0 0 0 0 0 0 0 0 0 0 0 0 0 0 0.0227443 0.000617399999999999 nan nan nan nan nan nan 99.98135 0.00574999999999903 
15 15021350 9550 15021350 9550 0 0 0 0 0 0 5138 64 0.05418045 0.000607050000000001 0 0 0 0 0 0 0 0 0 0 0 0 0 0 0 0 0.99991 6.99999999997925e-06 0.99991 6.99999999997925e-06 0 0 0 0 0 0 0.0004878415 1.14999999999913e-08 0 0 0 0 0 0 171059.5 216.5 0 0 0 0 0 0 0 0 0 0 0 0 0 0 0 0 0 0 1 0 15021350 9550 0 0 0 0 0 0 0 0 0 0 0 0 15021350 9550 15021350 9550 0 0 0 0 0 0 0 0 0 0 0 0 0 0 0.0004878415 1.14999999999913e-08 0 0 0 0 0 0 0 0 0 0 0 0 0 0 0.05418045 0.000607050000000001 nan nan nan nan nan nan 99.9421 0.0533000000000001 
20 19990050 16250 19990050 16250 0 0 0 0 0 0 15139 84 0.1162375 0.000531499999999997 0 0 0 0 0 0 0 0 0 0 0 0 0 0 0 0 0.9999215 6.50000000002038e-06 0.9999215 6.50000000002038e-06 0 0 0 0 0 0 0.0007472175 1.90850000000002e-06 0 0 0 0 0 0 219416.5 151.5 0 0 0 0 0 0 1 0 1 0 0 0 0 0 0 0 0 0 1 0 19990050 16250 0 0 0 0 0 0 0 0 0 0 0 0 19990050 16250 19990050 16250 0 0 0 0 0 0 0 0 0 0 0 0 0 0 0.0007472175 1.90850000000002e-06 0 0 0 0 0 0 0 0 0 0 0 0 0 0 0.1162375 0.000531499999999997 nan nan nan nan nan nan 99.9968 0.00300000000000011 
25 24995650 55950 24995650 55950 0 0 0 0 0 0 46232 709 0.2748025 0.0034245 0 0 0 0 0 0 0 0 0 0 0 0 0 0 0 0 0.999913 3.00000000003076e-06 0.999913 3.00000000003076e-06 0 0 0 0 0 0 0.00211489 3.94099999999999e-05 0 0 0 0 0 0 231659 780 0 0 0 0 0 0 116 10 116 10 0 0 0 0 0 0 0 0 1 0 24995650 55950 0 0 0 0 0 0 0 0 0 0 0 0 24995650 55950 24995650 55950 0 0 0 0 0 0 0 0 0 0 0 0 0 0 0.00211489 3.94099999999999e-05 0 0 0 0 0 0 0 0 0 0 0 0 0 0 0.2748025 0.0034245 nan nan nan nan nan nan 99.99945 0.000450000000000728 
30 29840050 21150 29840050 21150 0 0 0 0 0 0 66997 79 0.4583155 0.00105949999999999 0 0 0 0 0 0 0 0 0 0 0 0 0 0 0 0 0.999937 7.00000000003476e-06 0.999937 7.00000000003476e-06 0 0 0 0 0 0 0.009934435 4.67549999999999e-05 0 0 0 0 0 0 140747 283 0 0 0 0 0 0 2132.5 13.5 2132.5 13.5 0 0 0 0 0 0 0 0 1 0 29840050 21150 0 0 0 0 0 0 0 0 0 0 0 0 29840050 21150 29840050 21150 0 0 0 0 0 0 0 0 0 0 0 0 0 0 0.009934435 4.67549999999999e-05 0 0 0 0 0 0 0 0 0 0 0 0 0 0 0.4583155 0.00105949999999999 nan nan nan nan nan nan 99.99695 0.00234999999999985 
35 34609350 8550 34609350 8550 0 0 0 0 0 0 44685.5 735.5 0.4795215 0.00202750000000002 0 0 0 0 0 0 0 0 0 0 0 0 0 0 0 0 0.9998925 2.64999999999849e-05 0.9998925 2.64999999999849e-05 0 0 0 0 0 0 0.0260799 0.0003762 0 0 0 0 0 0 70340.5 1180.5 0 0 0 0 0 0 3600.5 70.5 3600.5 70.5 0 0 0 0 0 0 0 0 1 0 34609350 8550 0 0 0 0 0 0 0 0 0 0 0 0 34609350 8550 34609350 8550 0 0 0 0 0 0 0 0 0 0 0 0 0 0 0.0260799 0.0003762 0 0 0 0 0 0 0 0 0 0 0 0 0 0 0.4795215 0.00202750000000002 nan nan nan nan nan nan 99.99865 0.000450000000000728 
40 39664600 64400 39664600 64400 0 0 0 0 0 0 25088 142 0.4319235 0.000349500000000003 0 0 0 0 0 0 0 0 0 0 0 0 0 0 0 0 0.999909 1.000000000001e-05 0.999909 1.000000000001e-05 0 0 0 0 0 0 0.05080675 0.000477250000000002 0 0 0 0 0 0 33591.5 427.5 0 0 0 0 0 0 2813 17 2813 17 0 0 0 0 0 0 0 0 1 0 39664600 64400 0 0 0 0 0 0 0 0 0 0 0 0 39664600 64400 39664600 64400 0 0 0 0 0 0 0 0 0 0 0 0 0 0 0.05080675 0.000477250000000002 0 0 0 0 0 0 0 0 0 0 0 0 0 0 0.4319235 0.000349500000000003 nan nan nan nan nan nan 99.9913 0.00659999999999883 
45 44670100 2900 44670100 2900 0 0 0 0 0 0 13181.5 29.5 0.357203 0.00165399999999999 0 0 0 0 0 0 0 0 0 0 0 0 0 0 0 0 0.9999115 5.00000000014378e-07 0.9999115 5.00000000014378e-07 0 0 0 0 0 0 0.08888865 9.87499999999947e-05 0 0 0 0 0 0 14213.5 169.5 0 0 0 0 0 0 1290.5 416.5 1290.5 416.5 0 0 0 0 0 0 0 0 1 0 44670100 2900 0 0 0 0 0 0 0 0 0 0 0 0 44670100 2900 44670100 2900 0 0 0 0 0 0 0 0 0 0 0 0 0 0 0.08888865 9.87499999999947e-05 0 0 0 0 0 0 0 0 0 0 0 0 0 0 0.357203 0.00165399999999999 nan nan nan nan nan nan 99.9951 0.00130000000000052 
50 48963850 77350 48963850 77350 0 0 0 0 0 0 6632 41 0.254143 0.000678999999999985 0 0 0 0 0 0 0 0 0 0 0 0 0 0 0 0 0.999639 0.000159999999999993 0.999639 0.000159999999999993 0 0 0 0 0 0 0.1255735 0.000603500000000007 0 0 0 0 0 0 3726.5 70.5 0 0 0 0 0 0 550 213 550 213 0 0 0 0 0 0 0 0 1 0 48963850 77350 0 0 0 0 0 0 0 0 0 0 0 0 48963850 77350 48963850 77350 0 0 0 0 0 0 0 0 0 0 0 0 0 0 0.1255735 0.000603500000000007 0 0 0 0 0 0 0 0 0 0 0 0 0 0 0.254143 0.000678999999999985 nan nan nan nan nan nan 99.991 0.00199999999999534 
55 50545750 1150 50545750 1150 0 0 0 0 0 0 4350 2 0.17363 0.001583 0 0 0 0 0 0 0 0 0 0 0 0 0 0 0 0 0.998815 0.000114999999999976 0.998815 0.000114999999999976 0 0 0 0 0 0 0.1282865 0.00155150000000001 0 0 0 0 0 0 666 57 0 0 0 0 0 0 881 149 881 149 0 0 0 0 0 0 0 0 1 0 50545750 1150 0 0 0 0 0 0 0 0 0 0 0 0 50545750 1150 50545750 1150 0 0 0 0 0 0 0 0 0 0 0 0 0 0 0.1282865 0.00155150000000001 0 0 0 0 0 0 0 0 0 0 0 0 0 0 0.17363 0.001583 nan nan nan nan nan nan 99.98265 0.00864999999999583 
60 50226600 126100 50226600 126100 0 0 0 0 0 0 4354 45 0.181952 0.003262 0 0 0 0 0 0 0 0 0 0 0 0 0 0 0 0 0.9989095 0.000110500000000013 0.9989095 0.000110500000000013 0 0 0 0 0 0 0.147702 0.00206500000000001 0 0 0 0 0 0 357 11 0 0 0 0 0 0 879.5 40.5 879.5 40.5 0 0 0 0 0 0 0 0 1 0 50226600 126100 0 0 0 0 0 0 0 0 0 0 0 0 50226600 126100 50226600 126100 0 0 0 0 0 0 0 0 0 0 0 0 0 0 0.147702 0.00206500000000001 0 0 0 0 0 0 0 0 0 0 0 0 0 0 0.181952 0.003262 nan nan nan nan nan nan 99.9764 0.0118000000000009 
65 49779700 84600 49779700 84600 0 0 0 0 0 0 4595.5 30.5 0.204238 0.00259899999999999 0 0 0 0 0 0 0 0 0 0 0 0 0 0 0 0 0.998468 0.000373000000000012 0.998468 0.000373000000000012 0 0 0 0 0 0 0.1748055 0.0018055 0 0 0 0 0 0 202 14 0 0 0 0 0 0 1124.5 46.5 1124.5 46.5 0 0 0 0 0 0 0 0 1 0 49779700 84600 0 0 0 0 0 0 0 0 0 0 0 0 49779700 84600 49779700 84600 0 0 0 0 0 0 0 0 0 0 0 0 0 0 0.1748055 0.0018055 0 0 0 0 0 0 0 0 0 0 0 0 0 0 0.204238 0.00259899999999999 nan nan nan nan nan nan 99.993 0.00169999999999959 
70 49338850 41550 49338850 41550 0 0 0 0 0 0 4783.5 43.5 0.221725 0.00341900000000001 0 0 0 0 0 0 0 0 0 0 0 0 0 0 0 0 0.9979985 0.000111500000000042 0.9979985 0.000111500000000042 0 0 0 0 0 0 0.2005655 0.00230950000000001 0 0 0 0 0 0 144 4 0 0 0 0 0 0 1165 4 1165 4 0 0 0 0 0 0 0 0 1 0 49338850 41550 0 0 0 0 0 0 0 0 0 0 0 0 49338850 41550 49338850 41550 0 0 0 0 0 0 0 0 0 0 0 0 0 0 0.2005655 0.00230950000000001 0 0 0 0 0 0 0 0 0 0 0 0 0 0 0.221725 0.00341900000000001 nan nan nan nan nan nan 99.98015 0.016849999999998 
