#1 Nodes,                 #2 AvgThroughput,               #4 totalBKThroughput, 
#6 totalBEThroughput,       #8 totalVIThroughput,           #10 totalVOThroughput,
#12 totalCollisions,        #14 totalBKCollisions,          #16 totalBECollisions,
#18 totalVICollisions,      #20 TotalVOCollisions,          #22 totalInternalCollisions,    
#24 totalBKIntCol,          #26 totalBEIntCol,              #28 totalVIIntCol,
#30 totalVOIntCol,          #32 overallFairness,            #34 BKFairness,
#36 BEFairness,             #38 VIFairness,                 #40 VOFairness,
#42 avgTimeBtSxTxBK,        #44 avgTimeBtSxTxBE,            #46 avgTimeBtSxTxVI,
#48 avgTimeBtSxTxVO,        #50 qEmptyBK,                   #52 qEmptyBE,
#54 qEmptyVI,               #56 qEmptyVO                    #58 totalDropped,
#60 droppedBK,              #62 droppedBE                   #64 droppedVI,
#66 droppedVO               #68 channelErrors               #70 stickiness
#72 totalThroughputUnsat    #74 totalThroughputSat          #76 totalThroughputEDCA
#78 totalBKthroughputEDCA   #80 totalBEthroughputEDCA       #82 totalVIthroughputEDCA
#84 totalVOthroughputEDCA   #86 totalThroughputECA          #88 totalBKthroughputECA
#90 totalBEthroughputECA    #92 totalVIthroughputECA        #94 totalVOthroughputECA
#96 avgTimeBtSxTxBkEDCA     #98 avgTimeBtSxTxBeEDCA         #100 avgTimeBtSxTxViEDCA
#102 avgTimeBtSxTxVoEDCA    #104 avgTimeBtSxTxBkECA         #106 avgTimeBtSxTxBeECA
#108 avgTimeBtSxTxViECA     #110 avgTimeBtSxTxVoECA         #112 BKCollisionsEDCA
#114 BECollisionsEDCA       #116 VICollisionsEDCA           #118 VOCollisionsEDCA
#120 BKCollisionsECA        #122 BECollisionsECA            #124 VICollisionsECA
#126 VOCollisionsEDCA       #128 lastCollision              #130 avgQueuingDelayBK
#132 avgQueuingDelayBE      #134 avgQueuingDelayVI          #136 avgQueuingDelayVO
1 33556050 6278.49504260376 33556050 6278.49504260376 0 0 0 0 0 0 4294.2 1.98997487421324 0.07643909 0.000189015885311262 0 0 0 0 0 0 0 0 0 0 0 0 0 0 0 0 1 0 1 0 0 0 0 0 0 0 0.001927398 4.31167322509488e-06 0 0 0 0 0 0 0 0 0 0 0 0 0 0 0 0 0 0 0 0 0 0 0 0 0.1 1.38777878078145e-17 1 0 0 0 33556050 6278.49504260376 0 0 0 0 0 0 0 0 0 0 33556050 6278.49504260376 33556050 6278.49504260376 0 0 0 0 0 0 0 0 0 0 0 0 0 0 0.001927398 4.31167322509488e-06 0 0 0 0 0 0 0 0 0 0 0 0 0 0 0.07643909 0.000189015885311262 nan nan nan nan nan nan 99.988985 0.00491368242767011 50.035525 0.00759959702878934 0 0 0 0 0 0 
2 40054665 1885.01326255281 40054665 1885.01326255281 0 0 0 0 0 0 10.1 7.96806124474455 0.000164675715 0.000136147744036937 0 0 0 0 0 0 0 0 0 0 0 0 0 0 0 0 0.9999999 3.00000000008627e-07 0.9999999 3.00000000008627e-07 0 0 0 0 0 0 0.002941666 1.03260060042591e-06 0 0 0 0 0 0 0 0 0 0 0 0 0 0 0 0 0 0 0 0 0 0 0 0 0.1 1.38777878078145e-17 1 0 0 0 40054665 1885.01326255281 0 0 0 0 0 0 0 0 0 0 40054665 1885.01326255281 40054665 1885.01326255281 0 0 0 0 0 0 0 0 0 0 0 0 0 0 0.002941666 1.03260060042591e-06 0 0 0 0 0 0 0 0 0 0 0 0 0 0 0.000164675715 0.000136147744036937 nan nan nan nan nan nan 0.11040725 0.1451711436429 0 0 0 0 0 0 0 0 
3 42835935 67665.8058032268 42835935 67665.8058032268 0 0 0 0 0 0 9.2 1.36381816969859 0.0001484627 2.64978618403448e-05 0 0 0 0 0 0 0 0 0 0 0 0 0 0 0 0 0.99999945 8.04673846967788e-07 0.99999945 8.04673846967788e-07 0 0 0 0 0 0 0.0041064375 6.01938284108097e-05 0 0 0 0 0 0 0 0 0 0 0 0 0 0 0 0 0 0 0 0 0 0 0 0 0.1 1.38777878078145e-17 1 0 0 0 42835935 67665.8058032268 0 0 0 0 0 0 0 0 0 0 42835935 67665.8058032268 42835935 67665.8058032268 0 0 0 0 0 0 0 0 0 0 0 0 0 0 0.0041064375 6.01938284108097e-05 0 0 0 0 0 0 0 0 0 0 0 0 0 0 0.0001484627 2.64978618403448e-05 nan nan nan nan nan nan 1.297763 3.97134259976176 0 0 0 0 0 0 0 0 
4 44380785 97889.352204415 44380785 97889.352204415 0 0 0 0 0 0 10 1.04880884817015 0.00017522425 1.98145701792267e-05 0 0 0 0 0 0 0 0 0 0 0 0 0 0 0 0 0.99999945 6.68954408008154e-07 0.99999945 6.68954408008154e-07 0 0 0 0 0 0 0.005289111 7.93289174828448e-05 0 0 0 0 0 0 0 0 0 0 0 0 0 0 0 0 0 0 0 0 0 0 0 0 0.1 1.38777878078145e-17 1 0 0 0 44380785 97889.352204415 0 0 0 0 0 0 0 0 0 0 44380785 97889.352204415 44380785 97889.352204415 0 0 0 0 0 0 0 0 0 0 0 0 0 0 0.005289111 7.93289174828448e-05 0 0 0 0 0 0 0 0 0 0 0 0 0 0 0.00017522425 1.98145701792267e-05 nan nan nan nan nan nan 2.36566795 9.99302051995187 0 0 0 0 0 0 0 0 
5 45361710 65267.0353241206 45361710 65267.0353241206 0 0 0 0 0 0 12.25 1.33697419571209 0.0002228106 2.20338868595625e-05 0 0 0 0 0 0 0 0 0 0 0 0 0 0 0 0 0.99999945 5.89491306130876e-07 0.99999945 5.89491306130876e-07 0 0 0 0 0 0 0.006459285 7.59569592269201e-05 0 0 0 0 0 0 0 0 0 0 0 0 0 0 0 0 0 0 0 0 0 0 0 0 0.1 1.38777878078145e-17 1 0 0 0 45361710 65267.0353241206 0 0 0 0 0 0 0 0 0 0 45361710 65267.0353241206 45361710 65267.0353241206 0 0 0 0 0 0 0 0 0 0 0 0 0 0 0.006459285 7.59569592269201e-05 0 0 0 0 0 0 0 0 0 0 0 0 0 0 0.0002228106 2.20338868595625e-05 nan nan nan nan nan nan 2.85305825 6.9981233664692 0 0 0 0 0 0 0 0 
6 46024640 121914.680822287 46024640 121914.680822287 0 0 0 0 0 0 14.7 1.79164728671689 0.00027291295 2.58781749732762e-05 0 0 0 0 0 0 0 0 0 0 0 0 0 0 0 0 0.9999989 6.24499799817798e-07 0.9999989 6.24499799817798e-07 0 0 0 0 0 0 0.0076298985 0.000115754959776029 0 0 0 0 0 0 0 0 0 0 0 0 0 0 0 0 0 0 0 0 0 0 0 0 0.1 1.38777878078145e-17 1 0 0 0 46024640 121914.680822287 0 0 0 0 0 0 0 0 0 0 46024640 121914.680822287 46024640 121914.680822287 0 0 0 0 0 0 0 0 0 0 0 0 0 0 0.0076298985 0.000115754959776029 0 0 0 0 0 0 0 0 0 0 0 0 0 0 0.00027291295 2.58781749732762e-05 nan nan nan nan nan nan 6.028251 17.253158716744 0 0 0 0 0 0 0 0 
7 46516070 160022.851805609 46516070 160022.851805609 0 0 0 0 0 0 15.15 1.42390308658981 0.00031004505 2.55575328356925e-05 0 0 0 0 0 0 0 0 0 0 0 0 0 0 0 0 0.9999988 6.78232998286196e-07 0.9999988 6.78232998286196e-07 0 0 0 0 0 0 0.0088011135 0.000154182651983776 0 0 0 0 0 0 0 0 0 0 0 0 0 0 0.05 0.217944947177034 0.05 0.217944947177034 0 0 0 0 0 0 0.1 1.38777878078145e-17 1 0 0 0 46516070 160022.851805609 0 0 0 0 0 0 0 0 0 0 46516070 160022.851805609 46516070 160022.851805609 0 0 0 0 0 0 0 0 0 0 0 0 0 0 0.0088011135 0.000154182651983776 0 0 0 0 0 0 0 0 0 0 0 0 0 0 0.00031004505 2.55575328356925e-05 nan nan nan nan nan nan 3.62698045 10.2566599152706 0 0 0 0 0 0 0 0 
8 46867620 181371.289348673 46867620 181371.289348673 0 0 0 0 0 0 17.25 1.86748493969831 0.00035034645 3.44923047004328e-05 0 0 0 0 0 0 0 0 0 0 0 0 0 0 0 0 0.9999991 5.38516480706258e-07 0.9999991 5.38516480706258e-07 0 0 0 0 0 0 0.009933261 0.000205249945819725 0 0 0 0 0 0 0 0 0 0 0 0 0 0 0 0 0 0 0 0 0 0 0 0 0.1 1.38777878078145e-17 1 0 0 0 46867620 181371.289348673 0 0 0 0 0 0 0 0 0 0 46867620 181371.289348673 46867620 181371.289348673 0 0 0 0 0 0 0 0 0 0 0 0 0 0 0.009933261 0.000205249945819725 0 0 0 0 0 0 0 0 0 0 0 0 0 0 0.00035034645 3.44923047004328e-05 nan nan nan nan nan nan 9.57641365 16.4608818763854 0 0 0 0 0 0 0 0 
9 47131300 145588.347748025 47131300 145588.347748025 0 0 0 0 0 0 19.65 1.82414363469547 0.00040614275 4.31054151944683e-05 0 0 0 0 0 0 0 0 0 0 0 0 0 0 0 0 0.9999987 5.56776436250159e-07 0.9999987 5.56776436250159e-07 0 0 0 0 0 0 0.01103675 0.000217512639862607 0 0 0 0 0 0 0 0 0 0 0 0 0 0 0 0 0 0 0 0 0 0 0 0 0.1 1.38777878078145e-17 1 0 0 0 47131300 145588.347748025 0 0 0 0 0 0 0 0 0 0 47131300 145588.347748025 47131300 145588.347748025 0 0 0 0 0 0 0 0 0 0 0 0 0 0 0.01103675 0.000217512639862607 0 0 0 0 0 0 0 0 0 0 0 0 0 0 0.00040614275 4.31054151944683e-05 nan nan nan nan nan nan 18.92082745 21.5696418050522 0 0 0 0 0 0 0 0 
10 47425300 105201.349801226 47425300 105201.349801226 0 0 0 0 0 0 19.8 1.20830459735946 0.0004385151 3.45260398263398e-05 0 0 0 0 0 0 0 0 0 0 0 0 0 0 0 0 0.9999982 8.1240384044186e-07 0.9999982 8.1240384044186e-07 0 0 0 0 0 0 0.012284505 0.000170947817988414 0 0 0 0 0 0 0 0 0 0 0 0 0 0 0 0 0 0 0 0 0 0 0 0 0.1 1.38777878078145e-17 1 0 0 0 47425300 105201.349801226 0 0 0 0 0 0 0 0 0 0 47425300 105201.349801226 47425300 105201.349801226 0 0 0 0 0 0 0 0 0 0 0 0 0 0 0.012284505 0.000170947817988414 0 0 0 0 0 0 0 0 0 0 0 0 0 0 0.0004385151 3.45260398263398e-05 nan nan nan nan nan nan 12.98681945 19.7152322931032 0 0 0 0 0 0 0 0 
11 47626450 142426.354653905 47626450 142426.354653905 0 0 0 0 0 0 22.65 2.61294852609078 0.0005082693 5.68231030920523e-05 0 0 0 0 0 0 0 0 0 0 0 0 0 0 0 0 0.9999985 8.66025403764473e-07 0.9999985 8.66025403764473e-07 0 0 0 0 0 0 0.013494525 0.000193429749198514 0 0 0 0 0 0 0 0 0 0 0 0 0 0 0.05 0.217944947177034 0.05 0.217944947177034 0 0 0 0 0 0 0.1 1.38777878078145e-17 1 0 0 0 47626450 142426.354653905 0 0 0 0 0 0 0 0 0 0 47626450 142426.354653905 47626450 142426.354653905 0 0 0 0 0 0 0 0 0 0 0 0 0 0 0.013494525 0.000193429749198514 0 0 0 0 0 0 0 0 0 0 0 0 0 0 0.0005082693 5.68231030920523e-05 nan nan nan nan nan nan 5.8713053 15.0761668414828 0 0 0 0 0 0 0 0 
12 47721270 179609.039583201 47721270 179609.039583201 0 0 0 0 0 0 23.15 2.37223523285529 0.0005201732 4.52835517650725e-05 0 0 0 0 0 0 0 0 0 0 0 0 0 0 0 0 0.99999775 1.13468057178696e-06 0.99999775 1.13468057178696e-06 0 0 0 0 0 0 0.014532945 0.000268499552094598 0 0 0 0 0 0 0 0 0 0 0 0 0 0 0 0 0 0 0 0 0 0 0 0 0.1 1.38777878078145e-17 1 0 0 0 47721270 179609.039583201 0 0 0 0 0 0 0 0 0 0 47721270 179609.039583201 47721270 179609.039583201 0 0 0 0 0 0 0 0 0 0 0 0 0 0 0.014532945 0.000268499552094598 0 0 0 0 0 0 0 0 0 0 0 0 0 0 0.0005201732 4.52835517650725e-05 nan nan nan nan nan nan 13.55257235 16.4086376066375 0 0 0 0 0 0 0 0 
13 47932195 128099.06117923 47932195 128099.06117923 0 0 0 0 0 0 25.4 2.72763633939717 0.0005899481 4.48286105951322e-05 0 0 0 0 0 0 0 0 0 0 0 0 0 0 0 0 0.99999815 7.92148975868826e-07 0.99999815 7.92148975868826e-07 0 0 0 0 0 0 0.01584448 0.000192118868412241 0 0 0 0 0 0 0 0 0 0 0 0 0 0 0.05 0.217944947177034 0.05 0.217944947177034 0 0 0 0 0 0 0.1 1.38777878078145e-17 1 0 0 0 47932195 128099.06117923 0 0 0 0 0 0 0 0 0 0 47932195 128099.06117923 47932195 128099.06117923 0 0 0 0 0 0 0 0 0 0 0 0 0 0 0.01584448 0.000192118868412241 0 0 0 0 0 0 0 0 0 0 0 0 0 0 0.0005899481 4.48286105951322e-05 nan nan nan nan nan nan 4.044098 9.69302749729448 0 0 0 0 0 0 0 0 
14 47959135 238513.211950617 47959135 238513.211950617 0 0 0 0 0 0 26.9 2.87923600977759 0.00064341685 7.05726841882006e-05 0 0 0 0 0 0 0 0 0 0 0 0 0 0 0 0 0.999998 7.07106781167629e-07 0.999998 7.07106781167629e-07 0 0 0 0 0 0 0.016877105 0.000393100177403929 0 0 0 0 0 0 0 0 0 0 0 0 0 0 0.1 0.3 0.1 0.3 0 0 0 0 0 0 0.1 1.38777878078145e-17 1 0 0 0 47959135 238513.211950617 0 0 0 0 0 0 0 0 0 0 47959135 238513.211950617 47959135 238513.211950617 0 0 0 0 0 0 0 0 0 0 0 0 0 0 0.016877105 0.000393100177403929 0 0 0 0 0 0 0 0 0 0 0 0 0 0 0.00064341685 7.05726841882006e-05 nan nan nan nan nan nan 5.3888554 16.7245383430527 0 0 0 0 0 0 0 0 
15 48130120 182051.579504271 48130120 182051.579504271 0 0 0 0 0 0 28.75 2.69953699733862 0.00068979245 6.79465143826194e-05 0 0 0 0 0 0 0 0 0 0 0 0 0 0 0 0 0.9999977 7.81024967585405e-07 0.9999977 7.81024967585405e-07 0 0 0 0 0 0 0.018153095 0.000318835950725447 0 0 0 0 0 0 0 0 0 0 0 0 0 0 0.35 0.57227615711298 0.35 0.57227615711298 0 0 0 0 0 0 0.1 1.38777878078145e-17 1 0 0 0 48130120 182051.579504271 0 0 0 0 0 0 0 0 0 0 48130120 182051.579504271 48130120 182051.579504271 0 0 0 0 0 0 0 0 0 0 0 0 0 0 0.018153095 0.000318835950725447 0 0 0 0 0 0 0 0 0 0 0 0 0 0 0.00068979245 6.79465143826194e-05 nan nan nan nan nan nan 6.9445132 17.4871206110203 0 0 0 0 0 0 0 0 
16 48205615 137434.33441102 48205615 137434.33441102 0 0 0 0 0 0 30.75 3.08017856625229 0.00075952065 8.09621946579235e-05 0 0 0 0 0 0 0 0 0 0 0 0 0 0 0 0 0.9999976 9.69535971487098e-07 0.9999976 9.69535971487098e-07 0 0 0 0 0 0 0.01929393 0.000246187518164508 0 0 0 0 0 0 0 0 0 0 0 0 0 0 0.15 0.476969600708473 0.15 0.476969600708473 0 0 0 0 0 0 0.1 1.38777878078145e-17 1 0 0 0 48205615 137434.33441102 0 0 0 0 0 0 0 0 0 0 48205615 137434.33441102 48205615 137434.33441102 0 0 0 0 0 0 0 0 0 0 0 0 0 0 0.01929393 0.000246187518164508 0 0 0 0 0 0 0 0 0 0 0 0 0 0 0.00075952065 8.09621946579235e-05 nan nan nan nan nan nan 9.08027175 22.0393592366713 0 0 0 0 0 0 0 0 
17 48351605 101681.814868736 48351605 101681.814868736 0 0 0 0 0 0 32.85 4.65053760333147 0.0008284202 0.000104281449619096 0 0 0 0 0 0 0 0 0 0 0 0 0 0 0 0 0.9999973 9.53939201424592e-07 0.9999973 9.53939201424592e-07 0 0 0 0 0 0 0.02057683 0.000212648214429372 0 0 0 0 0 0 0 0 0 0 0 0 0 0 0.2 0.4 0.2 0.4 0 0 0 0 0 0 0.1 1.38777878078145e-17 1 0 0 0 48351605 101681.814868736 0 0 0 0 0 0 0 0 0 0 48351605 101681.814868736 48351605 101681.814868736 0 0 0 0 0 0 0 0 0 0 0 0 0 0 0.02057683 0.000212648214429372 0 0 0 0 0 0 0 0 0 0 0 0 0 0 0.0008284202 0.000104281449619096 nan nan nan nan nan nan 10.22914825 19.7422617732687 0 0 0 0 0 0 0 0 
18 48384480 152123.142881023 48384480 152123.142881023 0 0 0 0 0 0 33.4 3.03973683071413 0.0008374429 5.87241095470165e-05 0 0 0 0 0 0 0 0 0 0 0 0 0 0 0 0 0.99999665 1.0136567466503e-06 0.99999665 1.0136567466503e-06 0 0 0 0 0 0 0.02166022 0.000315541215374474 0 0 0 0 0 0 0 0 0 0 0 0 0 0 0.1 0.3 0.1 0.3 0 0 0 0 0 0 0.1 1.38777878078145e-17 1 0 0 0 48384480 152123.142881023 0 0 0 0 0 0 0 0 0 0 48384480 152123.142881023 48384480 152123.142881023 0 0 0 0 0 0 0 0 0 0 0 0 0 0 0.02166022 0.000315541215374474 0 0 0 0 0 0 0 0 0 0 0 0 0 0 0.0008374429 5.87241095470165e-05 nan nan nan nan nan nan 14.9830832 25.6339911908095 0 0 0 0 0 0 0 0 
19 48437845 176296.615041242 48437845 176296.615041242 0 0 0 0 0 0 36.2 4.1424630354416 0.0009179101 0.000106361868057542 0 0 0 0 0 0 0 0 0 0 0 0 0 0 0 0 0.99999655 1.16081867664079e-06 0.99999655 1.16081867664079e-06 0 0 0 0 0 0 0.02281853 0.000396502823571283 0 0 0 0 0 0 0 0 0 0 0 0 0 0 0.8 2.15870331449229 0.8 2.15870331449229 0 0 0 0 0 0 0.1 1.38777878078145e-17 1 0 0 0 48437845 176296.615041242 0 0 0 0 0 0 0 0 0 0 48437845 176296.615041242 48437845 176296.615041242 0 0 0 0 0 0 0 0 0 0 0 0 0 0 0.02281853 0.000396502823571283 0 0 0 0 0 0 0 0 0 0 0 0 0 0 0.0009179101 0.000106361868057542 nan nan nan nan nan nan 6.83207165 13.6748294180345 0 0 0 0 0 0 0 0 
20 48512510 136855.27355568 48512510 136855.27355568 0 0 0 0 0 0 37.2 4.37721372564786 0.000974678 9.99153139308485e-05 0 0 0 0 0 0 0 0 0 0 0 0 0 0 0 0 0.99999645 1.20312094156358e-06 0.99999645 1.20312094156358e-06 0 0 0 0 0 0 0.024026785 0.000315666745595731 0 0 0 0 0 0 0 0 0 0 0 0 0 0 1.2 3.65513337649941 1.2 3.65513337649941 0 0 0 0 0 0 0.1 1.38777878078145e-17 1 0 0 0 48512510 136855.27355568 0 0 0 0 0 0 0 0 0 0 48512510 136855.27355568 48512510 136855.27355568 0 0 0 0 0 0 0 0 0 0 0 0 0 0 0.024026785 0.000315666745595731 0 0 0 0 0 0 0 0 0 0 0 0 0 0 0.000974678 9.99153139308485e-05 nan nan nan nan nan nan 16.4653382 25.4638690153583 0 0 0 0 0 0 0 0 
21 48534900 163534.088189588 48534900 163534.088189588 0 0 0 0 0 0 39.05 4.67413093526487 0.00102324135 0.000113887469312157 0 0 0 0 0 0 0 0 0 0 0 0 0 0 0 0 0.99999585 1.49248115568165e-06 0.99999585 1.49248115568165e-06 0 0 0 0 0 0 0.025143905 0.000378823598096792 0 0 0 0 0 0 0 0 0 0 0 0 0 0 0.65 1.73997126413053 0.65 1.73997126413053 0 0 0 0 0 0 0.1 1.38777878078145e-17 1 0 0 0 48534900 163534.088189588 0 0 0 0 0 0 0 0 0 0 48534900 163534.088189588 48534900 163534.088189588 0 0 0 0 0 0 0 0 0 0 0 0 0 0 0.025143905 0.000378823598096792 0 0 0 0 0 0 0 0 0 0 0 0 0 0 0.00102324135 0.000113887469312157 nan nan nan nan nan nan 17.2261681 29.1688784442531 0 0 0 0 0 0 0 0 
22 48651255 130995.146761245 48651255 130995.146761245 0 0 0 0 0 0 42.35 5.552251795443 0.0011165122 0.000144804052952464 0 0 0 0 0 0 0 0 0 0 0 0 0 0 0 0 0.99999575 1.66958078572033e-06 0.99999575 1.66958078572033e-06 0 0 0 0 0 0 0.02647512 0.000325792381126386 0 0 0 0 0 0 0 0 0 0 0 0 0 0 0.55 0.668954408012983 0.55 0.668954408012983 0 0 0 0 0 0 0.1 1.38777878078145e-17 1 0 0 0 48651255 130995.146761245 0 0 0 0 0 0 0 0 0 0 48651255 130995.146761245 48651255 130995.146761245 0 0 0 0 0 0 0 0 0 0 0 0 0 0 0.02647512 0.000325792381126386 0 0 0 0 0 0 0 0 0 0 0 0 0 0 0.0011165122 0.000144804052952464 nan nan nan nan nan nan 10.06599325 17.6619201550912 0 0 0 0 0 0 0 0 
23 48689455 94578.9272248316 48689455 94578.9272248316 0 0 0 0 0 0 45.4 5.88557558782486 0.00119642345 0.000158228996529547 0 0 0 0 0 0 0 0 0 0 0 0 0 0 0 0 0.99999575 1.33697419571317e-06 0.99999575 1.33697419571317e-06 0 0 0 0 0 0 0.02763434 0.000277591092076097 0 0 0 0 0 0 0 0 0 0 0 0 0 0 0.4 0.734846922834953 0.4 0.734846922834953 0 0 0 0 0 0 0.1 1.38777878078145e-17 1 0 0 0 48689455 94578.9272248316 0 0 0 0 0 0 0 0 0 0 48689455 94578.9272248316 48689455 94578.9272248316 0 0 0 0 0 0 0 0 0 0 0 0 0 0 0.02763434 0.000277591092076097 0 0 0 0 0 0 0 0 0 0 0 0 0 0 0.00119642345 0.000158228996529547 nan nan nan nan nan nan 13.387612 19.6454987301682 0 0 0 0 0 0 0 0 
24 48739590 83262.734161208 48739590 83262.734161208 0 0 0 0 0 0 44.85 7.93898608135825 0.001226211 0.000182145644853233 0 0 0 0 0 0 0 0 0 0 0 0 0 0 0 0 0.99999595 1.71682847135323e-06 0.99999595 1.71682847135323e-06 0 0 0 0 0 0 0.028859 0.000220774817404522 0 0 0 0 0 0 0 0 0 0 0 0 0 0 1 1.78885438199983 1 1.78885438199983 0 0 0 0 0 0 0.1 1.38777878078145e-17 1 0 0 0 48739590 83262.734161208 0 0 0 0 0 0 0 0 0 0 48739590 83262.734161208 48739590 83262.734161208 0 0 0 0 0 0 0 0 0 0 0 0 0 0 0.028859 0.000220774817404522 0 0 0 0 0 0 0 0 0 0 0 0 0 0 0.001226211 0.000182145644853233 nan nan nan nan nan nan 11.24791315 24.7971918041066 0 0 0 0 0 0 0 0 
25 48774705 81460.3490969686 48774705 81460.3490969686 0 0 0 0 0 0 51.25 7.26550067097925 0.001382781 0.000201774930477004 0 0 0 0 0 0 0 0 0 0 0 0 0 0 0 0 0.9999954 1.52970585408191e-06 0.9999954 1.52970585408191e-06 0 0 0 0 0 0 0.03005425 0.000242501368037378 0 0 0 0 0 0 0 0 0 0 0 0 0 0 0.75 1.04283268073071 0.75 1.04283268073071 0 0 0 0 0 0 0.1 1.38777878078145e-17 1 0 0 0 48774705 81460.3490969686 0 0 0 0 0 0 0 0 0 0 48774705 81460.3490969686 48774705 81460.3490969686 0 0 0 0 0 0 0 0 0 0 0 0 0 0 0.03005425 0.000242501368037378 0 0 0 0 0 0 0 0 0 0 0 0 0 0 0.001382781 0.000201774930477004 nan nan nan nan nan nan 12.36035245 24.8915053231102 0 0 0 0 0 0 0 0 
26 48803400 108092.696330511 48803400 108092.696330511 0 0 0 0 0 0 51.55 9.04143240863968 0.0014094725 0.000215938531459186 0 0 0 0 0 0 0 0 0 0 0 0 0 0 0 0 0.9999947 2.19317121995022e-06 0.9999947 2.19317121995022e-06 0 0 0 0 0 0 0.031210995 0.000315945736598866 0 0 0 0 0 0 0 0 0 0 0 0 0 0 2.3 2.84780617317963 2.3 2.84780617317963 0 0 0 0 0 0 0.1 1.38777878078145e-17 1 0 0 0 48803400 108092.696330511 0 0 0 0 0 0 0 0 0 0 48803400 108092.696330511 48803400 108092.696330511 0 0 0 0 0 0 0 0 0 0 0 0 0 0 0.031210995 0.000315945736598866 0 0 0 0 0 0 0 0 0 0 0 0 0 0 0.0014094725 0.000215938531459186 nan nan nan nan nan nan 15.5459086 28.4736160609082 0 0 0 0 0 0 0 0 
27 48882720 54535.8102534472 48882720 54535.8102534472 0 0 0 0 0 0 53.05 10.278496971834 0.001461668 0.000236131806764781 0 0 0 0 0 0 0 0 0 0 0 0 0 0 0 0 0.99999335 2.49549594267656e-06 0.99999335 2.49549594267656e-06 0 0 0 0 0 0 0.032534395 0.000164545183688251 0 0 0 0 0 0 0 0 0 0 0 0 0 0 1.4 2.26715680975093 1.4 2.26715680975093 0 0 0 0 0 0 0.1 1.38777878078145e-17 1 0 0 0 48882720 54535.8102534472 0 0 0 0 0 0 0 0 0 0 48882720 54535.8102534472 48882720 54535.8102534472 0 0 0 0 0 0 0 0 0 0 0 0 0 0 0.032534395 0.000164545183688251 0 0 0 0 0 0 0 0 0 0 0 0 0 0 0.001461668 0.000236131806764781 nan nan nan nan nan nan 2.79404835 8.14990027918546 0 0 0 0 0 0 0 0 
28 48889285 88676.2836106701 48889285 88676.2836106701 0 0 0 0 0 0 53.55 7.68423711242697 0.001486131 0.000190126212551032 0 0 0 0 0 0 0 0 0 0 0 0 0 0 0 0 0.9999929 3.08058436015881e-06 0.9999929 3.08058436015881e-06 0 0 0 0 0 0 0.03364618 0.000262710583342202 0 0 0 0 0 0 0 0 0 0 0 0 0 0 2.95 4.76943392867539 2.95 4.76943392867539 0 0 0 0 0 0 0.1 1.38777878078145e-17 1 0 0 0 48889285 88676.2836106701 0 0 0 0 0 0 0 0 0 0 48889285 88676.2836106701 48889285 88676.2836106701 0 0 0 0 0 0 0 0 0 0 0 0 0 0 0.03364618 0.000262710583342202 0 0 0 0 0 0 0 0 0 0 0 0 0 0 0.001486131 0.000190126212551032 nan nan nan nan nan nan 7.1580661 18.7889136800742 0 0 0 0 0 0 0 0 
29 48932180 60224.0699388542 48932180 60224.0699388542 0 0 0 0 0 0 58.85 8.81064696829921 0.001626745 0.000223020188491984 0 0 0 0 0 0 0 0 0 0 0 0 0 0 0 0 0.9999931 2.4879710609146e-06 0.9999931 2.4879710609146e-06 0 0 0 0 0 0 0.03490719 0.000184140853424763 0 0 0 0 0 0 0 0 0 0 0 0 0 0 1.75 2.58602010819715 1.75 2.58602010819715 0 0 0 0 0 0 0.1 1.38777878078145e-17 1 0 0 0 48932180 60224.0699388542 0 0 0 0 0 0 0 0 0 0 48932180 60224.0699388542 48932180 60224.0699388542 0 0 0 0 0 0 0 0 0 0 0 0 0 0 0.03490719 0.000184140853424763 0 0 0 0 0 0 0 0 0 0 0 0 0 0 0.001626745 0.000223020188491984 nan nan nan nan nan nan 7.2026538 21.6266410432213 0 0 0 0 0 0 0 0 
30 48971325 35738.8706452792 48971325 35738.8706452792 0 0 0 0 0 0 60.2 10.1567711404757 0.001688107 0.000251984346222141 0 0 0 0 0 0 0 0 0 0 0 0 0 0 0 0 0.9999914 3.58329457343396e-06 0.9999914 3.58329457343396e-06 0 0 0 0 0 0 0.03613258 0.000136072005203128 0 0 0 0 0 0 0 0 0 0 0 0 0 0 0.65 0.726291952316698 0.65 0.726291952316698 0 0 0 0 0 0 0.1 1.38777878078145e-17 1 0 0 0 48971325 35738.8706452792 0 0 0 0 0 0 0 0 0 0 48971325 35738.8706452792 48971325 35738.8706452792 0 0 0 0 0 0 0 0 0 0 0 0 0 0 0.03613258 0.000136072005203128 0 0 0 0 0 0 0 0 0 0 0 0 0 0 0.001688107 0.000251984346222141 nan nan nan nan nan nan 4.10786755 7.38272433338005 0 0 0 0 0 0 0 0 
31 48985290 43403.6622878761 48985290 43403.6622878761 0 0 0 0 0 0 68.2 12.4643491607063 0.001902757 0.000322670166223963 0 0 0 0 0 0 0 0 0 0 0 0 0 0 0 0 0.9999913 2.72213151776362e-06 0.9999913 2.72213151776362e-06 0 0 0 0 0 0 0.037340485 0.000183683383230493 0 0 0 0 0 0 0 0 0 0 0 0 0 0 2.55 3.20117166050182 2.55 3.20117166050182 0 0 0 0 0 0 0.1 1.38777878078145e-17 1 0 0 0 48985290 43403.6622878761 0 0 0 0 0 0 0 0 0 0 48985290 43403.6622878761 48985290 43403.6622878761 0 0 0 0 0 0 0 0 0 0 0 0 0 0 0.037340485 0.000183683383230493 0 0 0 0 0 0 0 0 0 0 0 0 0 0 0.001902757 0.000322670166223963 nan nan nan nan nan nan 2.9527317 6.48529751854339 0 0 0 0 0 0 0 0 
32 49007935 38718.4745954693 49007935 38718.4745954693 0 0 0 0 0 0 79.55 23.5424616384948 0.0021681385 0.00055023351304946 0 0 0 0 0 0 0 0 0 0 0 0 0 0 0 0 0.99998765 7.57149258733343e-06 0.99998765 7.57149258733343e-06 0 0 0 0 0 0 0.03859168 0.000176203931851704 0 0 0 0 0 0 0 0 0 0 0 0 0 0 5.1 7.92401413426301 5.1 7.92401413426301 0 0 0 0 0 0 0.1 1.38777878078145e-17 1 0 0 0 49007935 38718.4745954693 0 0 0 0 0 0 0 0 0 0 49007935 38718.4745954693 49007935 38718.4745954693 0 0 0 0 0 0 0 0 0 0 0 0 0 0 0.03859168 0.000176203931851704 0 0 0 0 0 0 0 0 0 0 0 0 0 0 0.0021681385 0.00055023351304946 nan nan nan nan nan nan 4.273949 6.81110393374389 0 0 0 0 0 0 0 0 
33 49025475 51376.2481600204 49025475 51376.2481600204 0 0 0 0 0 0 71 15.2184099037974 0.0019987695 0.000343905497462239 0 0 0 0 0 0 0 0 0 0 0 0 0 0 0 0 0.99999055 4.09237095093521e-06 0.99999055 4.09237095093521e-06 0 0 0 0 0 0 0.03969565 0.000201239348786463 0 0 0 0 0 0 0 0 0 0 0 0 0 0 2.85 3.15079355083763 2.85 3.15079355083763 0 0 0 0 0 0 0.1 1.38777878078145e-17 1 0 0 0 49025475 51376.2481600204 0 0 0 0 0 0 0 0 0 0 49025475 51376.2481600204 49025475 51376.2481600204 0 0 0 0 0 0 0 0 0 0 0 0 0 0 0.03969565 0.000201239348786463 0 0 0 0 0 0 0 0 0 0 0 0 0 0 0.0019987695 0.000343905497462239 nan nan nan nan nan nan 3.58533635 7.02787167814583 0 0 0 0 0 0 0 0 
34 49048545 33632.9819522444 49048545 33632.9819522444 0 0 0 0 0 0 82.75 19.4547552027775 0.002291461 0.000492420208124118 0 0 0 0 0 0 0 0 0 0 0 0 0 0 0 0 0.9999868 7.31846978542588e-06 0.9999868 7.31846978542588e-06 0 0 0 0 0 0 0.040968685 0.00018436022964566 0 0 0 0 0 0 0 0 0 0 0 0 0 0 5.15 4.44156503948777 5.15 4.44156503948777 0 0 0 0 0 0 0.1 1.38777878078145e-17 1 0 0 0 49048545 33632.9819522444 0 0 0 0 0 0 0 0 0 0 49048545 33632.9819522444 49048545 33632.9819522444 0 0 0 0 0 0 0 0 0 0 0 0 0 0 0.040968685 0.00018436022964566 0 0 0 0 0 0 0 0 0 0 0 0 0 0 0.002291461 0.000492420208124118 nan nan nan nan nan nan 5.6994336 8.77108609851848 0 0 0 0 0 0 0 0 
35 49063480 32535.2209151867 49063480 32535.2209151867 0 0 0 0 0 0 95.1 25.047754390364 0.0026284745 0.000618519038554797 0 0 0 0 0 0 0 0 0 0 0 0 0 0 0 0 0.9999858 6.01331855135684e-06 0.9999858 6.01331855135684e-06 0 0 0 0 0 0 0.04226334 0.000194364164392513 0 0 0 0 0 0 0 0 0 0 0 0 0 0 11.95 15.091305443864 11.95 15.091305443864 0 0 0 0 0 0 0.1 1.38777878078145e-17 1 0 0 0 49063480 32535.2209151867 0 0 0 0 0 0 0 0 0 0 49063480 32535.2209151867 49063480 32535.2209151867 0 0 0 0 0 0 0 0 0 0 0 0 0 0 0.04226334 0.000194364164392513 0 0 0 0 0 0 0 0 0 0 0 0 0 0 0.0026284745 0.000618519038554797 nan nan nan nan nan nan 2.78545295 1.56463753730107 0 0 0 0 0 0 0 0 
36 49080445 40220.4484684097 49080445 40220.4484684097 0 0 0 0 0 0 96.15 31.5266157397206 0.002647712 0.000770816259270651 0 0 0 0 0 0 0 0 0 0 0 0 0 0 0 0 0.99998385 8.96256101793064e-06 0.99998385 8.96256101793064e-06 0 0 0 0 0 0 0.043444245 0.000206591044033859 0 0 0 0 0 0 0 0 0 0 0 0 0 0 11.2 11.3472463620034 11.2 11.3472463620034 0 0 0 0 0 0 0.1 1.38777878078145e-17 1 0 0 0 49080445 40220.4484684097 0 0 0 0 0 0 0 0 0 0 49080445 40220.4484684097 49080445 40220.4484684097 0 0 0 0 0 0 0 0 0 0 0 0 0 0 0.043444245 0.000206591044033859 0 0 0 0 0 0 0 0 0 0 0 0 0 0 0.002647712 0.000770816259270651 nan nan nan nan nan nan 2.8537046 1.96989434392222 0 0 0 0 0 0 0 0 
37 49072430 45987.260192362 49072430 45987.260192362 0 0 0 0 0 0 127.85 51.6374621762147 0.0034750535 0.00128184389226721 0 0 0 0 0 0 0 0 0 0 0 0 0 0 0 0 0.9999745 1.51937487145185e-05 0.9999745 1.51937487145185e-05 0 0 0 0 0 0 0.04481923 0.000344339026396952 0 0 0 0 0 0 0 0 0 0 0 0 0 0 11.95 13.5258086634404 11.95 13.5258086634404 0 0 0 0 0 0 0.1 1.38777878078145e-17 1 0 0 0 49072430 45987.260192362 0 0 0 0 0 0 0 0 0 0 49072430 45987.260192362 49072430 45987.260192362 0 0 0 0 0 0 0 0 0 0 0 0 0 0 0.04481923 0.000344339026396952 0 0 0 0 0 0 0 0 0 0 0 0 0 0 0.0034750535 0.00128184389226721 nan nan nan nan nan nan 4.7871949 3.1200529708637 0 0 0 0 0 0 0 0 
38 49094960 45057.0571608932 49094960 45057.0571608932 0 0 0 0 0 0 122.9 43.1171659551042 0.003382682 0.00107298379500624 0 0 0 0 0 0 0 0 0 0 0 0 0 0 0 0 0.99997865 1.31501901127015e-05 0.99997865 1.31501901127015e-05 0 0 0 0 0 0 0.045986665 0.000298501719048651 0 0 0 0 0 0 0 0 0 0 0 0 0 0 10.8 13.2762946637983 10.8 13.2762946637983 0 0 0 0 0 0 0.1 1.38777878078145e-17 1 0 0 0 49094960 45057.0571608932 0 0 0 0 0 0 0 0 0 0 49094960 45057.0571608932 49094960 45057.0571608932 0 0 0 0 0 0 0 0 0 0 0 0 0 0 0.045986665 0.000298501719048651 0 0 0 0 0 0 0 0 0 0 0 0 0 0 0.003382682 0.00107298379500624 nan nan nan nan nan nan 4.060827 2.9868568989041 0 0 0 0 0 0 0 0 
39 49100315 60965.3694731689 49100315 60965.3694731689 0 0 0 0 0 0 145.65 65.3538636960356 0.0039583465 0.00165420199478563 0 0 0 0 0 0 0 0 0 0 0 0 0 0 0 0 0.99997055 2.12567048245996e-05 0.99997055 2.12567048245996e-05 0 0 0 0 0 0 0.047340825 0.000408945830000747 0 0 0 0 0 0 0 0 0 0 0 0 0 0 19.2 29.8958191056877 19.2 29.8958191056877 0 0 0 0 0 0 0.1 1.38777878078145e-17 1 0 0 0 49100315 60965.3694731689 0 0 0 0 0 0 0 0 0 0 49100315 60965.3694731689 49100315 60965.3694731689 0 0 0 0 0 0 0 0 0 0 0 0 0 0 0.047340825 0.000408945830000747 0 0 0 0 0 0 0 0 0 0 0 0 0 0 0.0039583465 0.00165420199478563 nan nan nan nan nan nan 5.710751 4.5556840701325 0 0 0 0 0 0 0 0 
40 49042270 96982.9371590694 49042270 96982.9371590694 0 0 0 0 0 0 220.15 102.767833002355 0.0058605175 0.00259598072105491 0 0 0 0 0 0 0 0 0 0 0 0 0 0 0 0 0.9999529 2.80889658051009e-05 0.9999529 2.80889658051009e-05 0 0 0 0 0 0 0.049018715 0.000671214454012278 0 0 0 0 0 0 0 0 0 0 0 0 0 0 37.7 43.8783545726136 37.7 43.8783545726136 0 0 0 0 0 0 0.1 1.38777878078145e-17 1 0 0 0 49042270 96982.9371590694 0 0 0 0 0 0 0 0 0 0 49042270 96982.9371590694 49042270 96982.9371590694 0 0 0 0 0 0 0 0 0 0 0 0 0 0 0.049018715 0.000671214454012278 0 0 0 0 0 0 0 0 0 0 0 0 0 0 0.0058605175 0.00259598072105491 nan nan nan nan nan nan 8.520843 5.38797966122655 0 0 0 0 0 0 0 0 
41 48856705 313090.166685254 48856705 313090.166685254 0 0 0 0 0 0 440.85 343.432857338956 0.011942593 0.00974233852262951 0 0 0 0 0 0 0 0 0 0 0 0 0 0 0 0 0.99987445 0.000129702149172631 0.99987445 0.000129702149172631 0 0 0 0 0 0 0.05186102 0.00267966405554875 0 0 0 0 0 0 0 0 0 0 0 0 0 0 92.55 96.0788608383759 92.55 96.0788608383759 0 0 0 0 0 0 0.1 1.38777878078145e-17 1 0 0 0 48856705 313090.166685254 0 0 0 0 0 0 0 0 0 0 48856705 313090.166685254 48856705 313090.166685254 0 0 0 0 0 0 0 0 0 0 0 0 0 0 0.05186102 0.00267966405554875 0 0 0 0 0 0 0 0 0 0 0 0 0 0 0.011942593 0.00974233852262951 nan nan nan nan nan nan 19.4164615 16.9404642470448 0 0 0 0 0 0 0 0 
42 48821365 435046.556445399 48821365 435046.556445399 0 0 0 0 0 0 496.75 475.976456875758 0.013807379 0.0144000351149912 0 0 0 0 0 0 0 0 0 0 0 0 0 0 0 0 0.99987245 0.00013095360819771 0.99987245 0.00013095360819771 0 0 0 0 0 0 0.0536429 0.00407213407686928 0 0 0 0 0 0 0 0 0 0 0 0 0 0 97 93.9595657716659 97 93.9595657716659 0 0 0 0 0 0 0.1 1.38777878078145e-17 1 0 0 0 48821365 435046.556445399 0 0 0 0 0 0 0 0 0 0 48821365 435046.556445399 48821365 435046.556445399 0 0 0 0 0 0 0 0 0 0 0 0 0 0 0.0536429 0.00407213407686928 0 0 0 0 0 0 0 0 0 0 0 0 0 0 0.013807379 0.0144000351149912 nan nan nan nan nan nan 22.2950075 23.6574844786226 0 0 0 0 0 0 0 0 
43 48688735 548437.402330476 48688735 548437.402330476 0 0 0 0 0 0 650.4 587.468841726946 0.018530697 0.0179111687782074 0 0 0 0 0 0 0 0 0 0 0 0 0 0 0 0 0.9998199 0.000182820923310225 0.9998199 0.000182820923310225 0 0 0 0 0 0 0.056292845 0.00524834443148266 0 0 0 0 0 0 0 0 0 0 0 0 0 0 126.05 138.005969073805 126.05 138.005969073805 0 0 0 0 0 0 0.1 1.38777878078145e-17 1 0 0 0 48688735 548437.402330476 0 0 0 0 0 0 0 0 0 0 48688735 548437.402330476 48688735 548437.402330476 0 0 0 0 0 0 0 0 0 0 0 0 0 0 0.056292845 0.00524834443148266 0 0 0 0 0 0 0 0 0 0 0 0 0 0 0.018530697 0.0179111687782074 nan nan nan nan nan nan 28.17229 27.1354732949319 0 0 0 0 0 0 0 0 
44 48362870 694230.373939372 48362870 694230.373939372 0 0 0 0 0 0 1010.7 749.103003598304 0.030005388 0.0251353472784216 0 0 0 0 0 0 0 0 0 0 0 0 0 0 0 0 0.99970515 0.000244311742452143 0.99970515 0.000244311742452143 0 0 0 0 0 0 0.0610301 0.00771315894883543 0 0 0 0 0 0 0 0 0 0 0 0 0 0 222.6 188.373936626063 222.6 188.373936626063 0 0 0 0 0 0 0.1 1.38777878078145e-17 1 0 0 0 48362870 694230.373939372 0 0 0 0 0 0 0 0 0 0 48362870 694230.373939372 48362870 694230.373939372 0 0 0 0 0 0 0 0 0 0 0 0 0 0 0.0610301 0.00771315894883543 0 0 0 0 0 0 0 0 0 0 0 0 0 0 0.030005388 0.0251353472784216 nan nan nan nan nan nan 41.5780175 32.4379202014528 0 0 0 0 0 0 0 0 
45 47785520 848127.470136418 47785520 848127.470136418 0 0 0 0 0 0 1627.05 890.272737704576 0.0514027745 0.0308025162714664 0 0 0 0 0 0 0 0 0 0 0 0 0 0 0 0 0.9995072 0.000321462532809033 0.9995072 0.000321462532809033 0 0 0 0 0 0 0.06914819 0.00971468784752758 0 0 0 0 0 0 0 0 0 0 0 0 0 0 361.8 239.321248534266 361.8 239.321248534266 0 0 0 0 0 0 0.1 1.38777878078145e-17 1 0 0 0 47785520 848127.470136418 0 0 0 0 0 0 0 0 0 0 47785520 848127.470136418 47785520 848127.470136418 0 0 0 0 0 0 0 0 0 0 0 0 0 0 0.06914819 0.00971468784752758 0 0 0 0 0 0 0 0 0 0 0 0 0 0 0.0514027745 0.0308025162714664 nan nan nan nan nan nan 66.014843 37.1099976795086 0 0 0 0 0 0 0 0 
46 47060000 354378.884811158 47060000 354378.884811158 0 0 0 0 0 0 2416.2 372.055721633198 0.07953487 0.0153173760711194 0 0 0 0 0 0 0 0 0 0 0 0 0 0 0 0 0.99920045 0.000223527285806439 0.99920045 0.000223527285806439 0 0 0 0 0 0 0.079788425 0.00519438127421111 0 0 0 0 0 0 0 0 0 0 0 0 0 0 561.7 131.172062574315 561.7 131.172062574315 0 0 0 0 0 0 0.1 1.38777878078145e-17 1 0 0 0 47060000 354378.884811158 0 0 0 0 0 0 0 0 0 0 47060000 354378.884811158 47060000 354378.884811158 0 0 0 0 0 0 0 0 0 0 0 0 0 0 0.079788425 0.00519438127421111 0 0 0 0 0 0 0 0 0 0 0 0 0 0 0.07953487 0.0153173760711194 nan nan nan nan nan nan 92.383885 12.1520293844393 0 0 0 0 0 0 0 0 
47 47085295 707465.094881012 47085295 707465.094881012 0 0 0 0 0 0 2354.75 731.556072697097 0.078979995 0.0278309686069399 0 0 0 0 0 0 0 0 0 0 0 0 0 0 0 0 0.99926995 0.000307063588691336 0.99926995 0.000307063588691336 0 0 0 0 0 0 0.081494915 0.00938418605278449 0 0 0 0 0 0 0 0 0 0 0 0 0 0 528.85 202.903246647263 528.85 202.903246647263 0 0 0 0 0 0 0.1 1.38777878078145e-17 1 0 0 0 47085295 707465.094881012 0 0 0 0 0 0 0 0 0 0 47085295 707465.094881012 47085295 707465.094881012 0 0 0 0 0 0 0 0 0 0 0 0 0 0 0.081494915 0.00938418605278449 0 0 0 0 0 0 0 0 0 0 0 0 0 0 0.078979995 0.0278309686069399 nan nan nan nan nan nan 85.028575 26.2481326157667 0 0 0 0 0 0 0 0 
48 46744420 626741.195869555 46744420 626741.195869555 0 0 0 0 0 0 2718.9 645.61024620122 0.0948275195 0.0238212953000928 0 0 0 0 0 0 0 0 0 0 0 0 0 0 0 0 0.99913555 0.000277490445781475 0.99913555 0.000277490445781475 0 0 0 0 0 0 0.088917345 0.00822521401748763 0 0 0 0 0 0 0 0 0 0 0 0 0 0 538.95 180.28213305816 538.95 180.28213305816 0 0 0 0 0 0 0.1 1.38777878078145e-17 1 0 0 0 46744420 626741.195869555 0 0 0 0 0 0 0 0 0 0 46744420 626741.195869555 46744420 626741.195869555 0 0 0 0 0 0 0 0 0 0 0 0 0 0 0.088917345 0.00822521401748763 0 0 0 0 0 0 0 0 0 0 0 0 0 0 0.0948275195 0.0238212953000928 nan nan nan nan nan nan 93.054294 22.377635889434 0 0 0 0 0 0 0 0 
49 46447745 74029.5783791857 46447745 74029.5783791857 0 0 0 0 0 0 3047.4 74.6340404909181 0.1089943 0.00383888060637473 0 0 0 0 0 0 0 0 0 0 0 0 0 0 0 0 0.9989693 0.000196617674688714 0.9989693 0.000196617674688714 0 0 0 0 0 0 0.095901565 0.00146665947965947 0 0 0 0 0 0 0 0 0 0 0 0 0 0 651.35 130.611743346454 651.35 130.611743346454 0 0 0 0 0 0 0.1 1.38777878078145e-17 1 0 0 0 46447745 74029.5783791857 0 0 0 0 0 0 0 0 0 0 46447745 74029.5783791857 46447745 74029.5783791857 0 0 0 0 0 0 0 0 0 0 0 0 0 0 0.095901565 0.00146665947965947 0 0 0 0 0 0 0 0 0 0 0 0 0 0 0.1089943 0.00383888060637473 nan nan nan nan nan nan 99.979375 0.017108327650593 0 0 0 0 0 0 0 0 
50 46327895 94420.4663989752 46327895 94420.4663989752 0 0 0 0 0 0 3148.3 77.3938628057807 0.11436615 0.0040270641449448 0 0 0 0 0 0 0 0 0 0 0 0 0 0 0 0 0.9989818 0.000252431693731199 0.9989818 0.000252431693731199 0 0 0 0 0 0 0.099879935 0.00151889233202192 0 0 0 0 0 0 0 0 0 0 0 0 0 0 701.6 103.056489363844 701.6 103.056489363844 0 0 0 0 0 0 0.1 1.38777878078145e-17 1 0 0 0 46327895 94420.4663989752 0 0 0 0 0 0 0 0 0 0 46327895 94420.4663989752 46327895 94420.4663989752 0 0 0 0 0 0 0 0 0 0 0 0 0 0 0.099879935 0.00151889233202192 0 0 0 0 0 0 0 0 0 0 0 0 0 0 0.11436615 0.0040270641449448 nan nan nan nan nan nan 99.96773 0.0350449440005264 0 0 0 0 0 0 0 0 
