#1-sta 2-avgThroughput 3-stdThroughput 4-JFI 5-stdJFI 6-Bandwidth 7-avgDelay 8-stdDelay 9-avgBackoffStage 10-stdBackoffStage 11-totalFractionOfCollisionSlots 12.stdCollidingSlots 13.avgThroughputDCF 14. stdThroughputDCF 15.avgThroughputECA 16.stdThroughputECA 17.Sum of 15 and 16 18. std of 17 19. AvgBlockingProb 20. StdBlockingProb 21. AvgDroppedPackets 22.StdDropped 23.SxSlots 24.stdSxSlots 25.ColSlots 26.StdColSlots 27.EmptySlots 28.stdEmpty 29.totalSlots 30.stdTotalSlots 31.averageTAU 32.stdTAU 33.avgQSize 34.stdQSize 35.avgQEmpty 36.stdQEmpty 37. avgQDelay 38. stdQDelay
2 1.9424e+06 9655.85 0.999968 4.38759e-05 1e+06 0.000251741 3.70222e-07 0 0 1.31261e-06 3.88002e-07 0 0 1.0009e+06 5110.25 2.0018e+06 10219.5 0 0 0 0 23686.2 117.945 13.7475 4.06349 1.04498e+07 3294.5 1.04735e+07 3174.9 0.00113208 6.00253e-06 0.0555556 0.157135 23686.1 117.912 0.000256114 0
3 2.9114e+06 11335.2 0.999937 6.13081e-05 1e+06 0.000253378 5.0012e-07 0 0 7.01704e-06 9.20069e-07 0 0 1.0002e+06 4075.29 3.00059e+06 12225.6 0 0 0 0 35480 137.673 71.2525 9.33803 1.01187e+07 3880.31 1.01543e+07 3746.69 0.00116938 5.04543e-06 0.026936 0.0908466 35479.9 137.709 0.000261448 0
4 3.88135e+06 14025.3 0.999935 4.5779e-05 1e+06 0.000256238 5.36048e-07 0 0 2.12801e-05 1.41223e-06 0 0 1.00002e+06 3721.68 4.0001e+06 14888.1 0 0 0 0 47262.3 170.654 209.242 13.8506 9.78543e+06 4880.88 9.8329e+06 4705.95 0.00121232 5.15672e-06 0.0353535 0.10666 47262.2 170.646 0.000268127 0
5 4.85294e+06 17769.1 0.999937 4.66515e-05 1e+06 0.000260252 7.90952e-07 0 0 4.72287e-05 2.6443e-06 0 0 1.00026e+06 3805.73 5.00131e+06 19027.3 0 0 0 0 59037.6 216.182 449.071 25.0725 9.44903e+06 6174.42 9.50852e+06 5953.53 0.00126082 5.59046e-06 0.0343434 0.102653 59037.4 216.194 0.000276001 0
6 5.82183e+06 21096.9 0.999928 4.38945e-05 1e+06 0.00026555 8.46083e-07 0.003367 0.0333316 8.91007e-05 3.1431e-06 0 0 1.00001e+06 3633.03 6.00006e+06 21797.1 0 0 0 0 70744.8 252.821 818.111 28.6624 9.11039e+06 7327.45 9.18195e+06 7068.2 0.00131421 5.90603e-06 0.0404041 0.0823713 70744.6 252.816 0.000285274 0
7 6.79311e+06 21482.1 0.99993 4.02656e-05 1e+06 0.000272434 1.16057e-06 0 0 0.0001528 4.96835e-06 0 0 1.00013e+06 3228.2 7.00093e+06 22599.3 0 0 0 0 82444.1 260.892 1352.34 43.4407 8.76677e+06 7775.62 8.85056e+06 7498.66 0.00137515 6.0123e-06 0.021645 0.0550992 82443.9 260.851 0.00029627 0
8 7.76323e+06 24052.2 0.999932 3.56351e-05 1e+06 0.000281256 1.17191e-06 0.00126263 0.0124994 0.000244931 5.65387e-06 0 0 1.00004e+06 3142.64 8.0003e+06 25140.4 0 0 0 0 94074.4 287.826 2085.52 47.1369 8.41865e+06 8649.11 8.51481e+06 8342.51 0.00144365 6.31202e-06 0.0391414 0.0724884 94074.2 287.773 0.000309399 0
9 8.73425e+06 26281.7 0.99993 3.14611e-05 1e+06 0.000291833 1.56588e-06 0.003367 0.0247423 0.000369405 8.28589e-06 0 0 1.00011e+06 3106.73 9.00099e+06 27961.2 0 0 0 0 105662 307.644 3019.44 65.8163 8.06525e+06 9616.82 8.17393e+06 9280.77 0.00152067 6.82438e-06 0.0415263 0.0662272 105661 307.564 0.000324457 0
10 9.70544e+06 28251.9 0.999929 3.11172e-05 1e+06 0.000305074 1.7105e-06 0.00606061 0.0311989 0.000539162 9.96185e-06 0 0 1.00015e+06 2948.91 1.00015e+07 29489.1 0 0 0 0 117167 330.14 4219.84 74.7836 7.70538e+06 10423.3 7.82677e+06 10058.3 0.00160837 7.35441e-06 0.0393939 0.0736058 117166 330.13 0.00034245 0
11 1.06759e+07 28694.7 0.99993 3.0192e-05 1e+06 0.000320912 1.99737e-06 0.0156106 0.0563822 0.000759937 1.28421e-05 0 0 1.00011e+06 2747.54 1.10012e+07 30222.8 0 0 0 0 128582 337.236 5679.47 91.5842 7.33945e+06 10688.8 7.47371e+06 10315.1 0.00170751 7.60016e-06 0.0541781 0.0826548 128582 337.174 0.000363426 0
12 1.16477e+07 28919.4 0.999928 3.30235e-05 1e+06 0.000340132 2.27934e-06 0.0159933 0.0634281 0.00104717 1.72099e-05 0 0 1.00017e+06 2531.97 1.2002e+07 30382.2 0 0 0 0 139892 330.593 7448.56 113.521 6.96584e+06 11607.4 7.11318e+06 11206.7 0.00182105 8.65791e-06 0.0513468 0.0736905 139892 330.542 0.000388181 0
13 1.26186e+07 29374.7 0.999922 3.03774e-05 1e+06 0.000363648 2.50818e-06 0.016317 0.0549642 0.00141767 1.80298e-05 0 0 1.00011e+06 2335.03 1.30015e+07 30357.8 0 0 0 0 151049 317.848 9562.35 109.924 6.58461e+06 11429.2 6.74522e+06 11045.2 0.00195158 8.62119e-06 0.05439 0.0862645 151049 317.83 0.000417887 0
14 1.35895e+07 29323.9 0.999927 2.88515e-05 1e+06 0.000392347 3.13084e-06 0.02886 0.0759189 0.00189613 2.23187e-05 0 0 1.0001e+06 2235.92 1.40014e+07 31307.9 0 0 0 0 162049 328.094 12074.5 125.808 6.19395e+06 11803 6.36807e+06 11403.6 0.00210352 9.52777e-06 0.0663781 0.0920755 162049 328.008 0.000453466 0
15 1.45614e+07 31976.6 0.999925 2.62533e-05 1e+06 0.000427116 4.02867e-06 0.0094276 0.0367111 0.00250173 3.07705e-05 0 0 1.00012e+06 2223.26 1.50018e+07 33346.8 0 0 0 0 172836 339.899 14966.8 157.173 5.79492e+06 13379.3 5.98272e+06 12934.6 0.00228011 1.1511e-05 0.0397306 0.052689 172836 339.853 0.000496497 0
16 1.55312e+07 33429.1 0.999926 2.62567e-05 1e+06 0.000469451 4.65811e-06 0.0214646 0.0576814 0.00327769 4.13876e-05 0 0 1.00001e+06 2195.14 1.60002e+07 35123.7 0 0 0.00126263 0.0124994 183347 351.993 18316.2 193.216 5.38664e+06 14451.2 5.5883e+06 13975.2 0.00248811 1.36253e-05 0.0637626 0.07378 183347 351.907 0.000548259 0
17 1.6502e+07 34325.1 0.999925 2.81447e-05 1e+06 0.000522207 5.71627e-06 0.0404041 0.0910702 0.00427146 4.98567e-05 0 0 999896 2066.24 1.69982e+07 35120.4 0 0 0.00594177 0.0422158 193504 344.352 22143.4 204.314 4.96853e+06 14994.7 5.18417e+06 14510.9 0.00273541 1.55159e-05 0.0742721 0.102257 193503 344.33 0.000613295 0
18 1.74757e+07 33208 0.999926 2.45363e-05 1e+06 0.000588535 6.90941e-06 0.043771 0.0928524 0.00556963 5.84668e-05 0 0 999973 1973.38 1.79995e+07 35521.8 0 0 0.00392817 0.0298106 203229 327.1 26555 212.202 4.53816e+06 14359.5 4.76795e+06 13908.4 0.0030368 1.66755e-05 0.0847363 0.112045 203228 327.1 0.00069549 0
19 1.84498e+07 34519.6 0.999928 2.46173e-05 1e+06 0.000673229 9.90772e-06 0.0446571 0.0827503 0.00727348 9.17504e-05 0 0 1.00001e+06 1911.15 1.90003e+07 36307.8 0 0 0.0111643 0.0514338 212386 311.618 31569.3 287.524 4.09657e+06 16824.6 4.34053e+06 16321.3 0.00340831 2.28773e-05 0.086656 0.0789254 212385 311.587 0.000801886 0
20 1.94243e+07 34828.6 0.999922 2.63135e-05 1e+06 0.000782247 1.11258e-05 0.1 0.176383 0.00953471 0.000107316 0 0 999997 1850.85 1.99999e+07 37020 0 0 0.0282828 0.0779023 220689 317.362 37220.6 282.898 3.64595e+06 16180.2 3.90386e+06 15701.2 0.0038713 2.57269e-05 0.128788 0.160977 220688 317.335 0.000942607 0
21 2.04005e+07 36213.1 0.999919 2.85723e-05 1e+06 0.000926864 1.39181e-05 0.108706 0.158158 0.0126177 0.000147896 0 0 1.00001e+06 1785.7 2.10003e+07 37504.7 0 0 0.126503 0.194776 227943 293.371 43603.2 312.456 3.18435e+06 17330.4 3.4559e+06 16849.6 0.004467 3.36081e-05 0.132275 0.141091 227942 293.304 0.00113577 0
22 2.13755e+07 35527.3 0.99992 2.3577e-05 1e+06 0.00111908 1.98629e-05 0.146465 0.211683 0.0168513 0.000209103 0 0 999934 1723.08 2.19985e+07 37905.9 0 0 0.410009 0.35674 233708 300.019 50611 351.553 2.71928e+06 17735.9 3.0036e+06 17260.2 0.00524097 4.38134e-05 0.169421 0.200677 233708 299.968 0.00140516 0
23 2.23521e+07 35023.6 0.999917 2.5493e-05 1e+06 0.00138003 2.60365e-05 0.199824 0.20411 0.0228316 0.000249813 0 0 999824 1627.39 2.2996e+07 37432 0 0 1.23057 0.745432 237526 284.509 58219.8 305.168 2.25439e+06 15574.4 2.55013e+06 15224.8 0.0062769 5.01019e-05 0.220466 0.175362 237526 284.524 0.00179574 0
24 2.33311e+07 37876.6 0.999918 2.465e-05 1e+06 0.00174501 4.06472e-05 0.239057 0.260685 0.0314184 0.000431588 0 0 999650 1635.76 2.39916e+07 39248.9 0 0 3.76599 1.34678 238572 304.906 66185 385.664 1.80204e+06 17510.2 2.1068e+06 17189.8 0.00768422 7.84198e-05 0.263889 0.256645 238571 304.959 0.00238998 0
25 2.43029e+07 40830.9 0.999919 2.1822e-05 1e+06 0.00225113 6.16798e-05 0.420202 0.317992 0.0437492 0.000606959 0 0 999044 1665.11 2.49761e+07 41621.8 0 0 11.5814 2.33127 236300 408.56 73993.2 354.501 1.38123e+06 16094.3 1.69152e+06 15940.8 0.00959638 0.000105225 0.429091 0.327726 236299 408.629 0.00330587 0
26 2.52519e+07 38611.1 0.999923 2.35712e-05 1e+06 0.00295386 8.74097e-05 0.517094 0.327282 0.0609367 0.000879634 0 0 997457 1572.01 2.59339e+07 40873.5 0 0 30.3582 3.68767 230031 505.085 80900.5 343.206 1.01688e+06 14102.3 1.32782e+06 14069.3 0.0120979 0.000142065 0.548951 0.355915 230031 505.104 0.00474212 0
27 2.61498e+07 41110.1 0.999916 2.40956e-05 1e+06 0.0038866 0.000134153 0.693603 0.387441 0.0823266 0.00108304 0 0 993877 1573.39 2.68347e+07 42479.3 0 0 73.5376 5.8957 220141 647.067 85839.3 248.481 736833 10966.4 1.04281e+06 11232.5 0.0149858 0.000164484 0.792368 0.46584 220140 647.079 0.00691894 0
28 2.69723e+07 42412.7 0.999905 2.56517e-05 1e+06 0.0050664 0.000179565 0.904762 0.454371 0.104826 0.00115868 0 0 987700 1576.76 2.76556e+07 44150.8 0 0 148.696 8.29502 207650 736.298 88302.3 202.03 546508 7749.45 842460 8199.01 0.017728 0.00016528 1.13564 0.634404 207648 736.441 0.0100163 0
29 2.77121e+07 40074.2 0.999893 2.64757e-05 1e+06 0.00646533 0.000209715 1.16823 0.362961 0.12422 0.000946452 0 0 978961 1437.55 2.83899e+07 41688.7 0 0 255.155 10.4053 194145 754.793 88490.4 176.737 429771 4629.09 712407 5163.14 0.0197459 0.00012496 1.55521 0.625076 194138 755.347 0.014068 0
30 2.83924e+07 42901.7 0.999879 3.13064e-05 1e+06 0.00805075 0.000309953 1.38822 0.468977 0.139384 0.000881838 0 0 968831 1438.07 2.90649e+07 43143.3 0 0 378.178 14.529 180811 798.761 87076.9 237.005 356867 3753.45 624755 4558.32 0.0210112 0.000109437 2.05421 0.786425 180789 800.646 0.0189186 0
31 2.90329e+07 50651.1 0.999862 3.42844e-05 1e+06 0.00983447 0.000354298 1.60965 0.349707 0.151513 0.000677889 0 0 958031 1665.78 2.9699e+07 51641.4 0 0 509.141 12.8324 168026 851.324 84669.3 279.527 306144 2742.06 558839 3697.71 0.0217898 8.20181e-05 2.7289 0.860446 167969 854.219 0.0245844 0
32 2.96463e+07 55554.5 0.999831 4.35996e-05 1e+06 0.011829 0.00048561 1.74369 0.377751 0.161395 0.000656044 0 0 946987 1737.39 3.03036e+07 55599 0 0 642.179 17.7102 155848 875.644 81535.6 327.452 267820 2211.89 505203 3188.92 0.0222467 6.99044e-05 3.29672 0.980258 155720 885.112 0.0310986 0
33 3.0286e+07 57994.4 0.999817 4.81396e-05 1e+06 0.0141439 0.000732487 1.90848 0.352208 0.170043 0.000567098 0 0 937414 1760.91 3.09347e+07 58109 0 0 758.461 20.6631 143799 1021.12 77827.3 450.249 236071 2067.12 457698 3391.33 0.0225209 5.8464e-05 3.76125 1.08676 143537 1039.35 0.0386705 0
34 3.09442e+07 67957.4 0.999775 6.19907e-05 1e+06 0.0167976 0.000892066 2.16815 0.285924 0.177252 0.000659528 0 0 928786 2011.35 3.15787e+07 68387.8 0 0 862.725 21.5706 132269 1110.06 73624.8 511.133 209483 2195.4 415376 3640.73 0.022634 7.21841e-05 4.88116 1.4466 131791 1138.73 0.0475785 0
35 3.17074e+07 74986.8 0.999776 6.09273e-05 1e+06 0.0200759 0.00140807 2.34574 0.298543 0.183142 0.000640091 0 0 923497 2102.07 3.23224e+07 73570.1 0 0 925.699 19.8624 120294 1199.72 68510.3 630.474 185284 2068.54 374089 3755.74 0.0226235 6.50268e-05 6.30938 1.46747 119433 1252.52 0.0591575 0
36 3.25977e+07 89522.3 0.999765 5.91663e-05 1e+06 0.0241596 0.00218544 2.50309 0.2745 0.187263 0.000608868 0 0 921827 2413.3 3.31858e+07 86881.1 0 0 944.183 23.0253 108185 1276.67 62690.4 724.502 163896 1735.47 334771 3600.77 0.0224366 6.0004e-05 8.19613 2.1033 106718 1358.61 0.0751274 0
37 3.37589e+07 128162 0.999759 5.99092e-05 1e+06 0.0296661 0.00492258 2.7472 0.268361 0.188028 0.000951928 0 0 927146 3292.88 3.43044e+07 121833 0 0 876.061 34.9699 95313.1 1681.32 55429.8 1089.63 144039 2174.35 294782 4834.22 0.0219851 8.14877e-05 11.5809 2.67448 92815.7 1842.14 0.10199 0
38 3.5168e+07 142073 0.999768 4.74875e-05 1e+06 0.0367943 0.00986889 3.02632 0.266669 0.184619 0.00140325 0 0 938410 3547.64 3.56596e+07 134807 0 0 731.97 36.5 82952.7 1707.21 47704.6 1161.08 127710 1873.25 258367 4637.65 0.0211575 0.000127473 18.3272 5.37371 79026.4 1917.08 0.147823 0
39 3.66728e+07 170233 0.999796 4.64341e-05 1e+06 0.0450594 0.0220764 3.22067 0.236548 0.177721 0.00240587 0 0 951454 4090.55 3.71067e+07 159528 0 0 563.942 43.1038 72836.1 1911.04 40786.2 1414.59 115812 1807.37 229434 5024.22 0.0200415 0.000211831 27.2989 7.38037 67306.1 2206.92 0.222294 0
40 3.81084e+07 161674 0.999793 4.51671e-05 1e+06 0.0541431 0.0354766 3.47601 0.219041 0.168478 0.00293533 0 0 962214 3749.05 3.84886e+07 149963 0 0 418.446 40.0149 65095.5 1787.35 35136.7 1345.14 108250 1519.67 208482 4527 0.0187294 0.000263264 41.7109 10.5553 58006.1 2094.57 0.327483 0
41 3.94232e+07 114950 0.999801 5.16897e-05 1e+06 0.0638159 0.0443777 3.67209 0.194358 0.159699 0.00265955 0 0 969738 2629.16 3.97593e+07 107796 5.08197e-06 5.03089e-05 308.76 26.6772 59422.6 1313.59 30845.4 993.109 102832 1064.07 193100 3185.99 0.0175099 0.000244619 59.5644 12.2455 50992.9 1547.22 0.459317 0
42 4.0596e+07 127009 0.999794 5.09234e-05 1e+06 0.0738542 0.0662343 3.7987 0.195528 0.151714 0.00331919 0 0 973731 2842.18 4.08967e+07 119378 3.66764e-07 3.63077e-06 236.767 25.4968 55189.1 1387.97 27594.3 1094.44 99032 1040.33 181815 3357.28 0.0163967 0.000288576 83.0604 17.7172 45626.6 1653.19 0.612 0
43 4.17037e+07 113134 0.999776 5.94261e-05 1e+06 0.0855859 0.0865398 3.94621 0.198784 0.143281 0.00351303 0 0 976087 2512.77 4.19718e+07 108049 1.65063e-05 7.15434e-05 179.776 21.6167 51597.4 1347.68 24683.2 1073.78 95911.8 1104.08 172192 3388.89 0.0153214 0.000292218 111.325 21.7149 40973.6 1594.69 0.794994 0
44 4.27246e+07 113852 0.999741 6.28475e-05 1e+06 0.0984728 0.0932159 4.07874 0.174206 0.135326 0.00369709 0 0 976486 2479.17 4.29654e+07 109086 6.22868e-05 0.000151857 139.493 17.5294 48510.3 1197.91 22195.8 988.283 93235 963.56 163941 2955.36 0.0143307 0.000296666 146.117 23.1095 36945.8 1432.13 0.997016 0
45 4.37285e+07 115939 0.999685 8.55213e-05 1e+06 0.111312 0.116502 4.18182 0.150797 0.127153 0.0035423 0 0 976502 2554.33 4.39426e+07 114953 0.000124395 0.000220229 106.884 12.8611 45847 1040.78 19922 858.082 90842.9 788.071 156612 2505.46 0.0133954 0.000274828 177.721 27.0974 33382.4 1238.46 1.19385 0
46 4.46353e+07 117750 0.999614 0.00012044 1e+06 0.123189 0.13126 4.29754 0.147398 0.120899 0.00392658 0 0 974600 2556.37 4.48316e+07 117597 0.000237683 0.000396521 87.4354 11.6434 43983.3 1113.29 18311.5 928.736 89077.9 945.584 151373 2850.96 0.0126516 0.000288257 219.254 29.1538 30810.1 1313.6 1.40758 0
47 4.55774e+07 136338 0.999555 0.000106921 1e+06 0.137293 0.144539 4.38384 0.142933 0.112337 0.00414899 0 0 973449 2881.89 4.57521e+07 135446 0.000407614 0.000440242 67.602 10.4041 41768.2 1066.17 16311.2 906.88 87020.5 941.244 145100 2794.7 0.0117992 0.000288261 250.888 28.2034 27788.9 1263.07 1.62429 0
48 4.6413e+07 160857 0.999459 0.000142606 1e+06 0.148684 0.163093 4.44992 0.124223 0.105361 0.00387196 0 0 970213 3380.38 4.65702e+07 162262 0.000687105 0.000563004 56.1056 8.55983 40107.1 933.406 14776.1 787.738 85275.9 899.34 140159 2443.46 0.0111113 0.000259371 298.265 39.199 25473.9 1083.57 1.85412 0
49 4.72942e+07 173048 0.999411 0.000142526 1e+06 0.160455 0.180439 4.49371 0.114446 0.0985717 0.00389142 0 0 968091 3542.41 4.74365e+07 173579 0.000879149 0.000658255 46.5042 6.43128 38677.3 856.18 13400.4 739.104 83785.8 770.175 135864 2226.9 0.0104759 0.000244902 331.266 41.4026 23407 996.039 2.05391 0
50 4.81191e+07 197757 0.999341 0.000183419 1e+06 0.171957 0.193963 4.58323 0.0915283 0.0916375 0.00433261 0 0 964943 3973.83 4.82471e+07 198691 0.00134169 0.000975741 40.2885 6.29456 37346.1 901.104 12081.7 782.01 82306.7 835.501 131734 2396.12 0.009873 0.000260194 370.531 41.439 21476.5 1038.66 2.28436 0
51 4.89802e+07 213839 0.999284 0.000182373 1e+06 0.182528 0.200374 4.6223 0.111498 0.0840684 0.00416793 0 0 962634 4173.4 4.90943e+07 212842 0.00160743 0.00103064 33.0166 5.32998 36024.2 756.496 10733 690.741 80822.4 814.627 127580 2025.95 0.0092724 0.000240682 402.795 41.6262 19544.6 898.125 2.45439 0
52 4.97814e+07 257971 0.999245 0.000157588 1e+06 0.193163 0.22466 4.68182 0.0904181 0.0771061 0.00434468 0 0 959287 4934.9 4.98829e+07 256616 0.00186467 0.000999519 28.5655 4.81043 34908.1 730.595 9543.27 669.666 79221.4 703.12 123673 1872.07 0.00875508 0.000239704 444.89 51.4615 17879 865.42 2.68238 0
53 5.06097e+07 249349 0.999218 0.000161644 1e+06 0.202471 0.213783 4.73051 0.0871485 0.0705471 0.0049206 0 0 956609 4641.48 5.07003e+07 246003 0.0022498 0.0010667 24.2037 4.38069 33977.9 772.802 8507.89 733.666 77977 748.133 120463 2074.36 0.00828212 0.000255529 477.405 43.4814 16419.1 939.633 2.86391 0
54 5.14922e+07 286295 0.999239 0.000172401 1e+06 0.210057 0.24273 4.77853 0.0813366 0.0635179 0.00430694 0 0 955055 5289.72 5.1573e+07 285643 0.00238609 0.00132381 21.485 3.83708 33083.9 642.388 7460.31 613.45 76795.4 691.598 117340 1783.18 0.00781665 0.00021083 497.362 49.7922 14980.4 757.959 3.00741 0
55 5.23408e+07 298014 0.999256 0.000156565 1e+06 0.220301 0.261042 4.80459 0.0711654 0.055841 0.00450091 0 0 952917 5395.81 5.24104e+07 296770 0.00242125 0.00126328 19.4995 3.69611 32199.6 586.177 6363.39 608.106 75258.9 766.047 113822 1796.71 0.00737077 0.000201773 525.029 55.1586 13567 708.946 3.18003 0
56 5.3231e+07 363757 0.9993 0.000182744 1e+06 0.227523 0.265873 4.84758 0.063315 0.0479926 0.00446452 0 0 951627 6447.54 5.32911e+07 361065 0.00252591 0.0017176 17.5105 3.35152 31460.7 448.908 5309.73 559.806 73742.6 675.11 110513 1479.72 0.00695277 0.000180295 541.471 59.7205 12295.4 587.082 3.29723 0
57 5.41736e+07 436938 0.999378 0.00016034 1e+06 0.23453 0.328828 4.87188 0.0548279 0.0403693 0.00479156 0 0 951330 7616.71 5.42258e+07 434149 0.00222339 0.00161967 15.8813 2.79542 30989.1 393.527 4343.59 568.138 72114.6 643.056 107447 1382.04 0.00660106 0.0001747 550.118 73.4503 11299.3 542.661 3.37629 0
58 5.51575e+07 436200 0.999473 0.000150668 1e+06 0.24011 0.377307 4.89324 0.0478752 0.0337951 0.00455917 0 0 951788 7475.37 5.52037e+07 433561 0.00161895 0.00140489 15.1957 2.92801 30793.7 422.04 3550.08 517.074 70550.3 764.852 104894 1278.52 0.00633454 0.000154807 552.693 72.648 10605.5 508.888 3.4102 0
59 5.6112e+07 466636 0.999597 0.000122463 1e+06 0.247633 0.429831 4.91457 0.031402 0.0253198 0.00430719 0 0 951718 7866.69 5.61514e+07 464136 0.0010738 0.00122865 13.4229 2.71013 30637.5 628.54 2578.1 465.101 68438.8 995.462 101654 1101.6 0.0060561 0.000157268 561.968 81.2098 9943.38 702.284 3.53249 0
60 5.68251e+07 450486 0.999661 0.000117514 1e+06 0.253788 0.463361 4.92913 0.0334455 0.0202025 0.00398587 0 0 947664 7443.69 5.68599e+07 446625 0.00107314 0.00119711 12.8606 2.33017 30365.9 1288.03 2009.31 415.487 66911 1392.84 99286.3 980.98 0.00584881 0.000266097 612.218 76.6237 9306.99 1430.91 3.69148 0
61 5.72118e+07 482082 0.999703 0.000107804 1e+06 0.259412 0.503724 4.94486 0.0381785 0.0173251 0.00307129 0 0 938388 7810.19 5.72417e+07 476420 0.0018547 0.00186783 12.1543 2.51023 29508.7 2102.65 1685.42 307.509 66001.6 2252.99 97195.7 650.939 0.00561816 0.000401549 716.548 77.9401 8224.02 2326.49 4.07152 0
62 5.74069e+07 519217 0.999699 0.000116611 1e+06 0.265034 0.465228 4.95764 0.039748 0.0159736 0.00315141 0 0 926342 8264.91 5.74332e+07 512425 0.00467546 0.00349304 11.9901 2.50075 28755.4 2567.55 1527.24 311.88 65217.5 2735.32 95500.1 709.92 0.00544051 0.000472562 828.883 61.1668 7339.52 2818.69 4.56443 0
63 5.74725e+07 529785 0.999655 0.000154443 1e+06 0.270511 0.428197 4.9511 0.038001 0.0152236 0.00300701 0 0 912687 8308.17 5.74993e+07 523418 0.0110262 0.00621176 11.8038 2.2028 29070.9 2505.75 1430.08 290.128 63351.3 2675.24 93852.4 595.746 0.00546461 0.000470222 918.038 30.042 7629.43 2762.26 5.12271 0
64 5.76342e+07 561754 0.999647 0.000171802 1e+06 0.275208 0.371479 4.9697 0.0375437 0.0146104 0.00287495 0 0 900885 8663.3 5.76566e+07 554453 0.0196616 0.00800624 11.3074 1.9089 27880.9 2712.33 1351.49 272.273 63196.7 2882.67 92429.1 571.806 0.00523184 0.000506053 957.094 9.34382 6314.44 2995.99 5.57133 0
65 5.76484e+07 479642 0.999605 0.000188253 1e+06 0.28031 0.293484 4.96721 0.037724 0.0144934 0.00267732 0 0 887240 7282.65 5.76706e+07 473371 0.0321127 0.00751638 11.2553 2.28253 27888.6 2687.93 1319.85 249.561 61787.8 2797.61 90996.3 495.667 0.00522073 0.000491789 971.363 4.94533 6310.45 2929.41 6.03203 0
66 5.7754e+07 574714 0.999591 0.000245673 1e+06 0.28507 0.254918 4.97628 0.035135 0.014435 0.00290726 0 0 875354 8595.96 5.77733e+07 567338 0.0436585 0.00894751 10.9914 1.90494 27036.3 2700.3 1297.78 269.837 61478.4 2807.87 89812.5 700.185 0.00505565 0.000504984 975.917 6.13988 5374.83 2998.5 6.37299 0
67 5.78991e+07 625974 0.999593 0.000293924 1e+06 0.289498 0.249615 4.98492 0.0290491 0.0136398 0.00304907 0 0 864426 9231.08 5.79166e+07 618485 0.0544102 0.00959009 11.0285 2.19896 26624.3 2546.01 1207.11 276.017 60580.1 2639.11 88411.5 572.176 0.00495767 0.000487122 978.064 5.94413 4876.66 2864.66 6.62251 0
68 5.79926e+07 565797 0.999627 0.000276087 1e+06 0.294252 0.198985 4.98945 0.025173 0.0131087 0.0028856 0 0 853047 8214.89 5.80072e+07 558610 0.0655883 0.008642 10.9767 2.21326 25874.3 2337.2 1142.6 257.744 60051.7 2402.45 87068.6 579.52 0.00480895 0.000449348 980.583 5.23815 4048.82 2630.85 6.8952 0
69 5.80324e+07 692681 0.999624 0.000329955 1e+06 0.298874 0.231384 4.99341 0.0208308 0.0129906 0.00348227 0 0 841237 9939.06 5.80453e+07 685796 0.0772519 0.0103006 10.9229 2.29056 25324.2 1974.42 1115.9 304.493 59352.6 2006.52 85792.7 506.68 0.00470701 0.000403971 982.431 4.46225 3457.36 2309.71 7.14725 0
70 5.79977e+07 637022 0.999601 0.000327596 1e+06 0.304014 0.191038 4.99596 0.016122 0.0130638 0.00312572 0 0 828712 9016.41 5.80099e+07 631152 0.0897425 0.00937476 10.5688 1.95178 25093 1795.53 1106.18 270.397 58383.3 1803.73 84582.6 513.069 0.0046628 0.000359883 983.29 3.97119 3228.12 2091.73 7.41643 0
