#1 Nodes,                 #2 AvgThroughput,               #4 totalBKThroughput, 
#6 totalBEThroughput,       #8 totalVIThroughput,           #10 totalVOThroughput,
#12 totalCollisions,        #14 totalBKCollisions,          #16 totalBECollisions,
#18 totalVICollisions,      #20 TotalVOCollisions,          #22 totalInternalCollisions,    
#24 totalBKIntCol,          #26 totalBEIntCol,              #28 totalVIIntCol,
#30 totalVOIntCol,          #32 overallFairness,            #34 BKFairness,
#36 BEFairness,             #38 VIFairness,                 #40 VOFairness,
#42 avgTimeBtSxTxBK,        #44 avgTimeBtSxTxBE,            #46 avgTimeBtSxTxVI,
#48 avgTimeBtSxTxVO,        #50 qEmptyBK,                   #52 qEmptyBE,
#54 qEmptyVI,               #56 qEmptyVO                    #58 totalDropped,
#60 droppedBK,              #62 droppedBE                   #64 droppedVI,
#66 droppedVO               #68 channelErrors               #70 stickiness
#72 totalThroughputUnsat    #74 totalThroughputSat          #76 totalThroughputEDCA
#78 totalBKthroughputEDCA   #80 totalBEthroughputEDCA       #82 totalVIthroughputEDCA
#84 totalVOthroughputEDCA   #86 totalThroughputECA          #88 totalBKthroughputECA
#90 totalBEthroughputECA    #92 totalVIthroughputECA        #94 totalVOthroughputECA
#96 avgTimeBtSxTxBkEDCA     #98 avgTimeBtSxTxBeEDCA         #100 avgTimeBtSxTxViEDCA
#102 avgTimeBtSxTxVoEDCA    #104 avgTimeBtSxTxBkECA         #106 avgTimeBtSxTxBeECA
#108 avgTimeBtSxTxViECA     #110 avgTimeBtSxTxVoECA         #112 BKCollisionsEDCA
#114 BECollisionsEDCA       #116 VICollisionsEDCA           #118 VOCollisionsEDCA
#120 BKCollisionsECA        #122 BECollisionsECA            #124 VICollisionsECA
#126 VOCollisionsEDCA       #128 lastCollision
5 4979140 3810 4979140 3810 0 0 0 0 0 0 214.5 0.5 0.00702118 2.81700000000001e-05 0 0 0 0 0 0 0 0 0 0 0 0 0 0 0 0 0.9999695 2.49999999996087e-06 0.9999695 2.49999999996087e-06 0 0 0 0 0 0 0.0003499005 2.37499999999999e-07 0 0 0 0 0 0 58060 80 0 0 0 0 0 0 0 0 0 0 0 0 0 0 0 0 0 0 1 0 4979140 3810 0 0 0 0 0 0 0 0 0 0 0 0 4979140 3810 4979140 3810 0 0 0 0 0 0 0 0 0 0 0 0 0 0 0.0003499005 2.37499999999999e-07 0 0 0 0 0 0 0 0 0 0 0 0 0 0 0.00702118 2.81700000000001e-05 nan nan nan nan nan nan 99.78755 0.0125499999999974 
10 10003850 150 10003850 150 0 0 0 0 0 0 1412.5 12.5 0.02275245 0.000219250000000001 0 0 0 0 0 0 0 0 0 0 0 0 0 0 0 0 0.999931 2.99999999999745e-05 0.999931 2.99999999999745e-05 0 0 0 0 0 0 0.000392505 2.49999999999871e-08 0 0 0 0 0 0 115686 33 0 0 0 0 0 0 0 0 0 0 0 0 0 0 0 0 0 0 1 0 10003850 150 0 0 0 0 0 0 0 0 0 0 0 0 10003850 150 10003850 150 0 0 0 0 0 0 0 0 0 0 0 0 0 0 0.000392505 2.49999999999871e-08 0 0 0 0 0 0 0 0 0 0 0 0 0 0 0.02275245 0.000219250000000001 nan nan nan nan nan nan 99.97405 0.00755000000000194 
15 14960600 40800 14960600 40800 0 0 0 0 0 0 5098 8 0.0539467 9.40999999999997e-05 0 0 0 0 0 0 0 0 0 0 0 0 0 0 0 0 0.999923 9.99999999995449e-06 0.999923 9.99999999995449e-06 0 0 0 0 0 0 0.0004878285 6.72500000000018e-07 0 0 0 0 0 0 170339.5 332.5 0 0 0 0 0 0 0 0 0 0 0 0 0 0 0 0 0 0 1 0 14960600 40800 0 0 0 0 0 0 0 0 0 0 0 0 14960600 40800 14960600 40800 0 0 0 0 0 0 0 0 0 0 0 0 0 0 0.0004878285 6.72500000000018e-07 0 0 0 0 0 0 0 0 0 0 0 0 0 0 0.0539467 9.40999999999997e-05 nan nan nan nan nan nan 99.9777 0.00889999999999702 
20 19990200 9700 19990200 9700 0 0 0 0 0 0 15328 5 0.1178335 8.84999999999983e-05 0 0 0 0 0 0 0 0 0 0 0 0 0 0 0 0 0.999908 2.000000000002e-06 0.999908 2.000000000002e-06 0 0 0 0 0 0 0.000752221 2.424e-06 0 0 0 0 0 0 219109 52 0 0 0 0 0 0 1 1 1 1 0 0 0 0 0 0 0 0 1 0 19990200 9700 0 0 0 0 0 0 0 0 0 0 0 0 19990200 9700 19990200 9700 0 0 0 0 0 0 0 0 0 0 0 0 0 0 0.000752221 2.424e-06 0 0 0 0 0 0 0 0 0 0 0 0 0 0 0.1178335 8.84999999999983e-05 nan nan nan nan nan nan 99.9989 0.00089999999999435 
25 24974350 22050 24974350 22050 0 0 0 0 0 0 45625.5 299.5 0.271935 0.00184799999999999 0 0 0 0 0 0 0 0 0 0 0 0 0 0 0 0 0.999895 2.29999999999952e-05 0.999895 2.29999999999952e-05 0 0 0 0 0 0 0.00208851 2.29100000000001e-05 0 0 0 0 0 0 232128.5 414.5 0 0 0 0 0 0 111 8 111 8 0 0 0 0 0 0 0 0 1 0 24974350 22050 0 0 0 0 0 0 0 0 0 0 0 0 24974350 22050 24974350 22050 0 0 0 0 0 0 0 0 0 0 0 0 0 0 0.00208851 2.29100000000001e-05 0 0 0 0 0 0 0 0 0 0 0 0 0 0 0.271935 0.00184799999999999 nan nan nan nan nan nan 99.99755 0.00234999999999985 
30 29788200 13200 29788200 13200 0 0 0 0 0 0 66613 264 0.4582085 0.00160250000000001 0 0 0 0 0 0 0 0 0 0 0 0 0 0 0 0 0.999906 4.99999999997724e-06 0.999906 4.99999999997724e-06 0 0 0 0 0 0 0.009987245 3.23550000000004e-05 0 0 0 0 0 0 140198.5 3.5 0 0 0 0 0 0 2238 144 2238 144 0 0 0 0 0 0 0 0 1 0 29788200 13200 0 0 0 0 0 0 0 0 0 0 0 0 29788200 13200 29788200 13200 0 0 0 0 0 0 0 0 0 0 0 0 0 0 0.009987245 3.23550000000004e-05 0 0 0 0 0 0 0 0 0 0 0 0 0 0 0.4582085 0.00160250000000001 nan nan nan nan nan nan 99.9985 0.00089999999999435 
35 34590300 83200 34590300 83200 0 0 0 0 0 0 44908.5 199.5 0.481057 0.000778000000000001 0 0 0 0 0 0 0 0 0 0 0 0 0 0 0 0 0.999886 3.99999999994849e-06 0.999886 3.99999999994849e-06 0 0 0 0 0 0 0.0260853 2.55999999999989e-05 0 0 0 0 0 0 70450 220 0 0 0 0 0 0 3892 38 3892 38 0 0 0 0 0 0 0 0 1 0 34590300 83200 0 0 0 0 0 0 0 0 0 0 0 0 34590300 83200 34590300 83200 0 0 0 0 0 0 0 0 0 0 0 0 0 0 0.0260853 2.55999999999989e-05 0 0 0 0 0 0 0 0 0 0 0 0 0 0 0.481057 0.000778000000000001 nan nan nan nan nan nan 99.99845 0.00104999999999933 
40 39747900 2600 39747900 2600 0 0 0 0 0 0 24548.5 3.5 0.429822 0.000980000000000009 0 0 0 0 0 0 0 0 0 0 0 0 0 0 0 0 0.9999075 5.00000000014378e-07 0.9999075 5.00000000014378e-07 0 0 0 0 0 0 0.051832 0.0003896 0 0 0 0 0 0 32730 321 0 0 0 0 0 0 2449 7 2449 7 0 0 0 0 0 0 0 0 1 0 39747900 2600 0 0 0 0 0 0 0 0 0 0 0 0 39747900 2600 39747900 2600 0 0 0 0 0 0 0 0 0 0 0 0 0 0 0.051832 0.0003896 0 0 0 0 0 0 0 0 0 0 0 0 0 0 0.429822 0.000980000000000009 nan nan nan nan nan nan 99.99795 0.000849999999999795 
45 44617100 900 44617100 900 0 0 0 0 0 0 12714.5 97.5 0.353131 0.000306000000000001 0 0 0 0 0 0 0 0 0 0 0 0 0 0 0 0 0.9998905 3.14999999999621e-05 0.9998905 3.14999999999621e-05 0 0 0 0 0 0 0.0910179 0.0003506 0 0 0 0 0 0 13449.5 160.5 0 0 0 0 0 0 1183.5 82.5 1183.5 82.5 0 0 0 0 0 0 0 0 1 0 44617100 900 0 0 0 0 0 0 0 0 0 0 0 0 44617100 900 44617100 900 0 0 0 0 0 0 0 0 0 0 0 0 0 0 0.0910179 0.0003506 0 0 0 0 0 0 0 0 0 0 0 0 0 0 0.353131 0.000306000000000001 nan nan nan nan nan nan 99.9943 0.00370000000000203 
50 48912000 38000 48912000 38000 0 0 0 0 0 0 6559.5 187.5 0.2529935 0.00247149999999999 0 0 0 0 0 0 0 0 0 0 0 0 0 0 0 0 0.9996095 3.64999999999949e-05 0.9996095 3.64999999999949e-05 0 0 0 0 0 0 0.125163 0.001336 0 0 0 0 0 0 3656 253 0 0 0 0 0 0 543.5 72.5 543.5 72.5 0 0 0 0 0 0 0 0 1 0 48912000 38000 0 0 0 0 0 0 0 0 0 0 0 0 48912000 38000 48912000 38000 0 0 0 0 0 0 0 0 0 0 0 0 0 0 0.125163 0.001336 0 0 0 0 0 0 0 0 0 0 0 0 0 0 0.2529935 0.00247149999999999 nan nan nan nan nan nan 99.98235 0.00665000000000049 
55 50385550 49950 50385550 49950 0 0 0 0 0 0 4324.5 5.5 0.1712185 0.000829499999999997 0 0 0 0 0 0 0 0 0 0 0 0 0 0 0 0 0.999181 0.000165999999999999 0.999181 0.000165999999999999 0 0 0 0 0 0 0.127013 0.00116300000000001 0 0 0 0 0 0 674 22 0 0 0 0 0 0 720.5 90.5 720.5 90.5 0 0 0 0 0 0 0 0 1 0 50385550 49950 0 0 0 0 0 0 0 0 0 0 0 0 50385550 49950 50385550 49950 0 0 0 0 0 0 0 0 0 0 0 0 0 0 0.127013 0.00116300000000001 0 0 0 0 0 0 0 0 0 0 0 0 0 0 0.1712185 0.000829499999999997 nan nan nan nan nan nan 99.9578 0.0231999999999957 
60 50212900 26300 50212900 26300 0 0 0 0 0 0 4360 10 0.18253 0.000487999999999988 0 0 0 0 0 0 0 0 0 0 0 0 0 0 0 0 0.9984805 4.04999999999989e-05 0.9984805 4.04999999999989e-05 0 0 0 0 0 0 0.1483365 0.000120500000000009 0 0 0 0 0 0 356 11 0 0 0 0 0 0 778.5 12.5 778.5 12.5 0 0 0 0 0 0 0 0 1 0 50212900 26300 0 0 0 0 0 0 0 0 0 0 0 0 50212900 26300 50212900 26300 0 0 0 0 0 0 0 0 0 0 0 0 0 0 0.1483365 0.000120500000000009 0 0 0 0 0 0 0 0 0 0 0 0 0 0 0.18253 0.000487999999999988 nan nan nan nan nan nan 99.99675 0.00245000000000317 
65 49879900 55900 49879900 55900 0 0 0 0 0 0 4584 44 0.201584 0.002875 0 0 0 0 0 0 0 0 0 0 0 0 0 0 0 0 0.9989485 0.000121499999999997 0.9989485 0.000121499999999997 0 0 0 0 0 0 0.172246 0.001637 0 0 0 0 0 0 228 17 0 0 0 0 0 0 1105.5 18.5 1105.5 18.5 0 0 0 0 0 0 0 0 1 0 49879900 55900 0 0 0 0 0 0 0 0 0 0 0 0 49879900 55900 49879900 55900 0 0 0 0 0 0 0 0 0 0 0 0 0 0 0.172246 0.001637 0 0 0 0 0 0 0 0 0 0 0 0 0 0 0.201584 0.002875 nan nan nan nan nan nan 99.9886 0.000499999999995282 
70 49382150 1150 49382150 1150 0 0 0 0 0 0 4825.5 23.5 0.224453 0.00100599999999999 0 0 0 0 0 0 0 0 0 0 0 0 0 0 0 0 0.9982685 0.000117499999999993 0.9982685 0.000117499999999993 0 0 0 0 0 0 0.2017435 0.000324500000000005 0 0 0 0 0 0 148.5 8.5 0 0 0 0 0 0 1011.5 10.5 1011.5 10.5 0 0 0 0 0 0 0 0 1 0 49382150 1150 0 0 0 0 0 0 0 0 0 0 0 0 49382150 1150 49382150 1150 0 0 0 0 0 0 0 0 0 0 0 0 0 0 0.2017435 0.000324500000000005 0 0 0 0 0 0 0 0 0 0 0 0 0 0 0.224453 0.00100599999999999 nan nan nan nan nan nan 99.979 0.015500000000003 
