#1 Nodes,                 #2 AvgThroughput,               #4 totalBKThroughput, 
#6 totalBEThroughput,       #8 totalVIThroughput,           #10 totalVOThroughput,
#12 totalCollisions,        #14 totalBKCollisions,          #16 totalBECollisions,
#18 totalVICollisions,      #20 TotalVOCollisions,          #22 totalInternalCollisions,    
#24 totalBKIntCol,          #26 totalBEIntCol,              #28 totalVIIntCol,
#30 totalVOIntCol,          #32 overallFairness,            #34 BKFairness,
#36 BEFairness,             #38 VIFairness,                 #40 VOFairness,
#42 avgTimeBtSxTxBK,        #44 avgTimeBtSxTxBE,            #46 avgTimeBtSxTxVI,
#48 avgTimeBtSxTxVO,        #50 qEmptyBK,                   #52 qEmptyBE,
#54 qEmptyVI,               #56 qEmptyVO                    #58 totalDropped,
#60 droppedBK,              #62 droppedBE                   #64 droppedVI,
#66 droppedVO               #68 channelErrors               #70 stickiness
#72 totalThroughputUnsat    #74 totalThroughputSat          #76 totalThroughputEDCA
#78 totalBKthroughputEDCA   #80 totalBEthroughputEDCA       #82 totalVIthroughputEDCA
#84 totalVOthroughputEDCA   #86 totalThroughputECA          #88 totalBKthroughputECA
#90 totalBEthroughputECA    #92 totalVIthroughputECA        #94 totalVOthroughputECA
#96 avgTimeBtSxTxBkEDCA     #98 avgTimeBtSxTxBeEDCA         #100 avgTimeBtSxTxViEDCA
#102 avgTimeBtSxTxVoEDCA    #104 avgTimeBtSxTxBkECA         #106 avgTimeBtSxTxBeECA
#108 avgTimeBtSxTxViECA     #110 avgTimeBtSxTxVoECA         #112 BKCollisionsEDCA
#114 BECollisionsEDCA       #116 VICollisionsEDCA           #118 VOCollisionsEDCA
#120 BKCollisionsECA        #122 BECollisionsECA            #124 VICollisionsECA
#126 VOCollisionsEDCA       #128 lastCollision              #130 avgQueuingDelayBK
#132 avgQueuingDelayBE      #134 avgQueuingDelayVI          #136 avgQueuingDelayVO
5 16922000 52600 16922000 52600 0 0 0 0 0 0 25094 22 0.115979 0.000662999999999997 0 0 0 0 0 0 0 0 0 0 0 0 0 0 0 0 0.9995815 4.85000000000069e-05 0.9995815 4.85000000000069e-05 0 0 0 0 0 0 0.002421555 7.42499999999992e-06 0 0 0 0 0 0 0 0 0 0 0 0 0 0 0.5 0.5 0.5 0.5 0 0 0 0 0 0 0.1 0 1 0 0 0 16922000 52600 0 0 0 0 0 0 0 0 0 0 16922000 52600 16922000 52600 0 0 0 0 0 0 0 0 0 0 0 0 0 0 0.002421555 7.42499999999992e-06 0 0 0 0 0 0 0 0 0 0 0 0 0 0 0.115979 0.000662999999999997 nan nan nan nan nan nan 99.99845 0.000650000000000261 2.39103 0.00679999999999992 0 0 0 0 0 0 
10 19809100 18400 19809100 18400 0 0 0 0 0 0 30226 82 0.122363 0.000243 0 0 0 0 0 0 0 0 0 0 0 0 0 0 0 0 0.9998065 5.64999999999594e-05 0.9998065 5.64999999999594e-05 0 0 0 0 0 0 0.004136265 4.07500000000009e-06 0 0 0 0 0 0 0 0 0 0 0 0 0 0 3 0 3 0 0 0 0 0 0 0 0.1 0 1 0 0 0 19809100 18400 0 0 0 0 0 0 0 0 0 0 19809100 18400 19809100 18400 0 0 0 0 0 0 0 0 0 0 0 0 0 0 0.004136265 4.07500000000009e-06 0 0 0 0 0 0 0 0 0 0 0 0 0 0 0.122363 0.000243 nan nan nan nan nan nan 99.9977 0.000800000000005241 4.05007 0.00451999999999986 0 0 0 0 0 0 
15 21593300 5300 21593300 5300 0 0 0 0 0 0 34708 31 0.1326705 2.74999999999997e-05 0 0 0 0 0 0 0 0 0 0 0 0 0 0 0 0 0.999739 6.20000000000065e-05 0.999739 6.20000000000065e-05 0 0 0 0 0 0 0.00569213 1.02999999999995e-06 0 0 0 0 0 0 0 0 0 0 0 0 0 0 7.5 0.5 7.5 0.5 0 0 0 0 0 0 0.1 0 1 0 0 0 21593300 5300 0 0 0 0 0 0 0 0 0 0 21593300 5300 21593300 5300 0 0 0 0 0 0 0 0 0 0 0 0 0 0 0.00569213 1.02999999999995e-06 0 0 0 0 0 0 0 0 0 0 0 0 0 0 0.1326705 2.74999999999997e-05 nan nan nan nan nan nan 99.9952 0.00260000000000105 5.52818 0.00138000000000016 0 0 0 0 0 0 
20 22598700 37400 22598700 37400 0 0 0 0 0 0 38971 219 0.145934 0.000955999999999999 0 0 0 0 0 0 0 0 0 0 0 0 0 0 0 0 0.9998465 5.05000000000089e-05 0.9998465 5.05000000000089e-05 0 0 0 0 0 0 0.00725111 1.23900000000001e-05 0 0 0 0 0 0 0 0 0 0 0 0 0 0 16.5 3.5 16.5 3.5 0 0 0 0 0 0 0.1 0 1 0 0 0 22598700 37400 0 0 0 0 0 0 0 0 0 0 22598700 37400 22598700 37400 0 0 0 0 0 0 0 0 0 0 0 0 0 0 0.00725111 1.23900000000001e-05 0 0 0 0 0 0 0 0 0 0 0 0 0 0 0.145934 0.000955999999999999 nan nan nan nan nan nan 99.999 0.000700000000001921 6.98681 0.0113500000000002 0 0 0 0 0 0 
25 23235050 18550 23235050 18550 0 0 0 0 0 0 42354.5 95.5 0.1588435 0.000655500000000003 0 0 0 0 0 0 0 0 0 0 0 0 0 0 0 0 0.9997315 0.000103500000000034 0.9997315 0.000103500000000034 0 0 0 0 0 0 0.00881661 6.16000000000071e-06 0 0 0 0 0 0 0 0 0 0 0 0 0 0 33.5 6.5 33.5 6.5 0 0 0 0 0 0 0.1 0 1 0 0 0 23235050 18550 0 0 0 0 0 0 0 0 0 0 23235050 18550 23235050 18550 0 0 0 0 0 0 0 0 0 0 0 0 0 0 0.00881661 6.16000000000071e-06 0 0 0 0 0 0 0 0 0 0 0 0 0 0 0.1588435 0.000655500000000003 nan nan nan nan nan nan 99.9992 0.000199999999999534 8.425005 0.00355499999999953 0 0 0 0 0 0 
30 23569050 150 23569050 150 0 0 0 0 0 0 45913.5 1.5 0.173452 6.69999999999976e-05 0 0 0 0 0 0 0 0 0 0 0 0 0 0 0 0 0.999701 4.29999999999597e-05 0.999701 4.29999999999597e-05 0 0 0 0 0 0 0.01043035 3.49999999999656e-07 0 0 0 0 0 0 0 0 0 0 0 0 0 0 53 2 53 2 0 0 0 0 0 0 0.1 0 1 0 0 0 23569050 150 0 0 0 0 0 0 0 0 0 0 23569050 150 23569050 150 0 0 0 0 0 0 0 0 0 0 0 0 0 0 0.01043035 3.49999999999656e-07 0 0 0 0 0 0 0 0 0 0 0 0 0 0 0.173452 6.69999999999976e-05 nan nan nan nan nan nan 99.99945 0.000549999999996942 9.88077 0.0012799999999995 0 0 0 0 0 0 
35 23703650 19150 23703650 19150 0 0 0 0 0 0 49728.5 138.5 0.189761 0.000714000000000006 0 0 0 0 0 0 0 0 0 0 0 0 0 0 0 0 0.9996915 7.24999999999754e-05 0.9996915 7.24999999999754e-05 0 0 0 0 0 0 0.01209975 1.06500000000001e-05 0 0 0 0 0 0 0 0 0 0 0 0 0 0 97 5 97 5 0 0 0 0 0 0 0.1 0 1 0 0 0 23703650 19150 0 0 0 0 0 0 0 0 0 0 23703650 19150 23703650 19150 0 0 0 0 0 0 0 0 0 0 0 0 0 0 0.01209975 1.06500000000001e-05 0 0 0 0 0 0 0 0 0 0 0 0 0 0 0.189761 0.000714000000000006 nan nan nan nan nan nan 99.9971 0.00159999999999627 11.3603 0.0109000000000004 0 0 0 0 0 0 
40 23817150 5150 23817150 5150 0 0 0 0 0 0 52844 70 0.203923 0.000162999999999996 0 0 0 0 0 0 0 0 0 0 0 0 0 0 0 0 0.9996225 1.44999999999729e-05 0.9996225 1.44999999999729e-05 0 0 0 0 0 0 0.01376335 3.14999999999951e-06 0 0 0 0 0 0 0 0 0 0 0 0 0 0 129 11 129 11 0 0 0 0 0 0 0.1 0 1 0 0 0 23817150 5150 0 0 0 0 0 0 0 0 0 0 23817150 5150 23817150 5150 0 0 0 0 0 0 0 0 0 0 0 0 0 0 0.01376335 3.14999999999951e-06 0 0 0 0 0 0 0 0 0 0 0 0 0 0 0.203923 0.000162999999999996 nan nan nan nan nan nan 99.99975 0.000250000000001194 12.80375 0.00434999999999963 0 0 0 0 0 0 
45 23762900 12200 23762900 12200 0 0 0 0 0 0 56735 81 0.220807 0.000403000000000001 0 0 0 0 0 0 0 0 0 0 0 0 0 0 0 0 0.999697 6.000000000006e-06 0.999697 6.000000000006e-06 0 0 0 0 0 0 0.01551795 7.84999999999935e-06 0 0 0 0 0 0 0 0 0 0 0 0 0 0 180 7 180 7 0 0 0 0 0 0 0.1 0 1 0 0 0 23762900 12200 0 0 0 0 0 0 0 0 0 0 23762900 12200 23762900 12200 0 0 0 0 0 0 0 0 0 0 0 0 0 0 0.01551795 7.84999999999935e-06 0 0 0 0 0 0 0 0 0 0 0 0 0 0 0.220807 0.000403000000000001 nan nan nan nan nan nan 99.9973 0.000599999999998602 14.29755 0.00654999999999983 0 0 0 0 0 0 
50 23710950 2350 23710950 2350 0 0 0 0 0 0 60184 36 0.236529 0.000104000000000007 0 0 0 0 0 0 0 0 0 0 0 0 0 0 0 0 0.999548 4.59999999999905e-05 0.999548 4.59999999999905e-05 0 0 0 0 0 0 0.01728245 9.49999999999562e-07 0 0 0 0 0 0 0 0 0 0 0 0 0 0 243 0 243 0 0 0 0 0 0 0 0.1 0 1 0 0 0 23710950 2350 0 0 0 0 0 0 0 0 0 0 23710950 2350 23710950 2350 0 0 0 0 0 0 0 0 0 0 0 0 0 0 0.01728245 9.49999999999562e-07 0 0 0 0 0 0 0 0 0 0 0 0 0 0 0.236529 0.000104000000000007 nan nan nan nan nan nan 99.99775 0.00184999999999746 15.77445 0.00135000000000041 0 0 0 0 0 0 
55 23632350 29150 23632350 29150 0 0 0 0 0 0 63524.5 274.5 0.251399 0.000744999999999996 0 0 0 0 0 0 0 0 0 0 0 0 0 0 0 0 0.9995005 1.49999999998762e-06 0.9995005 1.49999999998762e-06 0 0 0 0 0 0 0.01907475 2.35499999999989e-05 0 0 0 0 0 0 0 0 0 0 0 0 0 0 318 4 318 4 0 0 0 0 0 0 0.1 0 1 0 0 0 23632350 29150 0 0 0 0 0 0 0 0 0 0 23632350 29150 23632350 29150 0 0 0 0 0 0 0 0 0 0 0 0 0 0 0.01907475 2.35499999999989e-05 0 0 0 0 0 0 0 0 0 0 0 0 0 0 0.251399 0.000744999999999996 nan nan nan nan nan nan 99.99865 0.000349999999997408 17.2283 0.0228000000000002 0 0 0 0 0 0 
60 23526550 12450 23526550 12450 0 0 0 0 0 0 66866.5 85.5 0.265909 0.000779000000000002 0 0 0 0 0 0 0 0 0 0 0 0 0 0 0 0 0.999607 6.40000000000085e-05 0.999607 6.40000000000085e-05 0 0 0 0 0 0 0.0209002 1.22000000000004e-05 0 0 0 0 0 0 0 0 0 0 0 0 0 0 419 11 419 11 0 0 0 0 0 0 0.1 0 1 0 0 0 23526550 12450 0 0 0 0 0 0 0 0 0 0 23526550 12450 23526550 12450 0 0 0 0 0 0 0 0 0 0 0 0 0 0 0.0209002 1.22000000000004e-05 0 0 0 0 0 0 0 0 0 0 0 0 0 0 0.265909 0.000779000000000002 nan nan nan nan nan nan 99.9976 0.00169999999999959 18.68105 0.0102499999999992 0 0 0 0 0 0 
65 23392150 4650 23392150 4650 0 0 0 0 0 0 70270.5 65.5 0.2808725 0.000328499999999982 0 0 0 0 0 0 0 0 0 0 0 0 0 0 0 0 0.9996195 5.04999999999534e-05 0.9996195 5.04999999999534e-05 0 0 0 0 0 0 0.02277165 3.34999999999919e-06 0 0 0 0 0 0 0 0 0 0 0 0 0 0 520 8 520 8 0 0 0 0 0 0 0.1 0 1 0 0 0 23392150 4650 0 0 0 0 0 0 0 0 0 0 23392150 4650 23392150 4650 0 0 0 0 0 0 0 0 0 0 0 0 0 0 0.02277165 3.34999999999919e-06 0 0 0 0 0 0 0 0 0 0 0 0 0 0 0.2808725 0.000328499999999982 nan nan nan nan nan nan 99.99895 0.00104999999999933 20.13835 0.000450000000000728 0 0 0 0 0 0 
70 23225550 28650 23225550 28650 0 0 0 0 0 0 73784.5 273.5 0.2957115 0.00122849999999999 0 0 0 0 0 0 0 0 0 0 0 0 0 0 0 0 0.99944 8.09999999999977e-05 0.99944 8.09999999999977e-05 0 0 0 0 0 0 0.0247035 3.25000000000013e-05 0 0 0 0 0 0 0 0 0 0 0 0 0 0 634.5 11.5 634.5 11.5 0 0 0 0 0 0 0.1 0 1 0 0 0 23225550 28650 0 0 0 0 0 0 0 0 0 0 23225550 28650 23225550 28650 0 0 0 0 0 0 0 0 0 0 0 0 0 0 0.0247035 3.25000000000013e-05 0 0 0 0 0 0 0 0 0 0 0 0 0 0 0.2957115 0.00122849999999999 nan nan nan nan nan nan 99.99925 0.000250000000001194 21.6053 0.014800000000001 0 0 0 0 0 0 
