1 970776.7 11437.7318385246 0 0 1 0 1000000 0 0.00025108645 3.18943176757213e-08 0 0 0 0 1000493.3 11567.5405514742 1000493.3 11567.5405514742 0 0 0 0 11843 138.809942007048 0 0 10780715 3896.18723882721 10792560 3744.6495163099 0.0010973345 1.32429828494188e-05 0.05 0.217944947177034 11842.95 138.827041674164 0.0002518853 2.28766933799446e-07 
2 1944481 7455.40937843121 1.2222094e-06 2.51910878924551e-07 0.99995675 4.37091237615283e-05 1000000 0 0.00025170065 1.26296189570397e-07 0 0 0 0 1002081.5 4286.1218893074 2004164.5 8574.42387277419 0 0 0 0 23712.05 89.047445218827 12.8 2.63818119165458 10449085 2506.24719451215 10472820 2422.10652119183 0.0011332985 4.50327355931219e-06 0 0 23712.05 89.047445218827 0.0002560391 3.09278822424037e-07 
3 2909266 16689.4956185021 6.691268e-06 7.55649732062415e-07 0.999953 3.9560080889696e-05 1000000 0 0.0002533021 2.51283087373583e-07 0 0 0 0 999129.1 5260.33848625732 2997387 15780.2687239476 0 0 0 0 35455.9 202.14868290444 67.95 7.67121242047175 10119530 5663.48832434569 10155065 5468.388702351 0.0011682835 7.29484768518165e-06 0.0333333 0.0999999 35455.8 202.098144474411 0.00026131905 3.9420508304688e-07 
4 3879035.5 9861.93311425301 2.088244e-05 1.08696404144755e-06 0.99996415 2.57104550718217e-05 1000000 0 0.00025618915 2.66644571480465e-07 0 0 0 0 999288.1 2486.5419340924 3997151 9945.65377438809 0 0 0 0 47236.8 119.604598573801 205.35 10.6502347391971 9786276.5 3491.82942739189 9833717 3368.02776116825 0.0012113595 3.73347087172245e-06 0.0625 0.108253175473055 47236.55 119.553534033921 0.00026811185 3.54409829858035e-07 
5 4843979.5 15206.7105170711 4.624342e-05 2.05682643667374e-06 0.99994445 3.47799870615359e-05 1000000 0 0.00026019425 4.5902275270405e-07 0 0 0 0 998391.75 3476.08108183627 4991963 17383.7665941533 0 0 0 0 58928.85 182.082749045592 439.85 19.4737644023953 9452343.5 5316.7154099124 9511712.5 5127.42808335719 0.0012577325 4.81711518961296e-06 0.03 0.0714142842854285 58928.7 182.123337329404 0.00027592425 6.25972673125595e-07 
6 5764281 209496.401064553 8.6944e-05 9.50474111351803e-06 0.9916165 0.0363150308680855 1000000 0 0.000263212 1.06338731702047e-05 0.00833335 0.0363242305111547 0 0 990063.45 36039.2209550581 5940379.5 216236.383374191 0.0076479 0.0333364232303047 0 0 70052.95 2531.87441384836 799.35 84.0471742535107 9130371 73236.0878187796 9201223.5 70625.0588159047 0.0012986275 5.70021008275134e-05 8.39998345 36.3471112297915 70052.55 2532.01432608506 0.000282613 1.20520641800482e-05 
7 6791106.5 22006.2087318557 0.00015065175 5.7178508713939e-06 0.9999258 3.25416655996519e-05 1000000 0 0.00027221635 8.78669578112273e-07 0 0 0 0 999796.45 3185.40591565659 6998582 22304.1336079212 0 0 0 0 82429.7 261.815412074996 1333.5 50.3820404509385 8767836.5 7510.75380704227 8851599.5 7247.43090688004 0.0013741075 5.60814485815051e-06 0.02142855 0.0681384462484103 82429.6 261.931937724287 0.0002959929 1.1460537029302e-06 
8 7765320 15051.6201785721 0.00024339065 5.00279119367379e-06 0.99993355 4.69003997850811e-05 1000000 0 0.0002812602 7.23419214563725e-07 0.0375 0.119242400177118 0 0 1000204.2 2010.1511286468 8001630.5 16079.2874453441 0 0 0 0 94097.15 187.776536074133 2072.35 42.1856314401006 8418369.5 5436.21603231512 8514540.5 5240.65308430161 0.001443625 4.03074372789934e-06 0.075 0.0918558653543692 94096.85 187.675591114028 0.00030940275 9.14776359281323e-07 
9 8731992.5 23101.0298201184 0.00036847985 6.69042294832696e-06 0.99992845 3.59895470935642e-05 1000000 0 0.0002919926 6.94456002926032e-07 0 0 0 0 999933.8 2733.59573821734 8999411 24603.6999046891 0 0 0 0 105623.15 282.750114942505 3012.3 53.1272999502139 8066385 8508.83628941114 8175019 8204.53831729732 0.0015196765 6.02545041884838e-06 0.03888885 0.0529965693043191 105622.8 282.606723203819 0.0003246062 8.63155061388161e-07 
10 9705473 23532.3923773168 0.00053127825 1.11763588519473e-05 0.999933 2.58708329978032e-05 1000000 0 0.0003046466 1.15315438688842e-06 0 0 0 0 1000133.4 2546.53239523867 10001334 25465.3239523867 0 0 0 0 117165.3 266.748964384119 4159 83.5044908971967 7707124.5 9551.04155315011 7828449 9222.06533266817 0.001606314 7.05117323571048e-06 0.025 0.0433012701892219 117165.05 266.706106979199 0.0003419793 1.37004058699004e-06 
11 10683040 27402.8173734016 0.0007564944 1.30241477548437e-05 0.9999215 2.74581499741024e-05 1000000 0 0.00032116855 1.1146989044132e-06 0.0090909 0.0396263144058339 0 0 1000786.85 2497.9522468414 11008650 27491.7351216688 0 0 0 0 128663 321.290833980679 5652.55 89.9363524944168 7337887 11260.6061559758 7472201 10862.6391360479 0.001708169 8.37663828752322e-06 0.036363605 0.0782028822575899 128662.8 321.400933414948 0.0003636174 1.29775588613575e-06 
12 11651600 31678.8257358129 0.0010361515 1.83611185048733e-05 0.999932 3.3860005906668e-05 1000000 0 0.00033996145 1.6124672236979e-06 0.00833335 0.0363242305111547 0 0 1000413.35 2593.37518062852 12004970 31108.2481023924 0 0 0 0 139919.1 357.743749071874 7371.35 121.621657199694 6967032.5 12423.8508019857 7114321.5 11996.8209434833 0.0018191605 9.17935590060654e-06 0.08750002 0.0892678544233903 139918.5 357.62123818364 0.00038803145 1.98630051792271e-06 
13 12603820 21018.8629568776 0.0013897225 1.46655735908965e-05 0.9999247 3.16592798401916e-05 1000000 0 0.00036203825 1.21886294861235e-06 0 0 0 0 998858.2 1565.07544866054 12985160 20353.5353194476 0 0 0 0 150909.35 239.072849775963 9386.75 91.7773801107876 6594169.5 8210.86565168375 6754465.5 7931.36840337151 0.001942837 6.27406415332199e-06 0.042307675 0.0569178374667984 150909 239.205769161197 0.0004158542 1.58651708468582e-06 
14 13585720 31416.2792195384 0.001860726 2.23095254095644e-05 0.9999334 2.55272403522155e-05 1000000 0 0.00039045465 1.59531803334006e-06 0 0 0 0 999876.35 2282.68198124487 13998275 31970.6408287354 0 0 0 0 162057.6 368.564159950476 11860.9 120.613390633047 6200562 13396.5090975224 6374481 12931.9391044035 0.0020960845 1.07951732153773e-05 0.0357143 0.0575875907835186 162057.25 368.458257472946 0.00045118935 2.06539870908742e-06 
15 14556520 39312.092287234 0.0024506115 3.36169212265193e-05 0.99992885 1.84696372460275e-05 1000000 0 0.00042429475 2.34629831596495e-06 0.009999985 0.0317979117064985 0 0 999784.3 2822.67883578703 14996755 42332.9360545663 0 0 0 0 172823.3 426.439339179677 14682.5 167.525968136286 5804054.5 16463.3767724 5991561 15908.34840579 0.002269651 1.40654501883161e-05 0.03999999 0.0679869392687147 172823 426.569923928071 0.00049297985 2.98099267484842e-06 
16 15528220 34600.4855457261 0.0032147045 4.52695680866297e-05 0.9999271 2.06613165117913e-05 1000000 0 0.00046670765 3.17287075493156e-06 0.01875 0.0400195264839553 0 0 999772.85 2283.83274945868 15996360 36525.4349734538 0 0 0 0 183351.7 354.289867199162 17994.1 213.241154564498 5396270 15101.557204474 5597617 14601.4705081372 0.0024756925 1.44647502138821e-05 0.06875 0.0736864132659475 183351.1 354.281794621174 0.000545041 3.96849815421401e-06 
17 16499960 38314.388942015 0.004189892 6.08104528514629e-05 0.99991175 3.73522087700277e-05 1000000 0 0.0005184851 4.09406051371985e-06 0.017647075 0.0459427086060114 0 0 999736.2 2345.2290847591 16995520 39866.9110917814 0 0 0 0 193543.6 339.715086506325 21763.55 253.07814504615 4979214 16952.846781588 5194520.5 16418.5229162066 0.002720729 1.76433947697148e-05 0.058823575 0.078920155875935 193543.25 339.560432765657 0.0006092649 5.1444444588313e-06 
18 17475770 35633.7634835278 0.00545398 5.42250982479516e-05 0.99991435 3.94287648804825e-05 1000000 0 0.00058292265 3.45465272169287e-06 0.02777776 0.0569274522073349 0 0 999984.8 2050.94879507022 17999730 36922.3116827752 0 0 0.0138889 0.0605403115369421 203375.35 386.093936108818 26068.45 192.804428113049 4550393 14893.0450546555 4779838 14400.1682629058 0.0030181035 1.681801988196e-05 0.0666667 0.0853460631420688 203374.9 386.008147582405 0.000688359 4.41410578713289e-06 
19 18456125 49870.1000099258 0.007108433 9.68614504898621e-05 0.9999182 2.21801713248503e-05 1000000 0 0.0006659704 5.65948637598856e-06 0.03421053 0.0558862405328637 0 0 1000193.15 2725.54716112196 19003680 51799.0115735812 0 0 0.0105263 0.0458830779493922 212630.4 480.303279189306 30946.25 281.845502891212 4110153 21944.3847259384 4353730.5 21244.0712847138 0.003383562 2.88537192749912e-05 0.08421054 0.0990257974167964 212629.8 480.216472020692 0.00079271995 7.60681799095391e-06 
20 19413885 37537.7313512684 0.009275095 9.26720822308423e-05 0.9999201 2.37463681433629e-05 1000000 0 0.0007700886 4.69986236394217e-06 0.04 0.101980390271856 0 0 999473.35 1988.88713292132 19989470 39778.940408211 0 0 0.045 0.093407708461347 220944.35 358.049057392978 36407.5 237.727470015562 3668086 15929.8218445782 3925439 15437.0887475586 0.003828698 2.44828927212452e-05 0.08 0.120830459735946 220943.95 358.221645772558 0.00092668525 5.56949269570398e-06 
21 20394870 41122.8902194386 0.01224768 0.000146591690078258 0.99991525 2.39058047344132e-05 1000000 0 0.000908455 8.02596273975901e-06 0.152380865 0.171428558888953 0 0 999857.75 2047.6864475549 20997010 42996.1381986801 0 0 0.095238105 0.227875980213557 228352 282.519910802761 42617.95 295.078544628375 3208916.5 18651.8023995002 3479886.5 18147.6781641619 0.0044095175 3.52254670480038e-05 0.19999987 0.159790069989205 228351.35 282.385423667724 0.001110215 1.19157935111347e-05 
22 21374620 35737.6216332313 0.016376735 0.000211215883103047 0.99991705 2.0912854898358e-05 1000000 0 0.001097583 1.18054038897448e-05 0.12500004 0.130854646033136 0 0 999856.75 1638.77475191071 21996855 36066.500731288 0 0 0.277272555 0.305898756675166 234249.45 303.569839575673 49569.95 359.866430082051 2743256.5 18196.0447007035 3027075.5 17735.5029460684 0.005169446 4.32057868114908e-05 0.163636325 0.155744005628698 234248.8 303.712627330508 0.0013743015 1.80809004961036e-05 
23 22347255 51098.9185306304 0.02214054 0.000349792357549447 0.99992415 2.39484341868153e-05 1000000 0 0.001351063 1.66725679185901e-05 0.23260878 0.235857076495758 0 0 999648.25 2208.49969153269 22991900 50792.0466214938 0 0 1.0326083 0.642665604722713 238166.95 355.918737213988 57046.6 441.703565754228 2281683 21942.9335094467 2576896 21433.9288045846 0.006173415 7.00644867604123e-05 0.245652295 0.242184336672072 238166.3 356.056891521566 0.0017514145 2.68340055666313e-05 
24 23294130 230285.746627967 0.03028099 0.0019632522983305 0.9978276 0.00907127281807796 1000000 0 0.0016957325 9.65394847135099e-05 0.2875001 0.268062773794645 0 0 998122.3 9734.90809458415 23954940 233635.843568576 0.00191124 0.00833090201685267 3.3729165 1.43955077122092 239376.3 396.407126575696 64781.45 1867.12579852028 1841919.5 106096.268194268 2146076.5 103968.011439817 0.007508983 0.000383988719549155 2.35208338 9.04178642112246 239375.7 396.595272286496 0.0023084085 0.000154770145805805 
25 24297455 50281.2338253548 0.04235065 0.000680763222787483 0.9999256 2.14532048887715e-05 1000000 0 0.00219983 3.00835182450457e-05 0.45 0.373282734666365 0 0 998777.15 2034.04000145032 24969425 50847.9977481906 0 0 10.532 1.46468290083554 237412.9 378.495561400659 72731 375.722104752968 1407512 19108.137952192 1717657.5 18993.4398872348 0.009401406 0.000119447551938079 0.504 0.368 237412.1 378.553681794273 0.0032147955 6.16119819901129e-05 
26 25248525 39280.1587955039 0.05892479 0.000815666609528672 0.99992375 2.27329606518768e-05 1000000 0 0.0028719885 3.67280349698973e-05 0.646153505 0.398517728727525 0 0 997319.1 1453.74433446875 25930300 37791.1894493942 0 0 28.08077 3.90121129280381 231640.95 497.127496222046 79644.2 278.003525157506 1040536 14209.5972497464 1351822.5 14325.9582140253 0.01183515 0.000134366690440748 0.709614875 0.413434449607488 231640.05 497.080524160824 0.004559018 9.73523354932998e-05 
27 26176370 40743.123346155 0.080704035 0.000790126786835505 0.99991615 1.98223989466412e-05 1000000 0 0.003821585 4.29238731360533e-05 0.76851865 0.418022955665389 0 0 994962.55 1536.20677237799 26863985 41481.0833392765 0 0 69.14073 6.65188827161882 221467.45 650.133253648819 84927.6 171.59586242098 746023.95 8548.9388843002 1052419 8797.45639375382 0.014808265 0.000126190927863298 0.92777785 0.572515618666275 221466.7 650.088924686462 0.006751244 0.000130294581522026 
28 26988895 38052.6145619457 0.10310475 0.000862196606059198 0.9999138 2.67854438081675e-05 1000000 0 0.0049874885 5.98658991642989e-05 0.7571439 0.415209718220793 0 0 988359.9 1443.61670466921 27674080 40412.9880112817 0 0 141.26425 7.96883775010509 208935.15 793.924698885228 87606.45 174.888385835081 553194.9 5848.36104306155 849736.5 6414.4784706163 0.01753902 0.000117002528177813 0.98571433 0.576473382613238 208932.7 793.976391336669 0.009796397 0.000177645502084911 
29 27747430 36328.8741911995 0.12299355 0.000886702062420066 0.99990195 2.51703694847565e-05 1000000 0 0.0064127925 6.41032067743105e-05 1.26034435 0.344217775172241 0 0 980139.85 1237.53279855525 28424060 35886.3121538004 0 0 245.4293 10.621960069121 194944.2 700.46353224133 87833.2 153.863445951272 431388.65 4757.51721252798 714166.05 5391.90643905289 0.019646195 0.000123236591461303 1.87241405 0.760429298564862 194938.1 701.054127724814 0.01388138 0.000233409459105667 
30 28416935 31095.3416929289 0.13797145 0.000548480945430199 0.99988205 3.52582968959005e-05 1000000 0 0.007964398 7.09706618681267e-05 1.4600003 0.385227730062115 0 0 969626.15 1001.36737888749 29088785 30046.7681290351 0 0 367.37005 14.0489750425965 181823.6 664.782626126766 86539.55 204.762905576181 358875.7 2537.83870842889 627238.85 3126.48338033325 0.020896665 7.61472276251736e-05 2.143334 0.70522654201611 181802.6 667.745041164665 0.01863946 0.000345427887409225 
31 29057140 39421.4205730844 0.15020525 0.000534799109479437 0.9998518 4.03777166268666e-05 1000000 0 0.0097430825 9.43402252422051e-05 1.60322695 0.373985881166318 0 0 958852.25 1232.11955081477 29724410 38197.092821313 0 0 496.9726 13.654476252863 168913.8 881.699699444204 84230.4 316.472652846972 307634.7 2445.98358743472 560778.9 3406.96967846795 0.02168841 7.30531991085947e-05 2.525806 0.849441749965235 168860.1 884.457794357651 0.02423074 0.00028894620329743 
32 29692230 49026.5550492792 0.16014555 0.000514891005456496 0.9998302 4.55297704804121e-05 1000000 0 0.011753505 9.46534018141977e-05 1.890625 0.35842265117456 0 0 948487.55 1575.139088303 30351605 50398.8340638948 0 0 626.40945 19.3956288979631 156453.9 735.55203079048 81098 294.266036096591 268856.1 1752.13840492126 506408 2580.23545437233 0.022151715 5.52930219376732e-05 3.1984375 1.10874872287131 156328.75 741.767273138954 0.03078178 0.000368068301541983 
33 30304205 61494.5645972065 0.1688625 0.000702178716567229 0.99981165 4.511903700214e-05 1000000 0 0.01401594 0.000127598046223287 1.9530305 0.308060507927826 0 0 938065.9 1931.64924093377 30956170 63742.5925108165 0 0 750.78945 16.6510696307324 144668.75 808.570397368096 77618.75 386.096474342877 237376.5 1981.77391495599 459664 2888.54432197257 0.02242712 7.50226405826932e-05 4.0803025 1.21247368237366 144418.8 823.439348100393 0.038164065 0.000521534829397808 
34 30978480 69673.2488118647 0.1762516 0.000524301192064257 0.99978175 4.14510253190413e-05 1000000 0 0.01668416 0.000202632720457482 2.207353 0.303878669062177 0 0 929827.65 2124.56438535056 31614145 72232.3229240207 0 0 842.40425 13.8507654982496 132846.45 1031.09468406156 73448.05 430.995646729755 210433.2 1654.86566222156 416727.7 2927.79328334498 0.022549935 6.01692552305577e-05 5.2441175 1.3999231747988 132384.6 1049.58317440782 0.04683795 0.000604775213199086 
35 31742985 66087.5576413594 0.181994 0.000521568212221567 0.99978085 5.08795391095496e-05 1000000 0 0.02004656 0.000248454741150174 2.3314295 0.284628179955446 0 0 924469.35 1859.22202211032 32356435 65074.2520126048 0 0 912.58005 15.7386363941575 120463.1 1028.40876600698 68116.2 517.410919869305 185698.8 1382.15464402505 374278.1 2764.69289252893 0.022541365 5.02608324145153e-05 6.1528575 1.40747948294416 119600.8 1071.15384515951 0.05889019 0.00115306173681204 
36 32650200 99168.8005372657 0.1863352 0.000664680870794397 0.99977535 4.90635047667879e-05 1000000 0 0.024262745 0.000426880850443071 2.390277 0.352293642876223 0 0 923316.75 2724.56097151449 33239395 98084.4507299704 0 0 926.05275 25.9408940283002 107892.35 1379.91214484836 62162.25 867.992101058529 163551.1 2494.53245919952 333605.7 4600.22633247539 0.02237027 7.91406791732291e-05 7.655557 3.16014766533797 106417.8 1471.39014540672 0.07502849 0.00233266143790735 
37 33778410 119981.960727436 0.18693505 0.00099607020209421 0.99975825 5.9554072069009e-05 1000000 0 0.02960349 0.000602194524966808 2.7324335 0.250333272544322 0 0 927729.6 3118.32394725115 34325990 115377.831059524 0 0 866.2716 28.3482897992101 95478.65 1441.58056573332 55137.15 972.516286496015 144326.1 1908.31344123548 294941.9 4198.90037867059 0.021926845 7.35167156162463e-05 11.777035 3.71867761513754 93005 1590.99226899442 0.101245635 0.00448108375265125 
38 35193095 147216.943573082 0.1838015 0.0011645536698667 0.9997574 5.85597131140628e-05 1000000 0 0.036804715 0.000892322148820144 2.9526315 0.267931435824074 0 0 939148.45 3731.4512789932 35687650 141802.960124251 0 0 728.8066 34.8201952757304 82924.85 1495.24654405218 47465.15 999.213204226205 127832.25 1699.26863311838 258222.25 4113.22655436094 0.02109975 0.000106818675801566 17.4723625 4.82669529577109 79018.8 1688.44228802764 0.14620995 0.00854256571806738 
39 36693010 184421.224103952 0.17730725 0.00253000466155697 0.99978695 5.22211403552367e-05 1000000 0 0.0447043 0.00163458719314694 3.2012815 0.170907816183901 0 0 952108.1 4484.72156214854 37132225 174893.80456437 0 0 562.4 45.2640189333647 73336.45 1900.2365767188 40905.65 1453.11610943517 116395 1830.21621673506 230637.1 5103.7089836706 0.020021695 0.000216974902868973 27.671795 8.44745665070114 67878.15 2221.69584495718 0.21667715 0.0248794328377377 
40 38128910 145921.975384107 0.16795825 0.00276547458630521 0.99978165 4.95714383491121e-05 1000000 0 0.05368012 0.00218643028304129 3.385 0.179129841176729 0 0 962783.6 3378.66665121021 38511345 135146.72202832 0 0 416.2425 37.8964205928475 65460.4 1629.58201389191 35161.35 1182.05440970372 108666.6 1149.64335339269 209288.35 3746.12849853018 0.01871935 0.000275931412673512 40.35875 12.0718067076764 58434.35 1924.87662656597 0.3216504 0.0338846258255864 
41 39406620 114638.499641264 0.1599173 0.0024543477769053 0.9998309 3.74885315796879e-05 1000000 0 0.062655055 0.00197069509094507 3.5743915 0.242616866072312 0 0 969471.35 2678.57815407727 39748320 109826.729897598 0 0 312.8354 25.979551014981 59965.65 1184.96482120779 31111.15 924.07382145584 103427.95 1018.13562333316 194504.75 2909.26509405726 0.01755175 0.000219858607973397 55.62927 11.2791221754665 51658.15 1402.00696414105 0.44575795 0.0339159587104286 
42 40616260 137810.683185303 0.1504559 0.0032622967814103 0.9998039 5.77181947049591e-05 1000000 0 0.07417314 0.00375396083535777 3.8464285 0.216322454619834 0 0 974223.65 3038.71205077085 40917400 127615.555478163 0 0 229.82025 27.5526113642155 55018.7 1381.13587673335 27306.9 1116.69838810665 99093.25 1176.61607480945 181418.85 3601.94915670668 0.016324545 0.000279369881116415 84.57024 18.8705556231501 45446.5 1656.92526988999 0.61520475 0.0617072448824893 
43 41731440 116485.490083529 0.14333855 0.00389083495505784 0.99978785 4.61836280515039e-05 1000000 0 0.08618074 0.00512486235936147 3.926744 0.189400351198196 0 0 976830.45 2486.28971511769 42003715 106921.173183799 4.83825e-06 1.867082179355e-05 178.88355 22.5034630256656 51885.15 1422.16744003651 24815.15 1149.51986824935 96334.25 886.045872119497 173034.55 3363.35058349557 0.01534111 0.000324856401968623 104.35001 17.7137625226799 41327.75 1702.6136048734 0.7870579 0.0778991406485977 
44 42766260 112635.786497898 0.13507785 0.00370512050107685 0.9997568 5.56700996945431e-05 1000000 0 0.09768111 0.00546310351694895 4.1284085 0.130416002019499 0 0 977504.55 2432.13873936089 43010200 107011.326503319 4.318456e-05 9.74988432128218e-05 136.521585 14.9930622523311 48723.15 1176.32866474468 22195.25 956.787482934429 93325.5 776.33900455922 164243.9 2755.63907106863 0.014344305 0.000295723743509039 133.38299 17.9647872579082 37181.6 1413.83140437607 0.98354095 0.108519782916976 
45 43740285 126713.390275061 0.125623 0.00385682274676968 0.99964355 0.000122076809837087 1000000 0 0.1124892 0.00571929266255889 4.19889 0.117268511161351 0 0 976722.35 2890.2985533505 43952500 130069.366109011 0.0001126490155 0.000253912495995897 99.733375 9.59126021260371 45527.65 1212.79067752848 19616.75 943.811892010267 90930.85 952.815054194674 156075.25 2870.8305222531 0.013278245 0.000305485696023562 182.2356 27.0095286138059 33035 1418.28368107371 1.2176815 0.133035761894124 
46 44634960 130820.244610687 0.11932625 0.00471523927150044 0.99959745 0.000107330086648619 1000000 0 0.1254119 0.00686452419254241 4.298914 0.164685514038121 0 0 974569.45 2865.71060079346 44830205 131816.332353013 0.000323946753 0.000394357414348802 83.433635 11.7481120014356 43624.2 1321.42300570256 17988.6 1070.13085181206 89021.9 881.27242666499 150634.7 3087.38800768546 0.012535815 0.00035145074943013 223.0043 33.3359317870372 30413.75 1544.31544300379 1.4742555 0.183501217202366 
47 45513445 189933.592276353 0.11210815 0.00376677485755387 0.99951555 0.000163180720368549 1000000 0 0.1367005 0.00713018716093764 4.3595745 0.133365076743314 0 0 972116.35 4062.13130357698 45689465 190921.730756349 0.0005228921035 0.000635151077466513 69.17874 10.2756749652955 41715.55 1057.06922550039 16293.75 841.286745111321 87245.5 955.326881229666 145254.8 2716.66581676878 0.011781315 0.000266208099566862 261.7852 46.7167954932699 27802.85 1218.93987854201 1.6235045 0.180999579322025 
48 46393650 96592.9215833127 0.10576978 0.00330666018523222 0.99944805 0.000113401708540927 1000000 0 0.14720105 0.0043048900505704 4.3843745 0.131179931067027 0 0 969860.5 1993.29344302338 46553300 95671.6258877208 0.000578770495 0.000409305289872811 57.53751 8.03881992881418 40257.45 791.17264076812 14899.05 669.937719120218 85645.4 749.431210986038 140801.9 2078.83404580548 0.011137215 0.000220321708587692 303.3656 26.450788735688 25685.1 929.549831907897 1.8298215 0.121978613013716 
49 47326885 210945.083552568 0.09787169 0.00493963595702153 0.9993996 0.000160147244746825 1000000 0 0.16045775 0.00700915216609684 4.490816 0.0998694975655731 0 0 968773.85 4326.04694004815 47469910 211981.336206752 0.0009816428 0.000728906606635418 44.642865 8.4626931120817 38610.55 1162.03762740283 13306.55 953.468954659773 83904.45 986.358630265889 135821.55 2890.58449928384 0.010432795 0.000329954196025751 323.81425 42.1402292434142 23337.65 1359.06476206986 2.0265075 0.162269596655535 
50 48097340 234918.422862065 0.09158981 0.00463488298535141 0.9992743 0.000168295008838642 1000000 0 0.1715095 0.00723795053519987 4.56 0.121983605455815 0 0 964515.6 4712.94249275333 48225785 235650.177752957 0.00182308365 0.00120223437031738 39.229 4.29418898047117 37313.2 974.477480499165 12108.65 814.993697828394 82673 595.749443977919 132094.85 2244.51333867723 0.0098502435 0.000288828779959252 371.099 44.5746697015244 21476.15 1124.47695730059 2.3432955 0.212681399503459 
51 48921810 204357.294707089 0.083656455 0.00362112638739315 0.99928435 0.000160704783687367 1000000 0 0.1829841 0.00684560323054148 4.605883 0.113640484823851 0 0 961472.55 4027.76850718856 49035090 205426.733654605 0.00182984205 0.00103196996427839 32.99804 5.85107874758151 35960 785.088211604276 10661.5 619.353574301465 80740 771.83508601255 127361.5 2036.19162899762 0.009255483 0.000219842005974746 409.56575 41.0950204828699 19511.25 888.125772343084 2.468498 0.23659811363576 
52 49865925 205822.442593124 0.07944124 0.0038775295532594 0.9992987 0.000133252804848525 1000000 0 0.1906989 0.00575051777581811 4.6519225 0.0887333325123653 0 0 960982.6 3926.54498764499 49971095 204170.417727447 0.001700957065 0.000888609269887334 29.46826 5.07701456206302 35341.75 691.084283933588 9952.95 624.727738699027 79908.45 569.783684831358 125203.15 1769.84293865303 0.008867083 0.000210479561480444 428.37605 39.2801559587981 18371.15 818.963569092057 2.6425355 0.160931427772048 
53 50650170 220307.889327641 0.070306055 0.00444377738545429 0.9992601 0.000151907504752067 1000000 0 0.2022452 0.00613778194953193 4.7160375 0.0783590216168502 0 0 957369.25 4143.18591032312 50740575 219589.951671291 0.002096893605 0.0010793487434814 23.69056 4.53755885883588 33916.2 707.205670226137 8487.75 667.034247621515 78209.7 538.19235408913 120613.65 1832.74778065614 0.008260548 0.000230064662075687 462.38505 46.0740044129822 16355.6 845.838069609071 2.818427 0.219207578634955 
54 51568915 281869.204197621 0.06291741 0.00622399396881938 0.9992778 0.000183719242323721 1000000 0 0.209879 0.00627528043994848 4.749073 0.0522046142692387 0 0 956460.65 5156.33837403055 51648870 278448.243126079 0.0021290051 0.00128563956425368 21.32407 4.36598428376695 33021.8 873.138167760407 7400.8 879.026939291396 76978 831.099572855142 117400.6 2422.42499161481 0.007778558 0.000302002154969133 485.96775 56.5768508746068 14891.35 1060.93290433467 2.949445 0.216878560039945 
55 52341345 295408.775216648 0.056260065 0.00469625509648645 0.99928475 0.000162908218024752 1000000 0 0.2199968 0.00432745266409698 4.8054545 0.0580975569602544 0 0 952941.5 5314.30266827173 52411785 292278.215532735 0.0024719391 0.00140781428590084 17.39637 2.69154655488253 32190.05 598.539846209089 6428 614.771014280927 75516.3 673.974487647715 114134.35 1618.31929096208 0.007372173 0.000223876182500506 525.76095 48.8584472281662 13576.95 766.525764407172 3.181651 0.283942465173845 
56 53213780 320961.051531179 0.048523315 0.00542750737072507 0.99929595 0.000158418583190217 1000000 0 0.2276555 0.00645823122456916 4.8169635 0.0716237645809685 0 0 951352.3 5688.2115212077 53275725 318543.439541611 0.00225981115 0.00144062499429769 16.954465 3.17989313739865 31457.75 625.338378400047 5376.6 691.07209464715 73759.4 772.862691556527 110593.75 1971.1079086392 0.006967579 0.000221778699696341 550.0224 52.1890760910748 12323.5 766.188716962081 3.240226 0.224827632763413 
57 54115200 274894.929018343 0.03956953 0.00370117920183554 0.99941325 0.000141902739578919 1000000 0 0.23628915 0.00423612292403089 4.87193 0.0433662528932348 0 0 950287.75 4786.73784403324 54166400 272851.683154054 0.002016599835 0.00118870883416173 15.8079015 2.596639174576 30791.15 276.977846587051 4245.7 441.804153443582 72156.3 683.376258001403 107193.15 1240.59587598057 0.0065493575 0.000121025395924781 565.36755 47.168528162828 11110.25 375.45397520868 3.4294905 0.24944451131414 
58 55055150 410534.577715447 0.034262365 0.00459090467329425 0.9994596 0.000127542698732635 1000000 0 0.23876145 0.00428036919523305 4.893102 0.0320682537098607 0 0 950021.6 7047.9229096238 55101245 408770.399460382 0.00195971265 0.00154146876391616 16.112935 2.25642392698602 30724.65 402.852488511614 3605.85 527.649720458563 70731.2 788.13264112077 105061.7 1462.83519577566 0.0063342475 0.0001427862852614 570.225 72.1300589872211 10588.15 464.684115824933 3.449717 0.304605188056605 
59 56192775 607793.371035749 0.02550956 0.00650862091870467 0.9996138 0.000160880266036574 1000000 0 0.24698545 0.00245466145272622 4.910167 0.0408531110320866 0 0 953078.25 10229.3194000139 56231610 603533.005642608 0.001214424595 0.0019802667775158 12.578809 2.34435992009312 30449.35 662.081813298024 2610.25 710.327310118371 68856.95 969.410360734813 101916.55 1655.0627624051 0.0060202825 0.000220343704921992 552.072 100.751664612055 9728.15 852.154990303994 3.369366 0.544617733299238 
60 56952125 347924.324925694 0.01895727 0.00222928043662075 0.99970855 9.2518363042145e-05 1000000 0 0.25312305 0.00279774869269918 4.9375025 0.0360829484486787 0 0 949771.15 5736.10846545809 56986260 344177.335686126 0.00060052485 0.000551114197485809 12.8633265 2.3992036826503 30250.1 1587.9652672524 1876.65 226.826425929608 66823.7 1697.73231400006 98950.45 510.610367599405 0.005806036 0.000295481321531497 596.70825 69.3680477344397 9130.8 1729.96689563702 3.639648 0.422121473495486 
61 57317625 388511.667617589 0.016475345 0.00297240657119362 0.99970065 8.08877462907775e-05 1000000 0 0.25914825 0.00267191601430509 4.94508 0.0374827345587272 0 0 940147.4 6289.916910421 57348995 383679.689943317 0.0012711363775 0.00122590007108681 12.2516395 2.10134579383897 29978.4 2113.06046766296 1601.45 298.964625833894 65505.15 2383.75618038003 97085 810.798433644269 0.0056727975 0.000375500149931728 696.8606 68.5373285782281 8662.35 2274.92648837276 3.942445 0.455978986911678 
62 57333045 558984.125423075 0.0158018335 0.00273862042479836 0.9996638 0.000132578505045135 1000000 0 0.26542535 0.00251231115260431 4.940319 0.0346325787229309 0 0 925175.4 8894.12802021648 57360890 551428.536530347 0.00503045108 0.0033153998225773 11.591934 2.1182122794857 29147.2 2620.49723525899 1508.9 269.529942677989 64742.3 2896.51186947335 95398.4 680.834590778113 0.0055066635 0.000482702329311502 837.14355 70.6588946484977 7778.55 2907.44873514564 4.5492125 0.432769727590494 
63 57744945 326970.110981111 0.01442833 0.00201877050060179 0.9997324 9.89683787883711e-05 1000000 0 0.26885935 0.00199668418321476 4.976189 0.0363719032908645 0 0 916927.9 5107.15590030302 57766450 321760.365023413 0.0075903135 0.00322927390006217 12.2380995 2.47857288016204 27493.35 2647.17846536647 1355.85 195.155393212691 65068.3 2845.91013737258 93917.5 524.841547516962 0.0051722775 0.000455291653260578 906.84535 20.9116494430138 5875.95 2831.42865838078 5.0110755 0.30064118150172 
64 57905365 524568.993817782 0.013426506 0.002616387584471 0.9997172 0.000146641944886183 1000000 0 0.27453 0.00224670610004958 4.97422 0.0353793753477927 0 0 905081.25 8060.68097542013 57925195 515874.5094255 0.016116823 0.00736009594099296 11.8304575 2.70645327787471 27365.95 2728.33171507792 1242 246.66252248771 63833.05 2902.93090642888 92441 509.137309573753 0.00510466 0.000517409227575234 953.12585 10.7163273805675 5658.4 3046.00007222587 5.344524 0.376459690012091 
65 57984815 410088.50419757 0.012564132 0.00218360654424189 0.9843589 0.000118486243927298 1000000 0 0.2704458 0.00134178197185683 4.9038475 0.0333116671565684 0 0 892374.85 6187.16272838367 58004360 402164.670750676 0.028542365 0.00555622777307365 10.460006 1.68793789702228 27228.5 3014.00126907737 1159.1 206.233823608059 63809.9 3230.56001182458 92197.5 495.790933761399 0.0049873655 0.000534871015231476 954.9646 7.34093071347225 5477.55 3267.82775670628 5.2454645 0.317465998013567 
66 57650705 516223.786235195 0.01457091 0.00238551016973309 0.9693766 0.00834408700457994 1000000 0 0.26685175 0.00463891851485883 4.8234835 0.0540518328343268 0 0 873824.75 7712.06432075745 57672425 508994.797493059 0.04697319 0.00752691502967185 10.593187 2.04502585426468 27606.75 2722.09641407133 1348.35 227.346492165593 63506.65 2730.19624340449 92461.75 948.340807674119 0.0050240735 0.000475619309808538 956.51675 16.0016368283841 6025.5 3006.64104109553 5.403309 0.38172879879438 
67 57911880 548823.542315743 0.013595228 0.00274339243539928 0.9728252 0.00900081558860085 1000000 0 0.2725554 0.00537686639595964 4.850749 0.0578055674567771 0 0 864629.2 8065.02221695638 57930160 540351.010362709 0.0546878 0.00853869998799583 10.894031 2.31441092854942 26705.95 2734.01478553061 1236.05 255.399779757149 62884.25 2778.35352097245 90826.25 947.165396063433 0.004850271 0.000498910840460498 974.52605 5.02717144600221 4968.7 3050.57516052301 5.8257945 0.398208931347289 
68 57933755 541064.428210726 0.0127920195 0.00278874887427404 0.9753661 0.012577948922221 1000000 0 0.27955475 0.00725069688978238 4.8536755 0.072861351310211 0 0 852242.05 7847.32596796514 57952470 533619.370056972 0.06683568 0.00814287708801993 10.4698515 1.49584483831136 27217.65 2862.10959390097 1141.1 259.08008414388 60697.55 2804.65720677234 89056.3 1259.85249533428 0.0049244615 0.000510098848521294 976.4552 6.22637124334873 5477.65 3167.83334907315 6.1846535 0.378921892641148 
69 57772890 550241.822201839 0.0135308495 0.00235154416570362 0.97203185 0.00633274798389294 1000000 0 0.28303795 0.0040618049371554 4.8442015 0.0473785167850366 0 0 837558.1 7866.96154750994 57791505 542816.532978685 0.0809011 0.00819122976744029 10.863042 1.62653714294694 26881.55 2400.01871815617 1193.85 211.505147691492 60114.05 2577.4743543826 88189.45 751.166724169808 0.0048617975 0.000448680783340171 978.19055 5.63183628557329 5192.25 2704.98515476518 6.50088 0.265658394804305 
70 57817625 712179.357939417 0.0143392575 0.00454403984367421 0.97239025 0.00601224947814877 1000000 0 0.2876518 0.00578136736940319 4.85714 0.0225881493265827 0 0 826180.2 10057.0605476948 57832615 703992.49518372 0.092461485 0.0106046808832833 10.0414265 2.10511883385303 25692.4 2045.72218055141 1253.3 406.466739106658 60277.45 1930.23074980687 87223.15 679.790061342471 0.004667024 0.00042980157191895 981.0472 4.8968458174625 3941.3 2425.1932108597 6.7911595 0.262261774044084 
