#1 Nodes,                 #2 AvgThroughput,               #4 totalBKThroughput, 
#6 totalBEThroughput,       #8 totalVIThroughput,           #10 totalVOThroughput,
#12 totalCollisions,        #14 totalBKCollisions,          #16 totalBECollisions,
#18 totalVICollisions,      #20 TotalVOCollisions,          #22 totalInternalCollisions,    
#24 totalBKIntCol,          #26 totalBEIntCol,              #28 totalVIIntCol,
#30 totalVOIntCol,          #32 overallFairness,            #34 BKFairness,
#36 BEFairness,             #38 VIFairness,                 #40 VOFairness,
#42 avgTimeBtSxTxBK,        #44 avgTimeBtSxTxBE,            #46 avgTimeBtSxTxVI,
#48 avgTimeBtSxTxVO,        #50 qEmptyBK,                   #52 qEmptyBE,
#54 qEmptyVI,               #56 qEmptyVO                    #58 totalDropped,
#60 droppedBK,              #62 droppedBE                   #64 droppedVI,
#66 droppedVO               #68 channelErrors               #70 stickiness
#72 totalThroughputUnsat    #74 totalThroughputSat          #76 totalThroughputEDCA
#78 totalBKthroughputEDCA   #80 totalBEthroughputEDCA       #82 totalVIthroughputEDCA
#84 totalVOthroughputEDCA   #86 totalThroughputECA          #88 totalBKthroughputECA
#90 totalBEthroughputECA    #92 totalVIthroughputECA        #94 totalVOthroughputECA
#96 avgTimeBtSxTxBkEDCA     #98 avgTimeBtSxTxBeEDCA         #100 avgTimeBtSxTxViEDCA
#102 avgTimeBtSxTxVoEDCA    #104 avgTimeBtSxTxBkECA         #106 avgTimeBtSxTxBeECA
#108 avgTimeBtSxTxViECA     #110 avgTimeBtSxTxVoECA         #112 BKCollisionsEDCA
#114 BECollisionsEDCA       #116 VICollisionsEDCA           #118 VOCollisionsEDCA
#120 BKCollisionsECA        #122 BECollisionsECA            #124 VICollisionsECA
#126 VOCollisionsEDCA       #128 lastCollision              #130 avgQueuingDelayBK
#132 avgQueuingDelayBE      #134 avgQueuingDelayVI          #136 avgQueuingDelayVO
2 40037955 40339.4158981014 40037955 40339.4158981014 0 0 0 0 0 0 7.3 1.61554944214035 0.000114836765 2.46152415266086e-05 0 0 0 0 0 0 0 0 0 0 0 0 0 0 0 0 0.9999999 3.00000000008627e-07 0.9999999 3.00000000008627e-07 0 0 0 0 0 0 0.002928162 3.08342255618655e-05 0 0 0 0 0 0 0 0 0 0 0 0 0 0 0 0 0 0 0 0 0 0 0 0 0.1 1.38777878078145e-17 1 0 0 0 40037955 40339.4158981014 0 0 0 0 0 0 0 0 0 0 40037955 40339.4158981014 40037955 40339.4158981014 0 0 0 0 0 0 0 0 0 0 0 0 0 0 0.002928162 3.08342255618655e-05 0 0 0 0 0 0 0 0 0 0 0 0 0 0 0.000114836765 2.46152415266086e-05 nan nan nan nan nan nan 1.0732831 2.53500353153324 0 0 0 0 0 0 0 0 
4 44384200 36119.2054176168 44384200 36119.2054176168 0 0 0 0 0 0 10.95 2.10890967089631 0.00018554025 2.75596846387527e-05 0 0 0 0 0 0 0 0 0 0 0 0 0 0 0 0 0.9999996 4.89897948570723e-07 0.9999996 4.89897948570723e-07 0 0 0 0 0 0 0.005285609 4.07563753172434e-05 0 0 0 0 0 0 0 0 0 0 0 0 0 0 0 0 0 0 0 0 0 0 0 0 0.1 1.38777878078145e-17 1 0 0 0 44384200 36119.2054176168 0 0 0 0 0 0 0 0 0 0 44384200 36119.2054176168 44384200 36119.2054176168 0 0 0 0 0 0 0 0 0 0 0 0 0 0 0.005285609 4.07563753172434e-05 0 0 0 0 0 0 0 0 0 0 0 0 0 0 0.00018554025 2.75596846387527e-05 nan nan nan nan nan nan 1.0175967 2.25502334184092 0 0 0 0 0 0 0 0 
6 45953940 236196.241291008 45953940 236196.241291008 0 0 0 0 0 0 13.55 1.39552857369529 0.0002535449 2.66477460226939e-05 0 0 0 0 0 0 0 0 0 0 0 0 0 0 0 0 0.99999905 4.97493718544184e-07 0.99999905 4.97493718544184e-07 0 0 0 0 0 0 0.0075609015 0.000199978767104785 0 0 0 0 0 0 0 0 0 0 0 0 0 0 0 0 0 0 0 0 0 0 0 0 0.1 1.38777878078145e-17 1 0 0 0 45953940 236196.241291008 0 0 0 0 0 0 0 0 0 0 45953940 236196.241291008 45953940 236196.241291008 0 0 0 0 0 0 0 0 0 0 0 0 0 0 0.0075609015 0.000199978767104785 0 0 0 0 0 0 0 0 0 0 0 0 0 0 0.0002535449 2.66477460226939e-05 nan nan nan nan nan nan 10.10884025 22.2373480024331 0 0 0 0 0 0 0 0 
8 46857125 134661.155776267 46857125 134661.155776267 0 0 0 0 0 0 17.75 1.6393596310755 0.00035274 3.76193779241497e-05 0 0 0 0 0 0 0 0 0 0 0 0 0 0 0 0 0.9999989 6.24499799824909e-07 0.9999989 6.24499799824909e-07 0 0 0 0 0 0 0.009906878 0.000153162931044035 0 0 0 0 0 0 0 0 0 0 0 0 0 0 0.05 0.217944947177034 0.05 0.217944947177034 0 0 0 0 0 0 0.1 1.38777878078145e-17 1 0 0 0 46857125 134661.155776267 0 0 0 0 0 0 0 0 0 0 46857125 134661.155776267 46857125 134661.155776267 0 0 0 0 0 0 0 0 0 0 0 0 0 0 0.009906878 0.000153162931044035 0 0 0 0 0 0 0 0 0 0 0 0 0 0 0.00035274 3.76193779241497e-05 nan nan nan nan nan nan 14.12433395 23.2664696760002 0 0 0 0 0 0 0 0 
10 47339260 188117.137443668 47339260 188117.137443668 0 0 0 0 0 0 21.8 2.01494416796099 0.00044328975 3.25349597001057e-05 0 0 0 0 0 0 0 0 0 0 0 0 0 0 0 0 0.9999982 9.27361849533139e-07 0.9999982 9.27361849533139e-07 0 0 0 0 0 0 0.01216434 0.000236971912681651 0 0 0 0 0 0 0 0 0 0 0 0 0 0 0.1 0.3 0.1 0.3 0 0 0 0 0 0 0.1 1.38777878078145e-17 1 0 0 0 47339260 188117.137443668 0 0 0 0 0 0 0 0 0 0 47339260 188117.137443668 47339260 188117.137443668 0 0 0 0 0 0 0 0 0 0 0 0 0 0 0.01216434 0.000236971912681651 0 0 0 0 0 0 0 0 0 0 0 0 0 0 0.00044328975 3.25349597001057e-05 nan nan nan nan nan nan 14.5661298 16.3650739394172 0 0 0 0 0 0 0 0 
12 47708050 169879.911996681 47708050 169879.911996681 0 0 0 0 0 0 24.3 2.3685438564654 0.00055114495 5.11288637410172e-05 0 0 0 0 0 0 0 0 0 0 0 0 0 0 0 0 0.9999976 8.00000000003575e-07 0.9999976 8.00000000003575e-07 0 0 0 0 0 0 0.01451668 0.000253463489678494 0 0 0 0 0 0 0 0 0 0 0 0 0 0 0.1 0.3 0.1 0.3 0 0 0 0 0 0 0.1 1.38777878078145e-17 1 0 0 0 47708050 169879.911996681 0 0 0 0 0 0 0 0 0 0 47708050 169879.911996681 47708050 169879.911996681 0 0 0 0 0 0 0 0 0 0 0 0 0 0 0.01451668 0.000253463489678494 0 0 0 0 0 0 0 0 0 0 0 0 0 0 0.00055114495 5.11288637410172e-05 nan nan nan nan nan nan 19.2748697 25.1478942990381 0 0 0 0 0 0 0 0 
14 47833415 250706.556106936 47833415 250706.556106936 0 0 0 0 0 0 27.35 2.39321958875486 0.0006349298 5.30141760066117e-05 0 0 0 0 0 0 0 0 0 0 0 0 0 0 0 0 0.9999983 6.40312423713149e-07 0.9999983 6.40312423713149e-07 0 0 0 0 0 0 0.01662019 0.000410112905063959 0 0 0 0 0 0 0 0 0 0 0 0 0 0 0.35 0.963068014212911 0.35 0.963068014212911 0 0 0 0 0 0 0.1 1.38777878078145e-17 1 0 0 0 47833415 250706.556106936 0 0 0 0 0 0 0 0 0 0 47833415 250706.556106936 47833415 250706.556106936 0 0 0 0 0 0 0 0 0 0 0 0 0 0 0.01662019 0.000410112905063959 0 0 0 0 0 0 0 0 0 0 0 0 0 0 0.0006349298 5.30141760066117e-05 nan nan nan nan nan nan 23.77490275 24.8542476436081 0 0 0 0 0 0 0 0 
16 48148415 225472.034352378 48148415 225472.034352378 0 0 0 0 0 0 31.05 3.52810147246363 0.0007379367 8.58684144334225e-05 0 0 0 0 0 0 0 0 0 0 0 0 0 0 0 0 0.9999977 9.53939201406552e-07 0.9999977 9.53939201406552e-07 0 0 0 0 0 0 0.01914298 0.000416747370237653 0 0 0 0 0 0 0 0 0 0 0 0 0 0 0.25 0.433012701892219 0.25 0.433012701892219 0 0 0 0 0 0 0.1 1.38777878078145e-17 1 0 0 0 48148415 225472.034352378 0 0 0 0 0 0 0 0 0 0 48148415 225472.034352378 48148415 225472.034352378 0 0 0 0 0 0 0 0 0 0 0 0 0 0 0.01914298 0.000416747370237653 0 0 0 0 0 0 0 0 0 0 0 0 0 0 0.0007379367 8.58684144334225e-05 nan nan nan nan nan nan 18.2239149 21.5099776616158 0 0 0 0 0 0 0 0 
18 48339610 154408.477422711 48339610 154408.477422711 0 0 0 0 0 0 34.35 4.46402284940389 0.00087334985 9.84103118973185e-05 0 0 0 0 0 0 0 0 0 0 0 0 0 0 0 0 0.9999965 1.28452325788832e-06 0.9999965 1.28452325788832e-06 0 0 0 0 0 0 0.02157134 0.000323820230066004 0 0 0 0 0 0 0 0 0 0 0 0 0 0 0.65 1.01365674663566 0.65 1.01365674663566 0 0 0 0 0 0 0.1 1.38777878078145e-17 1 0 0 0 48339610 154408.477422711 0 0 0 0 0 0 0 0 0 0 48339610 154408.477422711 48339610 154408.477422711 0 0 0 0 0 0 0 0 0 0 0 0 0 0 0.02157134 0.000323820230066004 0 0 0 0 0 0 0 0 0 0 0 0 0 0 0.00087334985 9.84103118973185e-05 nan nan nan nan nan nan 8.5749712 16.7699822136374 0 0 0 0 0 0 0 0 
20 48516105 126714.14078547 48516105 126714.14078547 0 0 0 0 0 0 38.15 4.67199101026532 0.000987064 0.00011821453036831 0 0 0 0 0 0 0 0 0 0 0 0 0 0 0 0 0.99999605 1.24398553047147e-06 0.99999605 1.24398553047147e-06 0 0 0 0 0 0 0.02402041 0.000300567293463544 0 0 0 0 0 0 0 0 0 0 0 0 0 0 0.5 0.670820393249937 0.5 0.670820393249937 0 0 0 0 0 0 0.1 1.38777878078145e-17 1 0 0 0 48516105 126714.14078547 0 0 0 0 0 0 0 0 0 0 48516105 126714.14078547 48516105 126714.14078547 0 0 0 0 0 0 0 0 0 0 0 0 0 0 0.02402041 0.000300567293463544 0 0 0 0 0 0 0 0 0 0 0 0 0 0 0.000987064 0.00011821453036831 nan nan nan nan nan nan 16.819215 23.9558279476882 0 0 0 0 0 0 0 0 
22 48555515 148971.13906727 48555515 148971.13906727 0 0 0 0 0 0 44.3 7.62954782408499 0.00115350475 0.000191351444871962 0 0 0 0 0 0 0 0 0 0 0 0 0 0 0 0 0.9999962 1.16619037898165e-06 0.9999962 1.16619037898165e-06 0 0 0 0 0 0 0.02623623 0.000399259896683852 0 0 0 0 0 0 0 0 0 0 0 0 0 0 2.1 6.91303117308175 2.1 6.91303117308175 0 0 0 0 0 0 0.1 1.38777878078145e-17 1 0 0 0 48555515 148971.13906727 0 0 0 0 0 0 0 0 0 0 48555515 148971.13906727 48555515 148971.13906727 0 0 0 0 0 0 0 0 0 0 0 0 0 0 0.02623623 0.000399259896683852 0 0 0 0 0 0 0 0 0 0 0 0 0 0 0.00115350475 0.000191351444871962 nan nan nan nan nan nan 26.9543932 31.8614205203693 0 0 0 0 0 0 0 0 
24 48593110 143731.36366152 48593110 143731.36366152 0 0 0 0 0 0 45.15 5.08207634732104 0.00119724585 0.000114436089173073 0 0 0 0 0 0 0 0 0 0 0 0 0 0 0 0 0.9999954 1.39283882771861e-06 0.9999954 1.39283882771861e-06 0 0 0 0 0 0 0.028455075 0.000376956945651622 0 0 0 0 0 0 0 0 0 0 0 0 0 0 1.45 2.22429764195352 1.45 2.22429764195352 0 0 0 0 0 0 0.1 1.38777878078145e-17 1 0 0 0 48593110 143731.36366152 0 0 0 0 0 0 0 0 0 0 48593110 143731.36366152 48593110 143731.36366152 0 0 0 0 0 0 0 0 0 0 0 0 0 0 0.028455075 0.000376956945651622 0 0 0 0 0 0 0 0 0 0 0 0 0 0 0.00119724585 0.000114436089173073 nan nan nan nan nan nan 28.3564947 32.4492830287244 0 0 0 0 0 0 0 0 
26 48783160 111924.168078213 48783160 111924.168078213 0 0 0 0 0 0 51.1 7.77110030819317 0.001394127 0.000193963413408302 0 0 0 0 0 0 0 0 0 0 0 0 0 0 0 0 0.9999942 2.40000000001119e-06 0.9999942 2.40000000001119e-06 0 0 0 0 0 0 0.031135375 0.000340087240094362 0 0 0 0 0 0 0 0 0 0 0 0 0 0 2.15 3.81149576937978 2.15 3.81149576937978 0 0 0 0 0 0 0.1 1.38777878078145e-17 1 0 0 0 48783160 111924.168078213 0 0 0 0 0 0 0 0 0 0 48783160 111924.168078213 48783160 111924.168078213 0 0 0 0 0 0 0 0 0 0 0 0 0 0 0.031135375 0.000340087240094362 0 0 0 0 0 0 0 0 0 0 0 0 0 0 0.001394127 0.000193963413408302 nan nan nan nan nan nan 15.81929235 25.6128069448605 0 0 0 0 0 0 0 0 
28 48845270 110702.945308605 48845270 110702.945308605 0 0 0 0 0 0 55.5 11.146748404804 0.0015226405 0.000264264089813107 0 0 0 0 0 0 0 0 0 0 0 0 0 0 0 0 0.99999325 2.14184499905459e-06 0.99999325 2.14184499905459e-06 0 0 0 0 0 0 0.03350632 0.000343006457082079 0 0 0 0 0 0 0 0 0 0 0 0 0 0 1.45 1.9615045245933 1.45 1.9615045245933 0 0 0 0 0 0 0.1 1.38777878078145e-17 1 0 0 0 48845270 110702.945308605 0 0 0 0 0 0 0 0 0 0 48845270 110702.945308605 48845270 110702.945308605 0 0 0 0 0 0 0 0 0 0 0 0 0 0 0.03350632 0.000343006457082079 0 0 0 0 0 0 0 0 0 0 0 0 0 0 0.0015226405 0.000264264089813107 nan nan nan nan nan nan 14.53977965 23.8600102153577 0 0 0 0 0 0 0 0 
30 48906795 90206.4547302464 48906795 90206.4547302464 0 0 0 0 0 0 63.15 15.0939557439394 0.001749996 0.000375615150192321 0 0 0 0 0 0 0 0 0 0 0 0 0 0 0 0 0.99999155 3.90480473262555e-06 0.99999155 3.90480473262555e-06 0 0 0 0 0 0 0.03593425 0.00036304835972636 0 0 0 0 0 0 0 0 0 0 0 0 0 0 5.45 9.94220800426143 5.45 9.94220800426143 0 0 0 0 0 0 0.1 1.38777878078145e-17 1 0 0 0 48906795 90206.4547302464 0 0 0 0 0 0 0 0 0 0 48906795 90206.4547302464 48906795 90206.4547302464 0 0 0 0 0 0 0 0 0 0 0 0 0 0 0.03593425 0.00036304835972636 0 0 0 0 0 0 0 0 0 0 0 0 0 0 0.001749996 0.000375615150192321 nan nan nan nan nan nan 11.86193215 21.9372318364765 0 0 0 0 0 0 0 0 
32 48977610 89686.3306195543 48977610 89686.3306195543 0 0 0 0 0 0 72 10.2713192920871 0.001992969 0.000231782627496109 0 0 0 0 0 0 0 0 0 0 0 0 0 0 0 0 0.99999 3.19374388453224e-06 0.99999 3.19374388453224e-06 0 0 0 0 0 0 0.038446615 0.000320030364614046 0 0 0 0 0 0 0 0 0 0 0 0 0 0 4.3 7.20485947121802 4.3 7.20485947121802 0 0 0 0 0 0 0.1 1.38777878078145e-17 1 0 0 0 48977610 89686.3306195543 0 0 0 0 0 0 0 0 0 0 48977610 89686.3306195543 48977610 89686.3306195543 0 0 0 0 0 0 0 0 0 0 0 0 0 0 0.038446615 0.000320030364614046 0 0 0 0 0 0 0 0 0 0 0 0 0 0 0.001992969 0.000231782627496109 nan nan nan nan nan nan 5.3779658 16.8262681184047 0 0 0 0 0 0 0 0 
34 49040920 39805.1956407703 49040920 39805.1956407703 0 0 0 0 0 0 84.65 25.8597660468922 0.00234968 0.000619586574951395 0 0 0 0 0 0 0 0 0 0 0 0 0 0 0 0 0.999988 5.75325994546035e-06 0.999988 5.75325994546035e-06 0 0 0 0 0 0 0.040972835 0.000222909585426468 0 0 0 0 0 0 0 0 0 0 0 0 0 0 7.55 9.18953208819687 7.55 9.18953208819687 0 0 0 0 0 0 0.1 1.38777878078145e-17 1 0 0 0 49040920 39805.1956407703 0 0 0 0 0 0 0 0 0 0 49040920 39805.1956407703 49040920 39805.1956407703 0 0 0 0 0 0 0 0 0 0 0 0 0 0 0.040972835 0.000222909585426468 0 0 0 0 0 0 0 0 0 0 0 0 0 0 0.00234968 0.000619586574951395 nan nan nan nan nan nan 2.22343455 1.69692214221429 0 0 0 0 0 0 0 0 
36 49058775 62203.2063080353 49058775 62203.2063080353 0 0 0 0 0 0 112.75 53.5321165283048 0.0030886665 0.00134522732666741 0 0 0 0 0 0 0 0 0 0 0 0 0 0 0 0 0.99998115 1.28190288243678e-05 0.99998115 1.28190288243678e-05 0 0 0 0 0 0 0.043501915 0.000398422955256095 0 0 0 0 0 0 0 0 0 0 0 0 0 0 11.9 17.9802669613107 11.9 17.9802669613107 0 0 0 0 0 0 0.1 1.38777878078145e-17 1 0 0 0 49058775 62203.2063080353 0 0 0 0 0 0 0 0 0 0 49058775 62203.2063080353 49058775 62203.2063080353 0 0 0 0 0 0 0 0 0 0 0 0 0 0 0.043501915 0.000398422955256095 0 0 0 0 0 0 0 0 0 0 0 0 0 0 0.0030886665 0.00134522732666741 nan nan nan nan nan nan 10.067421 19.8163186279652 0 0 0 0 0 0 0 0 
38 49084100 51014.0666875324 49084100 51014.0666875324 0 0 0 0 0 0 131.8 56.1868311973544 0.003594856 0.00139677598898105 0 0 0 0 0 0 0 0 0 0 0 0 0 0 0 0 0.99997355 1.81451784229213e-05 0.99997355 1.81451784229213e-05 0 0 0 0 0 0 0.046035525 0.000373708841044737 0 0 0 0 0 0 0 0 0 0 0 0 0 0 18.3 22.5634660458007 18.3 22.5634660458007 0 0 0 0 0 0 0.1 1.38777878078145e-17 1 0 0 0 49084100 51014.0666875324 0 0 0 0 0 0 0 0 0 0 49084100 51014.0666875324 49084100 51014.0666875324 0 0 0 0 0 0 0 0 0 0 0 0 0 0 0.046035525 0.000373708841044737 0 0 0 0 0 0 0 0 0 0 0 0 0 0 0.003594856 0.00139677598898105 nan nan nan nan nan nan 7.78229045 14.4258317724118 0 0 0 0 0 0 0 0 
40 49030000 144653.762481313 49030000 144653.762481313 0 0 0 0 0 0 235.75 154.788848112517 0.0062934915 0.00405584805375926 0 0 0 0 0 0 0 0 0 0 0 0 0 0 0 0 0.99994015 5.41251096996486e-05 0.99994015 5.41251096996486e-05 0 0 0 0 0 0 0.04912117 0.00104364176042357 0 0 0 0 0 0 0 0 0 0 0 0 0 0 41.25 56.7299524061144 41.25 56.7299524061144 0 0 0 0 0 0 0.1 1.38777878078145e-17 1 0 0 0 49030000 144653.762481313 0 0 0 0 0 0 0 0 0 0 49030000 144653.762481313 49030000 144653.762481313 0 0 0 0 0 0 0 0 0 0 0 0 0 0 0.04912117 0.00104364176042357 0 0 0 0 0 0 0 0 0 0 0 0 0 0 0.0062934915 0.00405584805375926 nan nan nan nan nan nan 9.695768 8.34201327936584 0 0 0 0 0 0 0 0 
42 48779565 470769.226134207 48779565 470769.226134207 0 0 0 0 0 0 529.05 509.284250198256 0.014909604 0.0157412428424694 0 0 0 0 0 0 0 0 0 0 0 0 0 0 0 0 0.9998463 0.00018778074981211 0.9998463 0.00018778074981211 0 0 0 0 0 0 0.05395252 0.00451467077953642 0 0 0 0 0 0 0 0 0 0 0 0 0 0 109.75 149.649214832554 109.75 149.649214832554 0 0 0 0 0 0 0.1 1.38777878078145e-17 1 0 0 0 48779565 470769.226134207 0 0 0 0 0 0 0 0 0 0 48779565 470769.226134207 48779565 470769.226134207 0 0 0 0 0 0 0 0 0 0 0 0 0 0 0.05395252 0.00451467077953642 0 0 0 0 0 0 0 0 0 0 0 0 0 0 0.014909604 0.0157412428424694 nan nan nan nan nan nan 23.29279 24.9625898974529 0 0 0 0 0 0 0 0 
44 48075510 693066.70667404 48075510 693066.70667404 0 0 0 0 0 0 1318.2 731.261348629886 0.03960272 0.0243969561150224 0 0 0 0 0 0 0 0 0 0 0 0 0 0 0 0 0.9995992 0.000261212480559422 0.9995992 0.000261212480559422 0 0 0 0 0 0 0.06387466 0.00745094618967283 0 0 0 0 0 0 0 0 0 0 0 0 0 0 319.25 215.384975102722 319.25 215.384975102722 0 0 0 0 0 0 0.1 1.38777878078145e-17 1 0 0 0 48075510 693066.70667404 0 0 0 0 0 0 0 0 0 0 48075510 693066.70667404 48075510 693066.70667404 0 0 0 0 0 0 0 0 0 0 0 0 0 0 0.06387466 0.00745094618967283 0 0 0 0 0 0 0 0 0 0 0 0 0 0 0.03960272 0.0243969561150224 nan nan nan nan nan nan 55.1387525 31.3421290307491 0 0 0 0 0 0 0 0 
46 47648750 923016.425368476 47648750 923016.425368476 0 0 0 0 0 0 1788.4 973.932769753642 0.0579440235 0.0341362223093891 0 0 0 0 0 0 0 0 0 0 0 0 0 0 0 0 0.99946025 0.000333914042082691 0.99946025 0.000333914042082691 0 0 0 0 0 0 0.07284784 0.0110672601248186 0 0 0 0 0 0 0 0 0 0 0 0 0 0 401.85 258.368201410313 401.85 258.368201410313 0 0 0 0 0 0 0.1 1.38777878078145e-17 1 0 0 0 47648750 923016.425368476 0 0 0 0 0 0 0 0 0 0 47648750 923016.425368476 47648750 923016.425368476 0 0 0 0 0 0 0 0 0 0 0 0 0 0 0.07284784 0.0110672601248186 0 0 0 0 0 0 0 0 0 0 0 0 0 0 0.0579440235 0.0341362223093891 nan nan nan nan nan nan 68.0554235 37.9160895429565 0 0 0 0 0 0 0 0 
48 46760530 519140.943386283 46760530 519140.943386283 0 0 0 0 0 0 2711.05 534.780934121627 0.093900565 0.0210810751039475 0 0 0 0 0 0 0 0 0 0 0 0 0 0 0 0 0.9990402 0.000307610077858326 0.9990402 0.000307610077858326 0 0 0 0 0 0 0.088452645 0.00735712672049864 0 0 0 0 0 0 0 0 0 0 0 0 0 0 595.35 157.384965927499 595.35 157.384965927499 0 0 0 0 0 0 0.1 1.38777878078145e-17 1 0 0 0 46760530 519140.943386283 0 0 0 0 0 0 0 0 0 0 46760530 519140.943386283 46760530 519140.943386283 0 0 0 0 0 0 0 0 0 0 0 0 0 0 0.088452645 0.00735712672049864 0 0 0 0 0 0 0 0 0 0 0 0 0 0 0.093900565 0.0210810751039475 nan nan nan nan nan nan 93.74958 18.930843510145 0 0 0 0 0 0 0 0 
50 46333020 113882.068825606 46333020 113882.068825606 0 0 0 0 0 0 3120.9 81.5247815084468 0.1130821 0.00456575037534905 0 0 0 0 0 0 0 0 0 0 0 0 0 0 0 0 0.99898495 0.000176411302075573 0.99898495 0.000176411302075573 0 0 0 0 0 0 0.09946307 0.001889401090584 0 0 0 0 0 0 0 0 0 0 0 0 0 0 698.15 92.6980447474487 698.15 92.6980447474487 0 0 0 0 0 0 0.1 1.38777878078145e-17 1 0 0 0 46333020 113882.068825606 0 0 0 0 0 0 0 0 0 0 46333020 113882.068825606 46333020 113882.068825606 0 0 0 0 0 0 0 0 0 0 0 0 0 0 0.09946307 0.001889401090584 0 0 0 0 0 0 0 0 0 0 0 0 0 0 0.1130821 0.00456575037534905 nan nan nan nan nan nan 99.97261 0.0268802883169069 0 0 0 0 0 0 0 0 
52 46060270 94929.6692293826 46060270 94929.6692293826 0 0 0 0 0 0 3385.05 58.3776284204831 0.12767145 0.0034128146224927 0 0 0 0 0 0 0 0 0 0 0 0 0 0 0 0 0.9988962 0.000163874525170933 0.9988962 0.000163874525170933 0 0 0 0 0 0 0.1094499 0.00151763308806839 0 0 0 0 0 0 0 0 0 0 0 0 0 0 768.8 142.37752631648 768.8 142.37752631648 0 0 0 0 0 0 0.1 1.38777878078145e-17 1 0 0 0 46060270 94929.6692293826 0 0 0 0 0 0 0 0 0 0 46060270 94929.6692293826 46060270 94929.6692293826 0 0 0 0 0 0 0 0 0 0 0 0 0 0 0.1094499 0.00151763308806839 0 0 0 0 0 0 0 0 0 0 0 0 0 0 0.12767145 0.0034128146224927 nan nan nan nan nan nan 99.97449 0.0187369661364911 0 0 0 0 0 0 0 0 
54 45843550 101546.095444384 45843550 101546.095444384 0 0 0 0 0 0 3574.85 67.5879242172742 0.13893565 0.00418037755800837 0 0 0 0 0 0 0 0 0 0 0 0 0 0 0 0 0.99876575 0.00016219675551626 0.99876575 0.00016219675551626 0 0 0 0 0 0 0.1185356 0.00188036550702251 0 0 0 0 0 0 0 0 0 0 0 0 0 0 807.25 158.503588287458 807.25 158.503588287458 0 0 0 0 0 0 0.1 1.38777878078145e-17 1 0 0 0 45843550 101546.095444384 0 0 0 0 0 0 0 0 0 0 45843550 101546.095444384 45843550 101546.095444384 0 0 0 0 0 0 0 0 0 0 0 0 0 0 0.1185356 0.00188036550702251 0 0 0 0 0 0 0 0 0 0 0 0 0 0 0.13893565 0.00418037755800837 nan nan nan nan nan nan 99.95913 0.040811004643356 0 0 0 0 0 0 0 0 
56 45666600 83058.491438263 45666600 83058.491438263 0 0 0 0 0 0 3761 62.4467773387867 0.15087525 0.00421354261726401 0 0 0 0 0 0 0 0 0 0 0 0 0 0 0 0 0.99875125 0.000232994179111842 0.99875125 0.000232994179111842 0 0 0 0 0 0 0.12845445 0.00205433713092569 0 0 0 0 0 0 0 0 0 0 0 0 0 0 816.6 111.53761697293 816.6 111.53761697293 0 0 0 0 0 0 0.1 1.38777878078145e-17 1 0 0 0 45666600 83058.491438263 0 0 0 0 0 0 0 0 0 0 45666600 83058.491438263 45666600 83058.491438263 0 0 0 0 0 0 0 0 0 0 0 0 0 0 0.12845445 0.00205433713092569 0 0 0 0 0 0 0 0 0 0 0 0 0 0 0.15087525 0.00421354261726401 nan nan nan nan nan nan 99.974 0.0205476276002846 0 0 0 0 0 0 0 0 
58 45505250 83920.7751394135 45505250 83920.7751394135 0 0 0 0 0 0 3905.7 62.4860784495235 0.1607083 0.00417241765766563 0 0 0 0 0 0 0 0 0 0 0 0 0 0 0 0 0.9987049 0.000211020828355872 0.9987049 0.000211020828355872 0 0 0 0 0 0 0.1378194 0.00216942968081475 0 0 0 0 0 0 0 0 0 0 0 0 0 0 860.25 140.905597830604 860.25 140.905597830604 0 0 0 0 0 0 0.1 1.38777878078145e-17 1 0 0 0 45505250 83920.7751394135 0 0 0 0 0 0 0 0 0 0 45505250 83920.7751394135 45505250 83920.7751394135 0 0 0 0 0 0 0 0 0 0 0 0 0 0 0.1378194 0.00216942968081475 0 0 0 0 0 0 0 0 0 0 0 0 0 0 0.1607083 0.00417241765766563 nan nan nan nan nan nan 99.976105 0.0205675588002072 0 0 0 0 0 0 0 0 
60 45288895 93945.1460960065 45288895 93945.1460960065 0 0 0 0 0 0 4073.55 54.5476626447 0.17204855 0.00367936867512621 0 0 0 0 0 0 0 0 0 0 0 0 0 0 0 0 0.99861345 0.000266445956058646 0.99861345 0.000266445956058646 0 0 0 0 0 0 0.14820445 0.00188808126083069 0 0 0 0 0 0 0 0 0 0 0 0 0 0 864.95 137.493081644132 864.95 137.493081644132 0 0 0 0 0 0 0.1 1.38777878078145e-17 1 0 0 0 45288895 93945.1460960065 0 0 0 0 0 0 0 0 0 0 45288895 93945.1460960065 45288895 93945.1460960065 0 0 0 0 0 0 0 0 0 0 0 0 0 0 0.14820445 0.00188808126083069 0 0 0 0 0 0 0 0 0 0 0 0 0 0 0.17204855 0.00367936867512621 nan nan nan nan nan nan 99.976425 0.0207985546372828 0 0 0 0 0 0 0 0 
62 45114225 92201.5665539366 45114225 92201.5665539366 0 0 0 0 0 0 4204.25 58.1342196989002 0.18150325 0.00398882527663221 0 0 0 0 0 0 0 0 0 0 0 0 0 0 0 0 0.9986113 0.000265128101113398 0.9986113 0.000265128101113398 0 0 0 0 0 0 0.15809895 0.00211039390813658 0 0 0 0 0 0 0 0 0 0 0 0 0 0 886.65 152.219340098425 886.65 152.219340098425 0 0 0 0 0 0 0.1 1.38777878078145e-17 1 0 0 0 45114225 92201.5665539366 0 0 0 0 0 0 0 0 0 0 45114225 92201.5665539366 45114225 92201.5665539366 0 0 0 0 0 0 0 0 0 0 0 0 0 0 0.15809895 0.00211039390813658 0 0 0 0 0 0 0 0 0 0 0 0 0 0 0.18150325 0.00398882527663221 nan nan nan nan nan nan 99.97517 0.0172320660397976 0 0 0 0 0 0 0 0 
64 44952190 94898.8140073415 44952190 94898.8140073415 0 0 0 0 0 0 4351 40.348482003664 0.1925551 0.00283158001652787 0 0 0 0 0 0 0 0 0 0 0 0 0 0 0 0 0.9984746 0.000287530589676992 0.9984746 0.000287530589676992 0 0 0 0 0 0 0.16935985 0.00159825299233257 0 0 0 0 0 0 0 0 0 0 0 0 0 0 994.45 147.6212975827 994.45 147.6212975827 0 0 0 0 0 0 0.1 1.38777878078145e-17 1 0 0 0 44952190 94898.8140073415 0 0 0 0 0 0 0 0 0 0 44952190 94898.8140073415 44952190 94898.8140073415 0 0 0 0 0 0 0 0 0 0 0 0 0 0 0.16935985 0.00159825299233257 0 0 0 0 0 0 0 0 0 0 0 0 0 0 0.1925551 0.00283158001652787 nan nan nan nan nan nan 99.9869 0.0124635067296496 0 0 0 0 0 0 0 0 
66 44753735 87296.8915540525 44753735 87296.8915540525 0 0 0 0 0 0 4470.8 45.2079639001802 0.20193835 0.00333745431841396 0 0 0 0 0 0 0 0 0 0 0 0 0 0 0 0 0.9983854 0.000303332886446549 0.9983854 0.000303332886446549 0 0 0 0 0 0 0.1801149 0.0020451476450369 0 0 0 0 0 0 0 0 0 0 0 0 0 0 1068.65 147.100059483333 1068.65 147.100059483333 0 0 0 0 0 0 0.1 1.38777878078145e-17 1 0 0 0 44753735 87296.8915540525 0 0 0 0 0 0 0 0 0 0 44753735 87296.8915540525 44753735 87296.8915540525 0 0 0 0 0 0 0 0 0 0 0 0 0 0 0.1801149 0.0020451476450369 0 0 0 0 0 0 0 0 0 0 0 0 0 0 0.20193835 0.00333745431841396 nan nan nan nan nan nan 99.98574 0.015333179709375 0 0 0 0 0 0 0 0 
68 44639810 62071.2244119608 44639810 62071.2244119608 0 0 0 0 0 0 4580.9 27.022028051203 0.21108525 0.0022440178001745 0 0 0 0 0 0 0 0 0 0 0 0 0 0 0 0 0.9981638 0.000342685511803456 0.9981638 0.000342685511803456 0 0 0 0 0 0 0.1913424 0.00155732730663788 0 0 0 0 0 0 0 0 0 0 0 0 0 0 1079.25 153.884981398446 1079.25 153.884981398446 0 0 0 0 0 0 0.1 1.38777878078145e-17 1 0 0 0 44639810 62071.2244119608 0 0 0 0 0 0 0 0 0 0 44639810 62071.2244119608 44639810 62071.2244119608 0 0 0 0 0 0 0 0 0 0 0 0 0 0 0.1913424 0.00155732730663788 0 0 0 0 0 0 0 0 0 0 0 0 0 0 0.21108525 0.0022440178001745 nan nan nan nan nan nan 99.972265 0.0179443382435789 0 0 0 0 0 0 0 0 
70 44464400 65877.8187252735 44464400 65877.8187252735 0 0 0 0 0 0 4692 32.5499615975196 0.21965935 0.00263390150299893 0 0 0 0 0 0 0 0 0 0 0 0 0 0 0 0 0.9980957 0.000280350869447554 0.9980957 0.000280350869447554 0 0 0 0 0 0 0.20196435 0.00191861528908221 0 0 0 0 0 0 0 0 0 0 0 0 0 0 1164.6 169.213297349824 1164.6 169.213297349824 0 0 0 0 0 0 0.1 1.38777878078145e-17 1 0 0 0 44464400 65877.8187252735 0 0 0 0 0 0 0 0 0 0 44464400 65877.8187252735 44464400 65877.8187252735 0 0 0 0 0 0 0 0 0 0 0 0 0 0 0.20196435 0.00191861528908221 0 0 0 0 0 0 0 0 0 0 0 0 0 0 0.21965935 0.00263390150299893 nan nan nan nan nan nan 99.976275 0.0215257491158843 0 0 0 0 0 0 0 0 
