#1 Nodes,                 #2 AvgThroughput,               #4 totalBKThroughput, 
#6 totalBEThroughput,       #8 totalVIThroughput,           #10 totalVOThroughput,
#12 totalCollisions,        #14 totalBKCollisions,          #16 totalBECollisions,
#18 totalVICollisions,      #20 TotalVOCollisions,          #22 totalInternalCollisions,    
#24 totalBKIntCol,          #26 totalBEIntCol,              #28 totalVIIntCol,
#30 totalVOIntCol,          #32 overallFairness,            #34 BKFairness,
#36 BEFairness,             #38 VIFairness,                 #40 VOFairness,
#42 avgTimeBtSxTxBK,        #44 avgTimeBtSxTxBE,            #46 avgTimeBtSxTxVI,
#48 avgTimeBtSxTxVO,        #50 qEmptyBK,                   #52 qEmptyBE,
#54 qEmptyVI,               #56 qEmptyVO                    #58 totalDropped,
#60 droppedBK,              #62 droppedBE                   #64 droppedVI,
#66 droppedVO               #68 channelErrors               #70 stickiness
#72 totalThroughputUnsat    #74 totalThroughputSat          #76 totalThroughputEDCA
#78 totalBKthroughputEDCA   #80 totalBEthroughputEDCA       #82 totalVIthroughputEDCA
#84 totalVOthroughputEDCA   #86 totalThroughputECA          #88 totalBKthroughputECA
#90 totalBEthroughputECA    #92 totalVIthroughputECA        #94 totalVOthroughputECA
#96 avgTimeBtSxTxBkEDCA     #98 avgTimeBtSxTxBeEDCA         #100 avgTimeBtSxTxViEDCA
#102 avgTimeBtSxTxVoEDCA    #104 avgTimeBtSxTxBkECA         #106 avgTimeBtSxTxBeECA
#108 avgTimeBtSxTxViECA     #110 avgTimeBtSxTxVoECA         #112 BKCollisionsEDCA
#114 BECollisionsEDCA       #116 VICollisionsEDCA           #118 VOCollisionsEDCA
#120 BKCollisionsECA        #122 BECollisionsECA            #124 VICollisionsECA
#126 VOCollisionsEDCA       #128 lastCollision              #130 avgQueuingDelayBK
#132 avgQueuingDelayBE      #134 avgQueuingDelayVI          #136 avgQueuingDelayVO
1 33556195 5521.09364166195 33556195 5521.09364166195 0 0 0 0 0 0 4293.75 1.78535710713571 0.0764224 0.000160218912741288 0 0 0 0 0 0 0 0 0 0 0 0 0 0 0 0 1 0 1 0 0 0 0 0 0 0 0.001927153 3.62020317109416e-06 0 0 0 0 0 0 0 0 0 0 0 0 0 0 0 0 0 0 0 0 0 0 0 0 0.1 1.38777878078145e-17 1 0 0 0 33556195 5521.09364166195 0 0 0 0 0 0 0 0 0 0 33556195 5521.09364166195 33556195 5521.09364166195 0 0 0 0 0 0 0 0 0 0 0 0 0 0 0.001927153 3.62020317109416e-06 0 0 0 0 0 0 0 0 0 0 0 0 0 0 0.0764224 0.000160218912741288 nan nan nan nan nan nan 99.98977 0.00598766231512906 50.034235 0.00563881858193785 0 0 0 0 0 0 
2 40026445 91586.8029521721 40026445 91586.8029521721 0 0 0 0 0 0 7.3 1.51986841535707 0.00011363344 2.19318277784e-05 0 0 0 0 0 0 0 0 0 0 0 0 0 0 0 0 0.99999995 2.17944947183301e-07 0.99999995 2.17944947183301e-07 0 0 0 0 0 0 0.0029215095 6.0938144579155e-05 0 0 0 0 0 0 0 0 0 0 0 0 0 0 0 0 0 0 0 0 0 0 0 0 0.1 1.38777878078145e-17 1 0 0 0 40026445 91586.8029521721 0 0 0 0 0 0 0 0 0 0 40026445 91586.8029521721 40026445 91586.8029521721 0 0 0 0 0 0 0 0 0 0 0 0 0 0 0.0029215095 6.0938144579155e-05 0 0 0 0 0 0 0 0 0 0 0 0 0 0 0.00011363344 2.19318277784e-05 nan nan nan nan nan nan 1.82072065 5.84077964890403 0 0 0 0 0 0 0 0 
3 42839390 45574.1253344483 42839390 45574.1253344483 0 0 0 0 0 0 8.2 0.812403840463596 0.00013149105 1.36062087536352e-05 0 0 0 0 0 0 0 0 0 0 0 0 0 0 0 0 0.99999965 4.76969600722188e-07 0.99999965 4.76969600722188e-07 0 0 0 0 0 0 0.0041089625 4.10239939395227e-05 0 0 0 0 0 0 0 0 0 0 0 0 0 0 0 0 0 0 0 0 0 0 0 0 0.1 1.38777878078145e-17 1 0 0 0 42839390 45574.1253344483 0 0 0 0 0 0 0 0 0 0 42839390 45574.1253344483 42839390 45574.1253344483 0 0 0 0 0 0 0 0 0 0 0 0 0 0 0.0041089625 4.10239939395227e-05 0 0 0 0 0 0 0 0 0 0 0 0 0 0 0.00013149105 1.36062087536352e-05 nan nan nan nan nan nan 1.242291 3.50601942876439 0 0 0 0 0 0 0 0 
4 44332340 208389.61442452 44332340 208389.61442452 0 0 0 0 0 0 10.45 1.5644487847162 0.0001732621 1.54903255062636e-05 0 0 0 0 0 0 0 0 0 0 0 0 0 0 0 0 0.9999995 5.00000000014378e-07 0.9999995 5.00000000014378e-07 0 0 0 0 0 0 0.005253833 0.000124164693133757 0 0 0 0 0 0 0 0 0 0 0 0 0 0 0 0 0 0 0 0 0 0 0 0 0.1 1.38777878078145e-17 1 0 0 0 44332340 208389.61442452 0 0 0 0 0 0 0 0 0 0 44332340 208389.61442452 44332340 208389.61442452 0 0 0 0 0 0 0 0 0 0 0 0 0 0 0.005253833 0.000124164693133757 0 0 0 0 0 0 0 0 0 0 0 0 0 0 0.0001732621 1.54903255062636e-05 nan nan nan nan nan nan 6.68838565 21.2163761525636 0 0 0 0 0 0 0 0 
5 45333680 85261.4074479187 45333680 85261.4074479187 0 0 0 0 0 0 12.35 1.38834433769148 0.00021001755 1.47716264218772e-05 0 0 0 0 0 0 0 0 0 0 0 0 0 0 0 0 0.99999945 5.89491306130876e-07 0.99999945 5.89491306130876e-07 0 0 0 0 0 0 0.0064249335 9.76923711594206e-05 0 0 0 0 0 0 0 0 0 0 0 0 0 0 0 0 0 0 0 0 0 0 0 0 0.1 1.38777878078145e-17 1 0 0 0 45333680 85261.4074479187 0 0 0 0 0 0 0 0 0 0 45333680 85261.4074479187 45333680 85261.4074479187 0 0 0 0 0 0 0 0 0 0 0 0 0 0 0.0064249335 9.76923711594206e-05 0 0 0 0 0 0 0 0 0 0 0 0 0 0 0.00021001755 1.47716264218772e-05 nan nan nan nan nan nan 5.57095975 9.09363973546816 0 0 0 0 0 0 0 0 
6 45966610 217124.797984938 45966610 217124.797984938 0 0 0 0 0 0 14.1 1.51327459504216 0.0002542244 1.8839975773339e-05 0 0 0 0 0 0 0 0 0 0 0 0 0 0 0 0 0.999999 5.47722557490512e-07 0.999999 5.47722557490512e-07 0 0 0 0 0 0 0.0075631135 0.000208322527065006 0 0 0 0 0 0 0 0 0 0 0 0 0 0 0 0 0 0 0 0 0 0 0 0 0.1 1.38777878078145e-17 1 0 0 0 45966610 217124.797984938 0 0 0 0 0 0 0 0 0 0 45966610 217124.797984938 45966610 217124.797984938 0 0 0 0 0 0 0 0 0 0 0 0 0 0 0.0075631135 0.000208322527065006 0 0 0 0 0 0 0 0 0 0 0 0 0 0 0.0002542244 1.8839975773339e-05 nan nan nan nan nan nan 10.92458835 24.1263309362443 0 0 0 0 0 0 0 0 
7 46508440 121514.288871721 46508440 121514.288871721 0 0 0 0 0 0 16.7 2.1 0.00030726935 2.62798615108128e-05 0 0 0 0 0 0 0 0 0 0 0 0 0 0 0 0 0.99999865 7.92148975871279e-07 0.99999865 7.92148975871279e-07 0 0 0 0 0 0 0.008774682 0.000133532681153342 0 0 0 0 0 0 0 0 0 0 0 0 0 0 0.05 0.217944947177034 0.05 0.217944947177034 0 0 0 0 0 0 0.1 1.38777878078145e-17 1 0 0 0 46508440 121514.288871721 0 0 0 0 0 0 0 0 0 0 46508440 121514.288871721 46508440 121514.288871721 0 0 0 0 0 0 0 0 0 0 0 0 0 0 0.008774682 0.000133532681153342 0 0 0 0 0 0 0 0 0 0 0 0 0 0 0.00030726935 2.62798615108128e-05 nan nan nan nan nan nan 6.8848682 17.7894349066317 0 0 0 0 0 0 0 0 
8 46833180 138487.503407347 46833180 138487.503407347 0 0 0 0 0 0 16.65 2.00686322403895 0.00033805865 2.63906250025932e-05 0 0 0 0 0 0 0 0 0 0 0 0 0 0 0 0 0.99999885 6.53834841506603e-07 0.99999885 6.53834841506603e-07 0 0 0 0 0 0 0.009872165 0.000155962712418706 0 0 0 0 0 0 0 0 0 0 0 0 0 0 0.05 0.217944947177034 0.05 0.217944947177034 0 0 0 0 0 0 0.1 1.38777878078145e-17 1 0 0 0 46833180 138487.503407347 0 0 0 0 0 0 0 0 0 0 46833180 138487.503407347 46833180 138487.503407347 0 0 0 0 0 0 0 0 0 0 0 0 0 0 0.009872165 0.000155962712418706 0 0 0 0 0 0 0 0 0 0 0 0 0 0 0.00033805865 2.63906250025932e-05 nan nan nan nan nan nan 14.02709365 15.5841399592504 0 0 0 0 0 0 0 0 
9 47113590 236233.210832008 47113590 236233.210832008 0 0 0 0 0 0 19.65 1.90459969547409 0.0004167523 3.40246843792856e-05 0 0 0 0 0 0 0 0 0 0 0 0 0 0 0 0 0.99999875 8.29156197574197e-07 0.99999875 8.29156197574197e-07 0 0 0 0 0 0 0.0110305485 0.000290773811394269 0 0 0 0 0 0 0 0 0 0 0 0 0 0 0.3 0.9 0.3 0.9 0 0 0 0 0 0 0.1 1.38777878078145e-17 1 0 0 0 47113590 236233.210832008 0 0 0 0 0 0 0 0 0 0 47113590 236233.210832008 47113590 236233.210832008 0 0 0 0 0 0 0 0 0 0 0 0 0 0 0.0110305485 0.000290773811394269 0 0 0 0 0 0 0 0 0 0 0 0 0 0 0.0004167523 3.40246843792856e-05 nan nan nan nan nan nan 13.58364395 19.9891884613155 0 0 0 0 0 0 0 0 
10 47314710 166420.848753995 47314710 166420.848753995 0 0 0 0 0 0 20.6 1.98494332412792 0.00042652905 3.78097718909742e-05 0 0 0 0 0 0 0 0 0 0 0 0 0 0 0 0 0.9999982 8.1240384043776e-07 0.9999982 8.1240384043776e-07 0 0 0 0 0 0 0.01211788 0.000218767754936599 0 0 0 0 0 0 0 0 0 0 0 0 0 0 0.05 0.217944947177034 0.05 0.217944947177034 0 0 0 0 0 0 0.1 1.38777878078145e-17 1 0 0 0 47314710 166420.848753995 0 0 0 0 0 0 0 0 0 0 47314710 166420.848753995 47314710 166420.848753995 0 0 0 0 0 0 0 0 0 0 0 0 0 0 0.01211788 0.000218767754936599 0 0 0 0 0 0 0 0 0 0 0 0 0 0 0.00042652905 3.78097718909742e-05 nan nan nan nan nan nan 21.45267075 24.1709687232438 0 0 0 0 0 0 0 0 
11 47411095 241528.583142865 47411095 241528.583142865 0 0 0 0 0 0 22.35 1.27573508221731 0.0004735303 2.80831338459582e-05 0 0 0 0 0 0 0 0 0 0 0 0 0 0 0 0 0.9999982 9.27361849531942e-07 0.9999982 9.27361849531942e-07 0 0 0 0 0 0 0.0131457 0.000319766325619193 0 0 0 0 0 0 0 0 0 0 0 0 0 0 0 0 0 0 0 0 0 0 0 0 0.1 1.38777878078145e-17 1 0 0 0 47411095 241528.583142865 0 0 0 0 0 0 0 0 0 0 47411095 241528.583142865 47411095 241528.583142865 0 0 0 0 0 0 0 0 0 0 0 0 0 0 0.0131457 0.000319766325619193 0 0 0 0 0 0 0 0 0 0 0 0 0 0 0.0004735303 2.80831338459582e-05 nan nan nan nan nan nan 40.23352795 30.6580069510785 0 0 0 0 0 0 0 0 
12 47672950 188953.402986027 47672950 188953.402986027 0 0 0 0 0 0 23.7 2.00249843945008 0.0005155923 3.52505677232296e-05 0 0 0 0 0 0 0 0 0 0 0 0 0 0 0 0 0.99999755 1.02347447452091e-06 0.99999755 1.02347447452091e-06 0 0 0 0 0 0 0.01446427 0.000273946409175225 0 0 0 0 0 0 0 0 0 0 0 0 0 0 0.1 0.3 0.1 0.3 0 0 0 0 0 0 0.1 1.38777878078145e-17 1 0 0 0 47672950 188953.402986027 0 0 0 0 0 0 0 0 0 0 47672950 188953.402986027 47672950 188953.402986027 0 0 0 0 0 0 0 0 0 0 0 0 0 0 0.01446427 0.000273946409175225 0 0 0 0 0 0 0 0 0 0 0 0 0 0 0.0005155923 3.52505677232296e-05 nan nan nan nan nan nan 13.9889837 16.5296215265881 0 0 0 0 0 0 0 0 
13 47760535 302906.349017316 47760535 302906.349017316 0 0 0 0 0 0 25.35 2.68840101175401 0.0005723474 6.94740441390884e-05 0 0 0 0 0 0 0 0 0 0 0 0 0 0 0 0 0.99999765 9.63068014209479e-07 0.99999765 9.63068014209479e-07 0 0 0 0 0 0 0.015532595 0.000445824769920874 0 0 0 0 0 0 0 0 0 0 0 0 0 0 0.1 0.3 0.1 0.3 0 0 0 0 0 0 0.1 1.38777878078145e-17 1 0 0 0 47760535 302906.349017316 0 0 0 0 0 0 0 0 0 0 47760535 302906.349017316 47760535 302906.349017316 0 0 0 0 0 0 0 0 0 0 0 0 0 0 0.015532595 0.000445824769920874 0 0 0 0 0 0 0 0 0 0 0 0 0 0 0.0005723474 6.94740441390884e-05 nan nan nan nan nan nan 27.37099585 28.4153818312462 0 0 0 0 0 0 0 0 
14 47819000 237509.799797819 47819000 237509.799797819 0 0 0 0 0 0 27.15 2.90301567339896 0.0006177751 6.25478959061774e-05 0 0 0 0 0 0 0 0 0 0 0 0 0 0 0 0 0.99999775 8.87411967460747e-07 0.99999775 8.87411967460747e-07 0 0 0 0 0 0 0.016570495 0.000406656348130704 0 0 0 0 0 0 0 0 0 0 0 0 0 0 0.1 0.3 0.1 0.3 0 0 0 0 0 0 0.1 1.38777878078145e-17 1 0 0 0 47819000 237509.799797819 0 0 0 0 0 0 0 0 0 0 47819000 237509.799797819 47819000 237509.799797819 0 0 0 0 0 0 0 0 0 0 0 0 0 0 0.016570495 0.000406656348130704 0 0 0 0 0 0 0 0 0 0 0 0 0 0 0.0006177751 6.25478959061774e-05 nan nan nan nan nan nan 38.95811825 33.6087276719969 0 0 0 0 0 0 0 0 
15 47954600 265343.111838239 47954600 265343.111838239 0 0 0 0 0 0 28.3 2.3895606290697 0.0006622835 4.37676066771991e-05 0 0 0 0 0 0 0 0 0 0 0 0 0 0 0 0 0.9999978 7.48331477349602e-07 0.9999978 7.48331477349602e-07 0 0 0 0 0 0 0.017817065 0.000451112945142344 0 0 0 0 0 0 0 0 0 0 0 0 0 0 0.05 0.217944947177034 0.05 0.217944947177034 0 0 0 0 0 0 0.1 1.38777878078145e-17 1 0 0 0 47954600 265343.111838239 0 0 0 0 0 0 0 0 0 0 47954600 265343.111838239 47954600 265343.111838239 0 0 0 0 0 0 0 0 0 0 0 0 0 0 0.017817065 0.000451112945142344 0 0 0 0 0 0 0 0 0 0 0 0 0 0 0.0006622835 4.37676066771991e-05 nan nan nan nan nan nan 20.5326748 29.0386053841426 0 0 0 0 0 0 0 0 
16 48115680 165972.906222672 48115680 165972.906222672 0 0 0 0 0 0 29.8 2.73130005674953 0.00072664365 6.31490713275144e-05 0 0 0 0 0 0 0 0 0 0 0 0 0 0 0 0 0.9999982 7.48331477328832e-07 0.9999982 7.48331477328832e-07 0 0 0 0 0 0 0.01908118 0.000319117939953241 0 0 0 0 0 0 0 0 0 0 0 0 0 0 0.1 0.3 0.1 0.3 0 0 0 0 0 0 0.1 1.38777878078145e-17 1 0 0 0 48115680 165972.906222672 0 0 0 0 0 0 0 0 0 0 48115680 165972.906222672 48115680 165972.906222672 0 0 0 0 0 0 0 0 0 0 0 0 0 0 0.01908118 0.000319117939953241 0 0 0 0 0 0 0 0 0 0 0 0 0 0 0.00072664365 6.31490713275144e-05 nan nan nan nan nan nan 21.32510945 25.425214802653 0 0 0 0 0 0 0 0 
17 48166405 353178.202151548 48166405 353178.202151548 0 0 0 0 0 0 31.25 3.22296447389666 0.0007683091 8.45642597820734e-05 0 0 0 0 0 0 0 0 0 0 0 0 0 0 0 0 0.99999715 1.10792599032134e-06 0.99999715 1.10792599032134e-06 0 0 0 0 0 0 0.02017691 0.00068564869787669 0 0 0 0 0 0 0 0 0 0 0 0 0 0 0.35 0.57227615711298 0.35 0.57227615711298 0 0 0 0 0 0 0.1 1.38777878078145e-17 1 0 0 0 48166405 353178.202151548 0 0 0 0 0 0 0 0 0 0 48166405 353178.202151548 48166405 353178.202151548 0 0 0 0 0 0 0 0 0 0 0 0 0 0 0.02017691 0.00068564869787669 0 0 0 0 0 0 0 0 0 0 0 0 0 0 0.0007683091 8.45642597820734e-05 nan nan nan nan nan nan 24.6367847 29.1691303802887 0 0 0 0 0 0 0 0 
18 48323330 156776.77793602 48323330 156776.77793602 0 0 0 0 0 0 32.3 3.11608729017658 0.00081569985 7.18400341169706e-05 0 0 0 0 0 0 0 0 0 0 0 0 0 0 0 0 0.99999705 1.07121426428632e-06 0.99999705 1.07121426428632e-06 0 0 0 0 0 0 0.0215041 0.000321278351278141 0 0 0 0 0 0 0 0 0 0 0 0 0 0 0.5 0.921954445729289 0.5 0.921954445729289 0 0 0 0 0 0 0.1 1.38777878078145e-17 1 0 0 0 48323330 156776.77793602 0 0 0 0 0 0 0 0 0 0 48323330 156776.77793602 48323330 156776.77793602 0 0 0 0 0 0 0 0 0 0 0 0 0 0 0.0215041 0.000321278351278141 0 0 0 0 0 0 0 0 0 0 0 0 0 0 0.00081569985 7.18400341169706e-05 nan nan nan nan nan nan 25.979476 26.7239318482039 0 0 0 0 0 0 0 0 
19 48351275 213966.994826305 48351275 213966.994826305 0 0 0 0 0 0 35.3 4.25558456619064 0.0009015782 9.94785298381515e-05 0 0 0 0 0 0 0 0 0 0 0 0 0 0 0 0 0.99999675 1.29903810569265e-06 0.99999675 1.29903810569265e-06 0 0 0 0 0 0 0.02262748 0.0004417320778481 0 0 0 0 0 0 0 0 0 0 0 0 0 0 0.55 0.973396116696589 0.55 0.973396116696589 0 0 0 0 0 0 0.1 1.38777878078145e-17 1 0 0 0 48351275 213966.994826305 0 0 0 0 0 0 0 0 0 0 48351275 213966.994826305 48351275 213966.994826305 0 0 0 0 0 0 0 0 0 0 0 0 0 0 0.02262748 0.0004417320778481 0 0 0 0 0 0 0 0 0 0 0 0 0 0 0.0009015782 9.94785298381515e-05 nan nan nan nan nan nan 21.44141845 29.5269034761994 0 0 0 0 0 0 0 0 
20 48357335 245614.027032252 48357335 245614.027032252 0 0 0 0 0 0 37.6 4.2 0.00095085215 0.000107977111146888 0 0 0 0 0 0 0 0 0 0 0 0 0 0 0 0 0.9999964 1.2409673646133e-06 0.9999964 1.2409673646133e-06 0 0 0 0 0 0 0.023652345 0.00055099378079521 0 0 0 0 0 0 0 0 0 0 0 0 0 0 0.75 0.887411967464942 0.75 0.887411967464942 0 0 0 0 0 0 0.1 1.38777878078145e-17 1 0 0 0 48357335 245614.027032252 0 0 0 0 0 0 0 0 0 0 48357335 245614.027032252 48357335 245614.027032252 0 0 0 0 0 0 0 0 0 0 0 0 0 0 0.023652345 0.00055099378079521 0 0 0 0 0 0 0 0 0 0 0 0 0 0 0.00095085215 0.000107977111146888 nan nan nan nan nan nan 24.8108788 25.9358837445129 0 0 0 0 0 0 0 0 
21 48550090 139810.632285245 48550090 139810.632285245 0 0 0 0 0 0 40.85 3.87653195524041 0.00106144785 9.63470307613447e-05 0 0 0 0 0 0 0 0 0 0 0 0 0 0 0 0 0.99999645 1.35922772192181e-06 0.99999645 1.35922772192181e-06 0 0 0 0 0 0 0.02514726 0.00032465641130278 0 0 0 0 0 0 0 0 0 0 0 0 0 0 0.45 0.668954408012983 0.45 0.668954408012983 0 0 0 0 0 0 0.1 1.38777878078145e-17 1 0 0 0 48550090 139810.632285245 0 0 0 0 0 0 0 0 0 0 48550090 139810.632285245 48550090 139810.632285245 0 0 0 0 0 0 0 0 0 0 0 0 0 0 0.02514726 0.00032465641130278 0 0 0 0 0 0 0 0 0 0 0 0 0 0 0.00106144785 9.63470307613447e-05 nan nan nan nan nan nan 17.9319173 17.705093818187 0 0 0 0 0 0 0 0 
22 48614290 134673.645900005 48614290 134673.645900005 0 0 0 0 0 0 42.45 5.07419944424734 0.00111718185 0.000125824430133132 0 0 0 0 0 0 0 0 0 0 0 0 0 0 0 0 0.9999961 1.30000000000279e-06 0.9999961 1.30000000000279e-06 0 0 0 0 0 0 0.026366395 0.000342262502291735 0 0 0 0 0 0 0 0 0 0 0 0 0 0 0.35 0.653834841531101 0.35 0.653834841531101 0 0 0 0 0 0 0.1 1.38777878078145e-17 1 0 0 0 48614290 134673.645900005 0 0 0 0 0 0 0 0 0 0 48614290 134673.645900005 48614290 134673.645900005 0 0 0 0 0 0 0 0 0 0 0 0 0 0 0.026366395 0.000342262502291735 0 0 0 0 0 0 0 0 0 0 0 0 0 0 0.00111718185 0.000125824430133132 nan nan nan nan nan nan 17.6298336 23.6001680349347 0 0 0 0 0 0 0 0 
23 48570240 247630.374550458 48570240 247630.374550458 0 0 0 0 0 0 44.25 6.9632966330611 0.00115684275 0.000168936426401435 0 0 0 0 0 0 0 0 0 0 0 0 0 0 0 0 0.9999951 1.64012194669357e-06 0.9999951 1.64012194669357e-06 0 0 0 0 0 0 0.02734492 0.000628342664952811 0 0 0 0 0 0 0 0 0 0 0 0 0 0 0.85 1.27573508221731 0.85 1.27573508221731 0 0 0 0 0 0 0.1 1.38777878078145e-17 1 0 0 0 48570240 247630.374550458 0 0 0 0 0 0 0 0 0 0 48570240 247630.374550458 48570240 247630.374550458 0 0 0 0 0 0 0 0 0 0 0 0 0 0 0.02734492 0.000628342664952811 0 0 0 0 0 0 0 0 0 0 0 0 0 0 0.00115684275 0.000168936426401435 nan nan nan nan nan nan 14.6051995 19.8549744696373 0 0 0 0 0 0 0 0 
24 48690955 112052.248861859 48690955 112052.248861859 0 0 0 0 0 0 46.15 4.714604967545 0.00123082085 0.000117420817131067 0 0 0 0 0 0 0 0 0 0 0 0 0 0 0 0 0.99999585 1.01365674663442e-06 0.99999585 1.01365674663442e-06 0 0 0 0 0 0 0.02872224 0.000284862551768392 0 0 0 0 0 0 0 0 0 0 0 0 0 0 0.8 1.32664991614216 0.8 1.32664991614216 0 0 0 0 0 0 0.1 1.38777878078145e-17 1 0 0 0 48690955 112052.248861859 0 0 0 0 0 0 0 0 0 0 48690955 112052.248861859 48690955 112052.248861859 0 0 0 0 0 0 0 0 0 0 0 0 0 0 0.02872224 0.000284862551768392 0 0 0 0 0 0 0 0 0 0 0 0 0 0 0.00123082085 0.000117420817131067 nan nan nan nan nan nan 14.02103605 23.4584509157398 0 0 0 0 0 0 0 0 
25 48700645 152385.17800298 48700645 152385.17800298 0 0 0 0 0 0 49.6 8.90730037665734 0.0013188085 0.00022541559154759 0 0 0 0 0 0 0 0 0 0 0 0 0 0 0 0 0.99999445 1.85674446275811e-06 0.99999445 1.85674446275811e-06 0 0 0 0 0 0 0.029815945 0.00043797810387621 0 0 0 0 0 0 0 0 0 0 0 0 0 0 0.7 0.640312423743285 0.7 0.640312423743285 0 0 0 0 0 0 0.1 1.38777878078145e-17 1 0 0 0 48700645 152385.17800298 0 0 0 0 0 0 0 0 0 0 48700645 152385.17800298 48700645 152385.17800298 0 0 0 0 0 0 0 0 0 0 0 0 0 0 0.029815945 0.00043797810387621 0 0 0 0 0 0 0 0 0 0 0 0 0 0 0.0013188085 0.00022541559154759 nan nan nan nan nan nan 17.302405 21.852954404461 0 0 0 0 0 0 0 0 
26 48757600 106827.444975531 48757600 106827.444975531 0 0 0 0 0 0 49.95 5.58099453502689 0.0013443465 0.000132157970220301 0 0 0 0 0 0 0 0 0 0 0 0 0 0 0 0 0.9999943 1.92613602841233e-06 0.9999943 1.92613602841233e-06 0 0 0 0 0 0 0.03102712 0.000309168636184203 0 0 0 0 0 0 0 0 0 0 0 0 0 0 1.8 3.45832329315812 1.8 3.45832329315812 0 0 0 0 0 0 0.1 1.38777878078145e-17 1 0 0 0 48757600 106827.444975531 0 0 0 0 0 0 0 0 0 0 48757600 106827.444975531 48757600 106827.444975531 0 0 0 0 0 0 0 0 0 0 0 0 0 0 0.03102712 0.000309168636184203 0 0 0 0 0 0 0 0 0 0 0 0 0 0 0.0013443465 0.000132157970220301 nan nan nan nan nan nan 26.6414763 32.3877336028651 0 0 0 0 0 0 0 0 
27 48798195 146583.94003096 48798195 146583.94003096 0 0 0 0 0 0 50.7 6.25379884550183 0.0014225305 0.000129179281793754 0 0 0 0 0 0 0 0 0 0 0 0 0 0 0 0 0.9999933 2.74043792121098e-06 0.9999933 2.74043792121098e-06 0 0 0 0 0 0 0.032275025 0.000403619329164251 0 0 0 0 0 0 0 0 0 0 0 0 0 0 1.25 1.54515371403624 1.25 1.54515371403624 0 0 0 0 0 0 0.1 1.38777878078145e-17 1 0 0 0 48798195 146583.94003096 0 0 0 0 0 0 0 0 0 0 48798195 146583.94003096 48798195 146583.94003096 0 0 0 0 0 0 0 0 0 0 0 0 0 0 0.032275025 0.000403619329164251 0 0 0 0 0 0 0 0 0 0 0 0 0 0 0.0014225305 0.000129179281793754 nan nan nan nan nan nan 14.73921205 27.3898823307286 0 0 0 0 0 0 0 0 
28 48850440 82925.0529092385 48850440 82925.0529092385 0 0 0 0 0 0 56.7 8.57962703152066 0.001553703 0.000209769583164481 0 0 0 0 0 0 0 0 0 0 0 0 0 0 0 0 0.9999928 2.8913664589627e-06 0.9999928 2.8913664589627e-06 0 0 0 0 0 0 0.033522425 0.000288049387909435 0 0 0 0 0 0 0 0 0 0 0 0 0 0 4.75 8.04906826906071 4.75 8.04906826906071 0 0 0 0 0 0 0.1 1.38777878078145e-17 1 0 0 0 48850440 82925.0529092385 0 0 0 0 0 0 0 0 0 0 48850440 82925.0529092385 48850440 82925.0529092385 0 0 0 0 0 0 0 0 0 0 0 0 0 0 0.033522425 0.000288049387909435 0 0 0 0 0 0 0 0 0 0 0 0 0 0 0.001553703 0.000209769583164481 nan nan nan nan nan nan 20.9795366 28.7178899773608 0 0 0 0 0 0 0 0 
29 48845095 176747.691569084 48845095 176747.691569084 0 0 0 0 0 0 58.45 9.62535713623136 0.001612575 0.000243715669428537 0 0 0 0 0 0 0 0 0 0 0 0 0 0 0 0 0.9999924 1.71464281996062e-06 0.9999924 1.71464281996062e-06 0 0 0 0 0 0 0.03463644 0.00057951541083909 0 0 0 0 0 0 0 0 0 0 0 0 0 0 2.25 3.60381742045848 2.25 3.60381742045848 0 0 0 0 0 0 0.1 1.38777878078145e-17 1 0 0 0 48845095 176747.691569084 0 0 0 0 0 0 0 0 0 0 48845095 176747.691569084 48845095 176747.691569084 0 0 0 0 0 0 0 0 0 0 0 0 0 0 0.03463644 0.00057951541083909 0 0 0 0 0 0 0 0 0 0 0 0 0 0 0.001612575 0.000243715669428537 nan nan nan nan nan nan 13.00941005 23.3102680875715 0 0 0 0 0 0 0 0 
30 48908150 91441.8421730446 48908150 91441.8421730446 0 0 0 0 0 0 63.75 9.5910114169466 0.001772657 0.000255862196037242 0 0 0 0 0 0 0 0 0 0 0 0 0 0 0 0 0.99999065 3.51105397280426e-06 0.99999065 3.51105397280426e-06 0 0 0 0 0 0 0.03595201 0.000323199405785346 0 0 0 0 0 0 0 0 0 0 0 0 0 0 2.75 2.52735039122002 2.75 2.52735039122002 0 0 0 0 0 0 0.1 1.38777878078145e-17 1 0 0 0 48908150 91441.8421730446 0 0 0 0 0 0 0 0 0 0 48908150 91441.8421730446 48908150 91441.8421730446 0 0 0 0 0 0 0 0 0 0 0 0 0 0 0.03595201 0.000323199405785346 0 0 0 0 0 0 0 0 0 0 0 0 0 0 0.001772657 0.000255862196037242 nan nan nan nan nan nan 10.68917135 19.7124197852624 0 0 0 0 0 0 0 0 
31 48945760 78730.0666835739 48945760 78730.0666835739 0 0 0 0 0 0 71.3 23.1950425737915 0.001956592 0.000558573232222956 0 0 0 0 0 0 0 0 0 0 0 0 0 0 0 0 0.99999055 4.04320417491606e-06 0.99999055 4.04320417491606e-06 0 0 0 0 0 0 0.037222845 0.000343081058169931 0 0 0 0 0 0 0 0 0 0 0 0 0 0 6.3 13.4018655417819 6.3 13.4018655417819 0 0 0 0 0 0 0.1 1.38777878078145e-17 1 0 0 0 48945760 78730.0666835739 0 0 0 0 0 0 0 0 0 0 48945760 78730.0666835739 48945760 78730.0666835739 0 0 0 0 0 0 0 0 0 0 0 0 0 0 0.037222845 0.000343081058169931 0 0 0 0 0 0 0 0 0 0 0 0 0 0 0.001956592 0.000558573232222956 nan nan nan nan nan nan 9.8203902 20.7890796605623 0 0 0 0 0 0 0 0 
32 48964265 70909.4371363925 48964265 70909.4371363925 0 0 0 0 0 0 71.3 15.3788816238373 0.0019750425 0.000371083654111509 0 0 0 0 0 0 0 0 0 0 0 0 0 0 0 0 0.99999055 3.73463518968475e-06 0.99999055 3.73463518968475e-06 0 0 0 0 0 0 0.038371385 0.000287564109852046 0 0 0 0 0 0 0 0 0 0 0 0 0 0 5.4 8.35703296631047 5.4 8.35703296631047 0 0 0 0 0 0 0.1 1.38777878078145e-17 1 0 0 0 48964265 70909.4371363925 0 0 0 0 0 0 0 0 0 0 48964265 70909.4371363925 48964265 70909.4371363925 0 0 0 0 0 0 0 0 0 0 0 0 0 0 0.038371385 0.000287564109852046 0 0 0 0 0 0 0 0 0 0 0 0 0 0 0.0019750425 0.000371083654111509 nan nan nan nan nan nan 15.71099665 25.6267809628456 0 0 0 0 0 0 0 0 
33 48985910 68857.7947657344 48985910 68857.7947657344 0 0 0 0 0 0 81.65 23.0375237384577 0.0022545 0.000565050739987127 0 0 0 0 0 0 0 0 0 0 0 0 0 0 0 0 0.9999868 6.28171950980552e-06 0.9999868 6.28171950980552e-06 0 0 0 0 0 0 0.039645555 0.000268906077422954 0 0 0 0 0 0 0 0 0 0 0 0 0 0 6.25 9.52299847737046 6.25 9.52299847737046 0 0 0 0 0 0 0.1 1.38777878078145e-17 1 0 0 0 48985910 68857.7947657344 0 0 0 0 0 0 0 0 0 0 48985910 68857.7947657344 48985910 68857.7947657344 0 0 0 0 0 0 0 0 0 0 0 0 0 0 0.039645555 0.000268906077422954 0 0 0 0 0 0 0 0 0 0 0 0 0 0 0.0022545 0.000565050739987127 nan nan nan nan nan nan 3.7071707 6.17243112611185 0 0 0 0 0 0 0 0 
34 49038555 52957.1097681888 49038555 52957.1097681888 0 0 0 0 0 0 78.2 16.7618614718056 0.002189089 0.000395607996720238 0 0 0 0 0 0 0 0 0 0 0 0 0 0 0 0 0.9999894 5.08330601085276e-06 0.9999894 5.08330601085276e-06 0 0 0 0 0 0 0.04090802 0.000197710775123663 0 0 0 0 0 0 0 0 0 0 0 0 0 0 7.5 13.6729660278961 7.5 13.6729660278961 0 0 0 0 0 0 0.1 1.38777878078145e-17 1 0 0 0 49038555 52957.1097681888 0 0 0 0 0 0 0 0 0 0 49038555 52957.1097681888 49038555 52957.1097681888 0 0 0 0 0 0 0 0 0 0 0 0 0 0 0.04090802 0.000197710775123663 0 0 0 0 0 0 0 0 0 0 0 0 0 0 0.002189089 0.000395607996720238 nan nan nan nan nan nan 4.394294 10.5858153231112 0 0 0 0 0 0 0 0 
35 49035520 58520.3007511069 49035520 58520.3007511069 0 0 0 0 0 0 102.55 50.4514370459356 0.002810163 0.00124152522523346 0 0 0 0 0 0 0 0 0 0 0 0 0 0 0 0 0.9999834 1.14778046681297e-05 0.9999834 1.14778046681297e-05 0 0 0 0 0 0 0.042229465 0.00035695938603012 0 0 0 0 0 0 0 0 0 0 0 0 0 0 8.7 9.21466222929522 8.7 9.21466222929522 0 0 0 0 0 0 0.1 1.38777878078145e-17 1 0 0 0 49035520 58520.3007511069 0 0 0 0 0 0 0 0 0 0 49035520 58520.3007511069 49035520 58520.3007511069 0 0 0 0 0 0 0 0 0 0 0 0 0 0 0.042229465 0.00035695938603012 0 0 0 0 0 0 0 0 0 0 0 0 0 0 0.002810163 0.00124152522523346 nan nan nan nan nan nan 3.8448956 3.6951659993981 0 0 0 0 0 0 0 0 
36 49076645 28690.3725141379 49076645 28690.3725141379 0 0 0 0 0 0 100.3 27.631684711577 0.002765468 0.000704261524120124 0 0 0 0 0 0 0 0 0 0 0 0 0 0 0 0 0.99998205 9.83094603789768e-06 0.99998205 9.83094603789768e-06 0 0 0 0 0 0 0.04345584 0.000199511719956499 0 0 0 0 0 0 0 0 0 0 0 0 0 0 9.35 12.1625449639457 9.35 12.1625449639457 0 0 0 0 0 0 0.1 1.38777878078145e-17 1 0 0 0 49076645 28690.3725141379 0 0 0 0 0 0 0 0 0 0 49076645 28690.3725141379 49076645 28690.3725141379 0 0 0 0 0 0 0 0 0 0 0 0 0 0 0.04345584 0.000199511719956499 0 0 0 0 0 0 0 0 0 0 0 0 0 0 0.002765468 0.000704261524120124 nan nan nan nan nan nan 7.3471029 11.6996727331877 0 0 0 0 0 0 0 0 
37 49082465 33154.5061039974 49082465 33154.5061039974 0 0 0 0 0 0 121.35 36.8717710450692 0.003302349 0.000910888168634877 0 0 0 0 0 0 0 0 0 0 0 0 0 0 0 0 0.9999788 8.48292402417519e-06 0.9999788 8.48292402417519e-06 0 0 0 0 0 0 0.044796295 0.000220721488475862 0 0 0 0 0 0 0 0 0 0 0 0 0 0 10.1 7.23118247591637 10.1 7.23118247591637 0 0 0 0 0 0 0.1 1.38777878078145e-17 1 0 0 0 49082465 33154.5061039974 0 0 0 0 0 0 0 0 0 0 49082465 33154.5061039974 49082465 33154.5061039974 0 0 0 0 0 0 0 0 0 0 0 0 0 0 0.044796295 0.000220721488475862 0 0 0 0 0 0 0 0 0 0 0 0 0 0 0.003302349 0.000910888168634877 nan nan nan nan nan nan 4.2433635 2.38379733667163 0 0 0 0 0 0 0 0 
38 49072535 51683.2494624709 49072535 51683.2494624709 0 0 0 0 0 0 150.6 53.2263092840373 0.004057886 0.00132202301283071 0 0 0 0 0 0 0 0 0 0 0 0 0 0 0 0 0.9999711 1.15624391890271e-05 0.9999711 1.15624391890271e-05 0 0 0 0 0 0 0.046160315 0.000326302225360171 0 0 0 0 0 0 0 0 0 0 0 0 0 0 21.05 16.6417396927124 21.05 16.6417396927124 0 0 0 0 0 0 0.1 1.38777878078145e-17 1 0 0 0 49072535 51683.2494624709 0 0 0 0 0 0 0 0 0 0 49072535 51683.2494624709 49072535 51683.2494624709 0 0 0 0 0 0 0 0 0 0 0 0 0 0 0.046160315 0.000326302225360171 0 0 0 0 0 0 0 0 0 0 0 0 0 0 0.004057886 0.00132202301283071 nan nan nan nan nan nan 5.6051085 2.99640445231994 0 0 0 0 0 0 0 0 
39 49074735 68476.4505140271 49074735 68476.4505140271 0 0 0 0 0 0 152.85 74.4501678977287 0.0041450095 0.00186994004605622 0 0 0 0 0 0 0 0 0 0 0 0 0 0 0 0 0.99997035 1.84966888928736e-05 0.99997035 1.84966888928736e-05 0 0 0 0 0 0 0.04732608 0.000530710596841631 0 0 0 0 0 0 0 0 0 0 0 0 0 0 23.55 19.080028825974 23.55 19.080028825974 0 0 0 0 0 0 0.1 1.38777878078145e-17 1 0 0 0 49074735 68476.4505140271 0 0 0 0 0 0 0 0 0 0 49074735 68476.4505140271 49074735 68476.4505140271 0 0 0 0 0 0 0 0 0 0 0 0 0 0 0.04732608 0.000530710596841631 0 0 0 0 0 0 0 0 0 0 0 0 0 0 0.0041450095 0.00186994004605622 nan nan nan nan nan nan 5.57473935 4.10858898117271 0 0 0 0 0 0 0 0 
40 49046170 151451.292830401 49046170 151451.292830401 0 0 0 0 0 0 215.55 169.032385950149 0.0058184985 0.00438917546426237 0 0 0 0 0 0 0 0 0 0 0 0 0 0 0 0 0.9999516 5.15358127907145e-05 0.9999516 5.15358127907145e-05 0 0 0 0 0 0 0.048998205 0.00114480070775441 0 0 0 0 0 0 0 0 0 0 0 0 0 0 37 50.6981261981151 37 50.6981261981151 0 0 0 0 0 0 0.1 1.38777878078145e-17 1 0 0 0 49046170 151451.292830401 0 0 0 0 0 0 0 0 0 0 49046170 151451.292830401 49046170 151451.292830401 0 0 0 0 0 0 0 0 0 0 0 0 0 0 0.048998205 0.00114480070775441 0 0 0 0 0 0 0 0 0 0 0 0 0 0 0.0058184985 0.00438917546426237 nan nan nan nan nan nan 10.376251 10.5294929607384 0 0 0 0 0 0 0 0 
41 49019600 150206.887325449 49019600 150206.887325449 0 0 0 0 0 0 257.4 169.898911120701 0.0068643035 0.0044131328646442 0 0 0 0 0 0 0 0 0 0 0 0 0 0 0 0 0.99993325 5.45095175175804e-05 0.99993325 5.45095175175804e-05 0 0 0 0 0 0 0.05045911 0.00119719041421989 0 0 0 0 0 0 0 0 0 0 0 0 0 0 55.8 55.8682378458458 55.8 55.8682378458458 0 0 0 0 0 0 0.1 1.38777878078145e-17 1 0 0 0 49019600 150206.887325449 0 0 0 0 0 0 0 0 0 0 49019600 150206.887325449 49019600 150206.887325449 0 0 0 0 0 0 0 0 0 0 0 0 0 0 0.05045911 0.00119719041421989 0 0 0 0 0 0 0 0 0 0 0 0 0 0 0.0068643035 0.0044131328646442 nan nan nan nan nan nan 10.691942 8.97751681438893 0 0 0 0 0 0 0 0 
42 48738440 476958.392734628 48738440 476958.392734628 0 0 0 0 0 0 578.95 513.974656476367 0.0161963825 0.0160124018720028 0 0 0 0 0 0 0 0 0 0 0 0 0 0 0 0 0.9998487 0.000173481728144492 0.9998487 0.000173481728144492 0 0 0 0 0 0 0.054313195 0.0045589156827556 0 0 0 0 0 0 0 0 0 0 0 0 0 0 112.55 120.164252171767 112.55 120.164252171767 0 0 0 0 0 0 0.1 1.38777878078145e-17 1 0 0 0 48738440 476958.392734628 0 0 0 0 0 0 0 0 0 0 48738440 476958.392734628 48738440 476958.392734628 0 0 0 0 0 0 0 0 0 0 0 0 0 0 0.054313195 0.0045589156827556 0 0 0 0 0 0 0 0 0 0 0 0 0 0 0.0161963825 0.0160124018720028 nan nan nan nan nan nan 25.2870385 23.5785936119265 0 0 0 0 0 0 0 0 
43 48488420 484526.762521948 48488420 484526.762521948 0 0 0 0 0 0 859.9 519.257633550052 0.0242176415 0.0161752149425265 0 0 0 0 0 0 0 0 0 0 0 0 0 0 0 0 0.99972575 0.000202132351443305 0.99972575 0.000202132351443305 0 0 0 0 0 0 0.057878285 0.00474195664850228 0 0 0 0 0 0 0 0 0 0 0 0 0 0 201.85 133.273506369421 201.85 133.273506369421 0 0 0 0 0 0 0.1 1.38777878078145e-17 1 0 0 0 48488420 484526.762521948 0 0 0 0 0 0 0 0 0 0 48488420 484526.762521948 48488420 484526.762521948 0 0 0 0 0 0 0 0 0 0 0 0 0 0 0.057878285 0.00474195664850228 0 0 0 0 0 0 0 0 0 0 0 0 0 0 0.0242176415 0.0161752149425265 nan nan nan nan nan nan 37.516998 23.9841769434741 0 0 0 0 0 0 0 0 
44 48106030 723944.897143422 48106030 723944.897143422 0 0 0 0 0 0 1286.45 764.792421183683 0.038716326 0.025271018658642 0 0 0 0 0 0 0 0 0 0 0 0 0 0 0 0 0.9996188 0.000251397016688741 0.9996188 0.000251397016688741 0 0 0 0 0 0 0.063640375 0.00770867157257818 0 0 0 0 0 0 0 0 0 0 0 0 0 0 276.6 184.198642774587 276.6 184.198642774587 0 0 0 0 0 0 0.1 1.38777878078145e-17 1 0 0 0 48106030 723944.897143422 0 0 0 0 0 0 0 0 0 0 48106030 723944.897143422 48106030 723944.897143422 0 0 0 0 0 0 0 0 0 0 0 0 0 0 0.063640375 0.00770867157257818 0 0 0 0 0 0 0 0 0 0 0 0 0 0 0.038716326 0.025271018658642 nan nan nan nan nan nan 53.8850845 33.1439607370169 0 0 0 0 0 0 0 0 
45 47780745 725941.910537613 47780745 725941.910537613 0 0 0 0 0 0 1652.25 783.137655524238 0.0514973935 0.0269530051850559 0 0 0 0 0 0 0 0 0 0 0 0 0 0 0 0 0.99950525 0.000276183068814861 0.99950525 0.000276183068814861 0 0 0 0 0 0 0.069130405 0.0085283435439407 0 0 0 0 0 0 0 0 0 0 0 0 0 0 359.85 209.988874705304 359.85 209.988874705304 0 0 0 0 0 0 0.1 1.38777878078145e-17 1 0 0 0 47780745 725941.910537613 0 0 0 0 0 0 0 0 0 0 47780745 725941.910537613 47780745 725941.910537613 0 0 0 0 0 0 0 0 0 0 0 0 0 0 0.069130405 0.0085283435439407 0 0 0 0 0 0 0 0 0 0 0 0 0 0 0.0514973935 0.0269530051850559 nan nan nan nan nan nan 66.723635 32.419588467673 0 0 0 0 0 0 0 0 
46 47137910 534784.314373561 47137910 534784.314373561 0 0 0 0 0 0 2324.75 568.031942323669 0.07655162 0.0217722869538457 0 0 0 0 0 0 0 0 0 0 0 0 0 0 0 0 0.99930345 0.000243392784404141 0.99930345 0.000243392784404141 0 0 0 0 0 0 0.078885815 0.00720936448497889 0 0 0 0 0 0 0 0 0 0 0 0 0 0 560.85 165.015234145215 560.85 165.015234145215 0 0 0 0 0 0 0.1 1.38777878078145e-17 1 0 0 0 47137910 534784.314373561 0 0 0 0 0 0 0 0 0 0 47137910 534784.314373561 47137910 534784.314373561 0 0 0 0 0 0 0 0 0 0 0 0 0 0 0.078885815 0.00720936448497889 0 0 0 0 0 0 0 0 0 0 0 0 0 0 0.07655162 0.0217722869538457 nan nan nan nan nan nan 88.759 20.6846134729417 0 0 0 0 0 0 0 0 
47 47054160 568841.760422 47054160 568841.760422 0 0 0 0 0 0 2411.9 603.475177617108 0.080496765 0.0234393828208909 0 0 0 0 0 0 0 0 0 0 0 0 0 0 0 0 0.9992572 0.000230616044541576 0.9992572 0.000230616044541576 0 0 0 0 0 0 0.081884215 0.00797372677142094 0 0 0 0 0 0 0 0 0 0 0 0 0 0 523.9 145.577436438481 523.9 145.577436438481 0 0 0 0 0 0 0.1 1.38777878078145e-17 1 0 0 0 47054160 568841.760422 0 0 0 0 0 0 0 0 0 0 47054160 568841.760422 47054160 568841.760422 0 0 0 0 0 0 0 0 0 0 0 0 0 0 0.081884215 0.00797372677142094 0 0 0 0 0 0 0 0 0 0 0 0 0 0 0.080496765 0.0234393828208909 nan nan nan nan nan nan 87.252895 22.1180773419951 0 0 0 0 0 0 0 0 
48 46600735 104154.506743587 46600735 104154.506743587 0 0 0 0 0 0 2891.5 92.3344464433507 0.100952865 0.00462954696922658 0 0 0 0 0 0 0 0 0 0 0 0 0 0 0 0 0.99908695 0.000156963204286864 0.99908695 0.000156963204286864 0 0 0 0 0 0 0.090907715 0.00173537111571992 0 0 0 0 0 0 0 0 0 0 0 0 0 0 626.05 119.535549105695 626.05 119.535549105695 0 0 0 0 0 0 0.1 1.38777878078145e-17 1 0 0 0 46600735 104154.506743587 0 0 0 0 0 0 0 0 0 0 46600735 104154.506743587 46600735 104154.506743587 0 0 0 0 0 0 0 0 0 0 0 0 0 0 0.090907715 0.00173537111571992 0 0 0 0 0 0 0 0 0 0 0 0 0 0 0.100952865 0.00462954696922658 nan nan nan nan nan nan 99.971975 0.0254167636610157 0 0 0 0 0 0 0 0 
49 46456295 90585.6306209765 46456295 90585.6306209765 0 0 0 0 0 0 3011.75 62.7613535545562 0.106941175 0.00316537136555492 0 0 0 0 0 0 0 0 0 0 0 0 0 0 0 0 0.9991082 0.000199540371854915 0.9991082 0.000199540371854915 0 0 0 0 0 0 0.095033615 0.00120466452644502 0 0 0 0 0 0 0 0 0 0 0 0 0 0 675.4 151.552763089295 675.4 151.552763089295 0 0 0 0 0 0 0.1 1.38777878078145e-17 1 0 0 0 46456295 90585.6306209765 0 0 0 0 0 0 0 0 0 0 46456295 90585.6306209765 46456295 90585.6306209765 0 0 0 0 0 0 0 0 0 0 0 0 0 0 0.095033615 0.00120466452644502 0 0 0 0 0 0 0 0 0 0 0 0 0 0 0.106941175 0.00316537136555492 nan nan nan nan nan nan 99.9691 0.0389097031600099 0 0 0 0 0 0 0 0 
50 46316395 90408.210218984 46316395 90408.210218984 0 0 0 0 0 0 3167.5 79.6733958106469 0.11544265 0.00420698228276517 0 0 0 0 0 0 0 0 0 0 0 0 0 0 0 0 0.99890945 0.0002129961208567 0.99890945 0.0002129961208567 0 0 0 0 0 0 0.100402415 0.00167921659093608 0 0 0 0 0 0 0 0 0 0 0 0 0 0 694.2 121.169550630511 694.2 121.169550630511 0 0 0 0 0 0 0.1 1.38777878078145e-17 1 0 0 0 46316395 90408.210218984 0 0 0 0 0 0 0 0 0 0 46316395 90408.210218984 46316395 90408.210218984 0 0 0 0 0 0 0 0 0 0 0 0 0 0 0.100402415 0.00167921659093608 0 0 0 0 0 0 0 0 0 0 0 0 0 0 0.11544265 0.00420698228276517 nan nan nan nan nan nan 99.96799 0.0188332392328034 0 0 0 0 0 0 0 0 
