#1-sta 2-avgThroughput 3-stdThroughput 4-JFI 5-stdJFI 6-Bandwidth 7-avgDelay 8-stdDelay 9-avgBackoffStage 10-stdBackoffStage 11-totalFractionOfCollisionSlots 12.stdCollidingSlots 13.avgThroughputDCF 14. stdThroughputDCF 15.avgThroughputECA 16.stdThroughputECA 17.Sum of 15 and 16 18. std of 17 19. AvgBlockingProb 20. StdBlockingProb 21. AvgDroppedPackets 22.StdDropped 23.SxSlots 24.stdSxSlots 25.ColSlots 26.StdColSlots 27.EmptySlots 28.stdEmpty 29.totalSlots 30.stdTotalSlots 31.averageTAU 32.stdTAU 33.avgQSize 34.stdQSize 35.avgQEmpty 36.stdQEmpty 37. avgQDelay 38. stdQDelay
2 2.00174e+06 10235.9 0.999968 4.38759e-05 1e+06 0.000253905 4.43724e-07 0 0 1.32376e-06 4.21147e-07 0 0 1.0009e+06 5110.25 2.0018e+06 10219.5 0 0 0 0 24433.4 125.11 13.8384 4.40318 1.04293e+07 3462.03 1.04537e+07 3349.8 0.00116997 6.30668e-06 0.0555556 0.157135 23656.3 117.022 0.000266341 0
3 3.00026e+06 12213.3 0.999937 6.13081e-05 1e+06 0.000255908 5.80983e-07 0 0 7.44277e-06 9.21065e-07 0 0 1.0002e+06 4075.29 3.00059e+06 12225.6 0 0 0 0 36613.4 148.857 75.3535 9.32284 1.00877e+07 4168.99 1.01244e+07 4015.47 0.00121041 5.42229e-06 0.026936 0.0908466 35432.7 137.462 0.000272264 0
4 3.99915e+06 14939.7 0.999935 4.5779e-05 1e+06 0.000259103 6.5294e-07 0 0 2.2292e-05 1.571e-06 0 0 1.00002e+06 3721.68 4.0001e+06 14888.1 0 0 0 0 48784.5 181.525 218.303 15.3501 9.74398e+06 5185.07 9.79299e+06 4999.53 0.00125658 5.50327e-06 0.0353535 0.10666 47195.5 169.428 0.000279506 0
5 4.99921e+06 19025.8 0.999937 4.66515e-05 1e+06 0.000263505 8.92121e-07 0 0 4.95342e-05 2.73369e-06 0 0 1.00026e+06 3805.64 5.00131e+06 19026.6 0 0 0 0 60950.9 230.838 468.515 25.7918 9.39708e+06 6563.7 9.4585e+06 6328.87 0.00130877 5.96348e-06 0.0383838 0.105128 58947 215.123 0.000288035 0
6 5.99622e+06 21831.8 0.999928 4.39009e-05 1e+06 0.000269305 9.08729e-07 0.006734 0.0468969 9.35717e-05 3.22531e-06 0 0 1.00001e+06 3633.48 6.00006e+06 21799.3 0 0 0 0 73052.6 264.488 853.525 29.1476 9.04781e+06 7673.91 9.12172e+06 7400.31 0.00136637 6.34778e-06 0.0420876 0.083227 70629.3 252.382 0.000298116 0
7 6.99463e+06 22554.5 0.99993 4.02656e-05 1e+06 0.000276721 1.15356e-06 0 0 0.000160425 4.91617e-06 0 0 1.00013e+06 3228.2 7.00093e+06 22599.3 0 0 0 0 85139.6 271.482 1408.56 42.6267 8.69372e+06 8054.57 8.78027e+06 7768.64 0.00143186 6.26121e-06 0.021645 0.0550992 82304.1 259.147 0.000309979 0
8 7.99047e+06 25089.2 0.999932 3.56186e-05 1e+06 0.000286196 1.31131e-06 0.00378788 0.0278351 0.000257718 6.17015e-06 0 0 1.00004e+06 3142.71 8.0003e+06 25140.9 0 0 0 0 97142.4 301.878 2173.73 50.9261 8.33531e+06 9071.31 8.43463e+06 8748.96 0.00150552 6.78608e-06 0.0429293 0.077772 93900.3 285.966 0.000324163 0
9 8.98711e+06 27902.6 0.99993 3.14601e-05 1e+06 0.000297578 1.64042e-06 0.003367 0.0247423 0.000389787 9.1097e-06 0 0 1.00011e+06 3106.61 9.00099e+06 27960.1 0 0 0 0 109101 332.02 3150.85 71.8056 7.97138e+06 10147.7 8.08364e+06 9790.9 0.0015886 7.34185e-06 0.0426487 0.0645512 105454 311.842 0.000340503 0
10 9.98221e+06 29339.6 0.999929 3.11172e-05 1e+06 0.000311625 1.80591e-06 0.00808081 0.0367266 0.000568764 1.06691e-05 0 0 1.00015e+06 2948.92 1.00015e+07 29489.2 0 0 0 0 120973 346.318 4394.64 78.8408 7.6014e+06 10921.2 7.72677e+06 10537.4 0.00168307 7.94413e-06 0.0434343 0.0818494 116917 328.355 0.000359878 0
11 1.09752e+07 29866.7 0.999929 3.01913e-05 1e+06 0.000328398 2.10494e-06 0.0183655 0.0658601 0.000802338 1.32762e-05 0 0 1.00011e+06 2747.57 1.10012e+07 30224.3 0 0 0 0 132733 358.433 5908.56 92.468 7.22565e+06 11341.7 7.36429e+06 10940.3 0.00178997 8.35073e-06 0.0569329 0.0853055 128286 333.236 0.000382381 0
12 1.1968e+07 29805.1 0.999928 3.30235e-05 1e+06 0.000348882 2.44338e-06 0.0117845 0.0488506 0.00110863 1.83245e-05 0 0 1.00017e+06 2531.89 1.2002e+07 30382.4 0 0 0 0 144374 345.962 7753.89 118.433 6.84213e+06 12043 6.99426e+06 11624.1 0.00191293 9.30713e-06 0.0513468 0.0736905 139534 327.25 0.000409237 0
13 1.2958e+07 30072.3 0.999922 3.03774e-05 1e+06 0.000374123 2.83365e-06 0.021756 0.06472 0.0015057 1.93885e-05 0 0 1.00011e+06 2334.84 1.30015e+07 30355 0 0 0 0 155838 338.813 9962.93 115.644 6.45111e+06 11822.9 6.61691e+06 11417.3 0.0020547 9.35312e-06 0.059829 0.0931299 150622 316.246 0.000441641 0
14 1.39466e+07 30666 0.999927 2.88515e-05 1e+06 0.000404342 3.22897e-06 0.0367965 0.0887182 0.00201562 2.44444e-05 0 0 1.0001e+06 2235.17 1.40014e+07 31298.8 0 0 0 0 167112 346.054 12559.9 133.131 6.05176e+06 12542.6 6.23143e+06 12113.1 0.00221924 1.06637e-05 0.0707071 0.0933221 161529 322.096 0.000480008 0
15 1.49344e+07 33496.1 0.999925 2.62533e-05 1e+06 0.000441681 4.13844e-06 0.0154882 0.0462543 0.00266891 3.12239e-05 0 0 1.00012e+06 2222.73 1.50018e+07 33338.7 0 0 0 0 178167 371.567 15578.3 156.241 5.64334e+06 13467.5 5.83709e+06 13012.7 0.00241246 1.20744e-05 0.047138 0.0608599 172223 348.001 0.000527035 0
16 1.59183e+07 34614.4 0.999926 2.62567e-05 1e+06 0.000487431 5.21815e-06 0.0315657 0.0929039 0.00351264 4.4949e-05 0 0 1.00001e+06 2195.28 1.60002e+07 35126.6 0 0 0 0 188888 377.473 19086.3 204.082 5.22579e+06 14769.8 5.43376e+06 14277.8 0.00264119 1.47031e-05 0.0707071 0.0900014 182593 358.848 0.000584614 0
17 1.68999e+07 34154 0.999925 2.81459e-05 1e+06 0.000544157 6.05909e-06 0.0409982 0.0909965 0.00459401 5.44867e-05 0 0 999896 2066.47 1.69982e+07 35125.3 0 0 0.00178254 0.0176462 199190 353.474 23071.7 213.712 4.80001e+06 15295.3 5.02227e+06 14792.1 0.00291328 1.7014e-05 0.0736779 0.099751 192560 331.102 0.000656462 0
18 1.78816e+07 34773.2 0.999926 2.45103e-05 1e+06 0.00061591 7.20894e-06 0.0566779 0.10564 0.00602196 6.55071e-05 0 0 999972 1973.03 1.79995e+07 35508 0 0 0.000561168 0.00555528 209046 351.955 27688.2 225.58 4.36128e+06 15165.5 4.59801e+06 14681.9 0.00324831 1.89131e-05 0.0976431 0.119517 202085 325.263 0.000747948 0
19 1.88621e+07 35114.8 0.999928 2.46506e-05 1e+06 0.000708378 1.02331e-05 0.0520999 0.0985342 0.00790683 9.75518e-05 0 0 1.00001e+06 1910.92 1.90003e+07 36304.1 0 0 0.00425306 0.0143442 218203 313.863 32923.5 286.789 3.91299e+06 16826 4.16412e+06 16319.9 0.00366276 2.47789e-05 0.0935672 0.0908702 210926 290.55 0.000868463 0
20 1.9838e+07 35550.7 0.999922 2.63067e-05 1e+06 0.000828782 1.30446e-05 0.112626 0.16535 0.0104385 0.000113043 0 0 999997 1849.29 1.99999e+07 36982.4 0 0 0.0141414 0.0310103 226399 320.474 38844.1 274.755 3.45616e+06 15975.5 3.72141e+06 15514.9 0.00418466 2.78894e-05 0.141414 0.156354 218828 297.775 0.0010296 0
21 2.08123e+07 35744.2 0.999919 2.85734e-05 1e+06 0.000986996 1.78203e-05 0.123136 0.177015 0.0138948 0.000176382 0 0 1.00002e+06 1785.57 2.10004e+07 37497.2 0 0 0.039923 0.0565088 233455 271.573 45442.8 347.56 2.9918e+06 17833.8 3.2707e+06 17357 0.00485835 3.86126e-05 0.150553 0.157383 225583 275.498 0.0012495 0
22 2.17824e+07 36999.2 0.99992 2.35713e-05 1e+06 0.00120344 2.21037e-05 0.16483 0.21208 0.0187424 0.000236031 0 0 999957 1727.36 2.1999e+07 37995.1 0 0 0.118457 0.103131 238682 326.217 52776.7 356.453 2.52465e+06 17886.1 2.81611e+06 17404.9 0.00574641 4.99621e-05 0.186869 0.205311 230544 309.823 0.00156927 0
23 2.27502e+07 36233 0.999917 2.54561e-05 1e+06 0.00149713 3.14113e-05 0.275802 0.284547 0.0256182 0.000318915 0 0 999891 1631.05 2.29975e+07 37511.5 0 0 0.351779 0.171156 241724 314.593 60610.7 349.104 2.0638e+06 16816.3 2.36613e+06 16438.5 0.00693981 6.34213e-05 0.284585 0.257204 233328 305.774 0.00203394 0
24 2.37176e+07 38716.5 0.999918 2.47771e-05 1e+06 0.00190701 4.47741e-05 0.296717 0.27962 0.0355002 0.000482032 0 0 999871 1651.71 2.39969e+07 39640.6 0 0 1.02189 0.306435 241771 357.396 68624.5 363.803 1.6229e+06 16932.8 1.93329e+06 16635 0.00856106 8.99585e-05 0.308923 0.277083 233122 369.76 0.00274762 0
25 2.46803e+07 40531.7 0.99992 2.14989e-05 1e+06 0.00248009 8.01538e-05 0.48202 0.379063 0.0496955 0.000786545 0 0 999746 1656.98 2.49937e+07 41424.2 0 0 2.94949 0.650708 238041 496.685 76292.6 407.175 1.22113e+06 16639.1 1.53546e+06 16568.1 0.0107554 0.000132511 0.482828 0.361736 229186 501.089 0.00386408 0
26 2.56374e+07 41748.5 0.999925 2.31768e-05 1e+06 0.00327837 0.000107385 0.593629 0.341489 0.0688141 0.000943128 0 0 999308 1638.65 2.5982e+07 42616.8 0 0 7.63248 1.00266 229999 548.679 82552.5 283.124 887267 12748.8 1.19982e+06 12836.9 0.0135181 0.000154196 0.677545 0.410646 220934 564.906 0.00564253 0
27 2.65857e+07 42931.1 0.999921 2.23211e-05 1e+06 0.00434582 0.000168207 0.798728 0.392322 0.0914811 0.00115892 0 0 998457 1628.1 2.69584e+07 43964.2 0 0 17.3936 1.68417 218126 716.701 86408.5 245.046 640141 9660.9 944675 9999.17 0.0165349 0.000175082 1.01646 0.558261 208814 746.706 0.00836852 0
28 2.75223e+07 44894.3 0.999918 2.25236e-05 1e+06 0.00573521 0.000239408 1.05736 0.400339 0.113497 0.00108305 0 0 997031 1651.39 2.79169e+07 46225.5 0 0 34.4221 2.19012 203209 819.765 87338 194.649 479036 6346.31 769583 7004.46 0.0191364 0.00015303 1.5101 0.674335 193577 844.573 0.0124168 0
29 2.84554e+07 46168.2 0.999917 2.37603e-05 1e+06 0.0074256 0.000355935 1.3598 0.367789 0.130914 0.000827666 0 0 995333 1615.35 2.88646e+07 46842.5 0 0 54.6245 3.12333 187232 875.391 85669.3 253.816 381522 4063.28 654423 4969.38 0.0208431 0.000108957 2.23511 0.869544 177131 932.081 0.0177988 0
30 2.93879e+07 47868.5 0.999921 1.96844e-05 1e+06 0.00944793 0.000478708 1.47879 0.369956 0.143837 0.000630201 0 0 993519 1614.27 2.98056e+07 48430.2 0 0 76.0667 3.9746 171130 973.69 82156.2 368.247 317903 2734.51 571189 3850.91 0.0218152 7.54841e-05 2.79461 0.989674 160350 1038.91 0.0247667 0
31 3.03352e+07 49378.3 0.999917 2.36682e-05 1e+06 0.0117912 0.000758324 1.79277 0.359096 0.153533 0.00054644 0 0 991995 1611.48 3.07519e+07 49956.8 0 0 93.433 4.43222 155840 1169.71 77572.8 475.356 271847 2375.74 505261 3815.31 0.0223173 6.50294e-05 3.83284 1.25586 144105 1245.36 0.0331609 0    
32 3.12977e+07 53843.2 0.999911 2.17126e-05 1e+06 0.0145192 0.00103169 2.08112 0.366484 0.160337 0.000536515 0 0 990853 1684.39 3.17073e+07 53897.3 0 0 105.03 4.49951 141458 1160.27 72234.3 574.277 236828 2309.21 450521 3878.09 0.0224493 6.00132e-05 4.96622 1.29656 128528 1269.71 0.0434219 0
33 3.22855e+07 55958.9 0.99991 2.21973e-05 1e+06 0.0177117 0.00132052 2.21886 0.320366 0.164932 0.000535397 0 0 990206 1706.39 3.26768e+07 56313.4 0 0 111.276 4.77138 127969 1073.53 66412.3 594.663 208285 1906.76 402666 3393.66 0.0223216 5.94299e-05 6.51607 1.91801 113575 1203.28 0.0560862 0
34 3.32943e+07 58962.6 0.999908 2.33873e-05 1e+06 0.0212875 0.00201151 2.46791 0.32991 0.16714 0.000678066 0 0 990148 1674.21 3.3665e+07 56924 0 0 110.149 4.99352 116076 1228.95 60610.9 734.275 185942 1737.88 362629 3555.1 0.0219395 6.45021e-05 8.40761 2.2831 100079 1381.96 0.0711255 0
35 3.43187e+07 57199 0.999911 2.1977e-05 1e+06 0.0255067 0.0027668 2.77605 0.2939 0.16695 0.000785719 0 0 990274 1587.51 3.46596e+07 55564.8 0 0 105.994 4.69229 104911 1235.7 54562.4 746.283 167336 1542.14 326809 3366.05 0.0213307 8.44204e-05 10.8563 2.49196 87094.7 1425.26 0.0904094 0
36 3.53589e+07 55292 0.99991 2.13078e-05 1e+06 0.030163 0.003394 2.93098 0.302192 0.164803 0.000958011 0 0 990775 1523.09 3.56679e+07 54837 0 0 97.154 5.48257 95247.8 972.787 48943.7 663.089 152781 1228.85 296972 2675.33 0.0205399 8.99307e-05 13.578 2.97487 75654.2 1134.45 0.113477 0
37 3.6409e+07 58988.1 0.99991 1.91965e-05 1e+06 0.0352485 0.0041988 3.19438 0.303783 0.160768 0.000957071 0 0 991519 1572.09 3.66862e+07 58174 0 0 84.7237 5.5044 86902.8 977.332 43734.2 627.763 141385 1117.31 272021 2548.03 0.0196047 0.000101223 17.1185 3.61208 65631.1 1116.93 0.140905 0
38 3.74499e+07 60172.6 0.999908 2.02895e-05 1e+06 0.0406631 0.00639818 3.31792 0.243316 0.1557 0.0012606 0 0 992025 1532.53 3.7697e+07 58233.2 0 0 74.6228 5.38404 79828.4 955.749 39099.6 664.521 132179 1200.69 251107 2575.52 0.0186196 0.000124004 21.1903 3.80202 57072.8 1113.06 0.173257 0
39 3.84953e+07 60291.4 0.999905 2.17884e-05 1e+06 0.0468337 0.00888147 3.48096 0.210752 0.148783 0.00160606 0 0 992604 1496.43 3.87116e+07 58363.8 0 0 62.1065 5.51686 73259.2 1040.7 34544.3 749.41 124350 1076.69 232153 2699.73 0.0175271 0.000147499 26.8153 5.07622 49098.6 1190.45 0.214585 0
40 3.95297e+07 60630.9 0.999907 1.93553e-05 1e+06 0.0530547 0.010293 3.71187 0.216735 0.141681 0.00175304 0 0 992975 1464.95 3.9719e+07 58599.9 0 0 51.9899 5.0402 67982.5 883.4 30751.7 652.144 118292 791.818 217026 2090.16 0.0164844 0.00015651 32.6636 5.70902 42704.1 1008.6 0.260155 0
41 4.05582e+07 59947.2 0.999898 2.66039e-05 1e+06 0.0600063 0.0160553 3.7795 0.212542 0.133499 0.00231615 0 0 993222 1423.47 4.07221e+07 58356.8 0 0 42.6406 4.98488 63119.2 1084.74 27152.8 824.806 113077 1043.51 203349 2792.57 0.0154169 0.0001905 39.085 6.68633 36883.3 1200.51 0.316022 0
42 4.15738e+07 60560.3 0.999899 2.3234e-05 1e+06 0.0671658 0.0191033 3.90957 0.200294 0.125418 0.0021001 0 0 993227 1414.08 4.17155e+07 59391.7 0 0 34.3908 3.91892 59009.1 899.709 24080.4 666.137 108878 820.528 191968 2211.89 0.0144103 0.000171098 47.4541 7.59016 32052.6 960.646 0.376423 0
43 4.2574e+07 63619.3 0.999892 2.39362e-05 1e+06 0.0749005 0.0254623 4.03594 0.175757 0.116844 0.00221127 0 0 992926 1446.63 4.26958e+07 62207 0 0 27.9443 3.64697 55304.5 808.861 21231.9 629.476 105140 778.651 181676 2051.12 0.013443 0.000168937 57.8041 9.29261 27820.1 867.084 0.446563 0
44 4.35611e+07 67448.3 0.999877 3.18842e-05 1e+06 0.0827843 0.0299187 4.12557 0.144368 0.10908 0.00218339 0 0 992427 1537.87 4.36668e+07 67664.9 0 0 22.7091 4.00372 52209.9 785.369 18894.6 574.183 102079 733.145 173184 1911.78 0.0125784 0.000166956 69.0746 9.66209 24356.1 786.021 0.522555 0
45 4.45434e+07 76051.4 0.999867 3.09579e-05 1e+06 0.0921778 0.0380838 4.26105 0.152964 0.100143 0.00265743 0 0 991829 1673.79 4.46323e+07 75323.4 0 0 17.7221 2.99704 49108.5 840.023 16506.2 628.869 99161.8 716.195 164776 1991.22 0.0116899 0.000189693 81.3172 11.0067 21031.6 824.559 0.617822 0
46 4.55147e+07 69819.2 0.999857 3.58162e-05 1e+06 0.101234 0.0447951 4.32697 0.142299 0.0921351 0.00232301 0 0 991108 1521.26 4.5591e+07 69974.1 6.22719e-06 4.33964e-05 14.5433 2.74393 46542.9 732.925 14550.6 517.602 96793.2 702.44 157887 1734.75 0.0109175 0.000161618 93.4651 12.2312 18348.9 651.988 0.706808 0
47 4.64621e+07 85302 0.999841 4.15571e-05 1e+06 0.111385 0.0532681 4.41758 0.14696 0.0841567 0.00211512 0 0 989912 1815.15 4.65259e+07 85318.3 8.33145e-06 6.00356e-05 11.1047 2.61242 44115.1 675.499 12735.8 442.629 94447.6 664.837 151299 1562.9 0.0101855 0.000147625 111.326 15.7568 15903.3 569.43 0.819473 0
48 4.7405e+07 84986.8 0.999815 5.77959e-05 1e+06 0.121078 0.0628684 4.50589 0.111821 0.076966 0.0025248 0 0 988732 1773.96 4.74592e+07 85148.6 1.19055e-05 6.51823e-05 8.68961 2.01117 42039.4 726.679 11218 487.5 92444.7 598.728 145702 1636.48 0.00954419 0.000165711 127.898 16.1119 13891.1 603.42 0.918245 0
49 4.83339e+07 91130 0.999805 5.50416e-05 1e+06 0.131836 0.0697751 4.57782 0.120637 0.0695746 0.00233807 0 0 987333 1848.95 4.83793e+07 90596.4 2.72564e-05 0.000140663 6.99959 1.97101 39924.3 656.097 9765.85 428.311 90628.1 605.976 140318 1499.28 0.00890449 0.0001502 146.322 16.8076 12011.5 526.828 1.0312 0
50 4.92622e+07 97083.7 0.99978 5.29269e-05 1e+06 0.142235 0.0748643 4.62889 0.120209 0.0627031 0.00227055 0 0 986012 1937.41 4.93006e+07 96864.7 2.39366e-05 7.89285e-05 5.64364 1.7184 38077.5 679.933 8494.01 387.726 88846.4 515.722 135418 1343.89 0.00833723 0.000151332 164.15 16.8531 10370.5 478.829 1.13511 0
51 5.0179e+07 110377 0.999748 6.56924e-05 1e+06 0.153862 0.0897707 4.66607 0.110865 0.0557989 0.00178876 0 0 984515 2156.87 5.02103e+07 109996 6.41442e-05 0.000166324 4.47396 1.343 36201.2 510.551 7284.41 292.184 87029 508.191 130515 1128.33 0.00778746 0.000112311 183.148 20.7917 8804.95 362.394 1.26501 0
52 5.11143e+07 113775 0.999739 6.18319e-05 1e+06 0.164151 0.0888986 4.71426 0.0962119 0.0497967 0.00193884 0 0 983458 2180.23 5.11398e+07 113373 5.75064e-05 0.000130096 3.55225 1.33711 34632.9 545.964 6290.84 298.641 85364.9 499.273 126289 1139.15 0.00731845 0.000120621 196.977 19.5374 7529.66 375.118 1.35982 0
53 5.20067e+07 116688 0.999715 7.53681e-05 1e+06 0.175527 0.0983168 4.75491 0.077097 0.0437744 0.00191152 0 0 981655 2197.31 5.20277e+07 116454 8.79054e-05 0.000184772 3.13455 1.30135 32981.6 526.457 5349.42 281.712 83826.6 505.959 122158 1143.53 0.00684909 0.000114946 219.226 23.9238 6290.84 355.183 1.46459 0
54 5.2946e+07 126832 0.999715 7.22517e-05 1e+06 0.18617 0.100977 4.82136 0.0783159 0.0379194 0.00166548 0 0 980785 2345.84 5.29624e+07 126672 7.49131e-05 0.000161344 2.27048 0.943902 31447.3 495.887 4485.77 230.275 82326.5 428.993 118260 926.827 0.00641006 0.000107643 230.806 22.7979 5174.31 302.686 1.54103 0
55 5.38449e+07 127015 0.999709 6.52987e-05 1e+06 0.196881 0.12227 4.83967 0.0748261 0.0329217 0.00147339 0 0 979238 2303.09 5.38581e+07 126669 5.47038e-05 0.000122665 2.02057 0.938772 30184.1 439.422 3777.62 192.787 80752.5 371.017 114714 767.678 0.00604771 9.69188e-05 250.235 23.6224 4242.16 262.679 1.63072 0
56 5.48099e+07 139527 0.999728 6.4832e-05 1e+06 0.206703 0.10557 4.8631 0.0725921 0.027563 0.00132693 0 0 978924 2488.47 5.48197e+07 139356 4.28695e-05 8.83179e-05 1.67009 0.772032 28873.6 385.755 3065.92 164.578 79264.9 404.856 111204 675.94 0.00567562 8.5987e-05 254.555 27.674 3326.47 211.291 1.66296 0
57 5.5741e+07 152505 0.999748 6.43508e-05 1e+06 0.217342 0.130153 4.89952 0.04961 0.0223869 0.00122095 0 0 978031 2671.26 5.57478e+07 152267 4.36756e-05 9.31356e-05 1.41503 0.650589 27654.6 334.887 2413.01 144.046 77688.8 390.512 107756 613.818 0.0053334 7.31187e-05 265.389 28.8296 2524.71 174.195 1.72209 0
58 5.66772e+07 150993 0.99978 5.23675e-05 1e+06 0.227476 0.13818 4.92564 0.0462151 0.017477 0.00110657 0 0 977269 2599.16 5.66816e+07 150753 2.74353e-05 7.0729e-05 1.08325 0.518164 26590.8 332.733 1828.21 124.043 76158.2 369.72 104577 518.332 0.0050256 7.04902e-05 275.295 27.9669 1803.64 163.569 1.74024 0
59 5.76636e+07 138872 0.999845 3.89662e-05 1e+06 0.237732 0.132943 4.94539 0.0354501 0.0121559 0.000942514 0 0 977386 2352.26 5.76658e+07 138789 6.21113e-06 3.73023e-05 0.915597 0.409651 25622 344.021 1232.18 99.723 74485.5 367.656 101340 369.806 0.00473119 7.14745e-05 274.256 26.0646 1160.34 131.732 1.72731 0
60 5.84697e+07 112022 0.999919 2.24046e-05 1e+06 0.247839 0.136535 4.96364 0.0286586 0.0079897 0.000725192 0 0 974505 1865.75 5.84703e+07 111947 0 0 0.804545 0.376601 24888.2 599.358 787.687 73.2829 72891.3 691.276 98567.2 254.218 0.00450582 0.000103833 309.824 22.6308 690.879 82.298 1.8502 0
61 5.88037e+07 95050.4 0.999956 1.34864e-05 1e+06 0.25565 0.14056 4.95297 0.0326747 0.00604925 0.000583321 0 0 963991 1555.96 5.88035e+07 94915.6 1.16944e-06 8.92488e-06 0.719987 0.361345 24779.9 1070.8 583.434 57.4325 71065.1 1219.26 96428.5 238.145 0.00444121 0.000186379 438.224 23.439 486.04 62.9585 2.27363 0
62 5.8928e+07 80695 0.999965 1.06572e-05 1e+06 0.260954 0.108691 4.94819 0.0303499 0.00539723 0.00046021 0 0 950443 1301.34 5.89275e+07 80687.2 2.06744e-05 4.70655e-05 0.659987 0.287573 24686 1086.28 511.374 44.5713 69536 1215.39 94733.3 208.108 0.00440631 0.000189021 603.17 20.7338 407.384 44.1388 2.8795 0
63 5.89782e+07 90508.8 0.999972 9.20313e-06 1e+06 0.264863 0.0981467 4.93715 0.0382152 0.00504095 0.000434604 0 0 936151 1435.7 5.89775e+07 90453.1 0.000277347 0.000227409 0.637486 0.294813 24973.3 1266.58 469.505 41.1838 67684.1 1402.34 93126.9 187.521 0.00444536 0.000220637 774.509 18.2286 368.333 41.8287 3.54536 0
64 5.90093e+07 81625.4 0.999973 8.18772e-06 1e+06 0.268917 0.088338 4.93134 0.0383902 0.00484288 0.000370488 0 0 922007 1274.61 5.90085e+07 81578.8 0.00286657 0.000758377 0.608586 0.289224 25119.4 1307.43 443.707 34.5862 66047.3 1452.28 91610.4 187.137 0.00446413 0.000227523 915.357 11.4862 340.949 34.2195 4.21904 0
65 5.90588e+07 62378.2 0.999976 7.40574e-06 1e+06 0.27288 0.0810596 4.9265 0.0333468 0.00457231 0.000416132 0 0 908583 959.051 5.90579e+07 62337 0.0113673 0.00115619 0.578244 0.311745 25073.9 980.216 412.253 38.1201 64664.9 1104.78 90151.1 173.778 0.00444698 0.000170599 974.814 3.32936 301.889 37.017 4.82103 0
66 5.90762e+07 71997.3 0.999975 7.58529e-06 1e+06 0.277626 0.0703054 4.93067 0.0359778 0.00458098 0.000391453 0 0 895079 1090.99 5.90752e+07 72000.8 0.024172 0.00145001 0.600704 0.286957 24949.5 1063.15 406.919 35.3055 63462 1183.5 88818.4 162.741 0.00442267 0.000185455 983.329 1.02221 291.727 38.4182 5.37721 0
67 5.90799e+07 82207.6 0.999977 6.84613e-06 1e+06 0.280777 0.0583871 4.91738 0.0414785 0.00441611 0.00036581 0 0 881772 1226.19 5.90787e+07 82155.6 0.0374059 0.00150224 0.567013 0.304282 25325.2 1303.47 386.121 32.4906 61714.1 1451.37 87425.4 182.953 0.004483 0.000228141 984.286 0.708155 270.293 35.257 5.82237 0
68 5.91085e+07 83296.8 0.999975 6.55341e-06 1e+06 0.285716 0.0534602 4.92409 0.037548 0.00440338 0.00028987 0 0 869226 1225.71 5.91074e+07 83344.1 0.0499187 0.00156073 0.545306 0.263984 25078.1 1269 379.485 25.4318 60716 1400.75 86173.6 159.687 0.00443634 0.000221694 984.741 0.5781 255.04 27.6989 6.19005 0
69 5.91202e+07 74767.3 0.999977 7.12987e-06 1e+06 0.289064 0.0537133 4.91583 0.035778 0.00428883 0.000366696 0 0 856797 1082.52 5.9119e+07 74692.5 0.0623044 0.00155337 0.510028 0.250698 25255.7 1161.35 364.111 31.6681 59267.5 1292.34 84887.2 166.212 0.00446344 0.000202607 985.356 0.651139 239.313 31.3426 6.50641 0
70 5.91325e+07 72556.5 0.999976 7.82486e-06 1e+06 0.294115 0.039496 4.91977 0.0364756 0.00427088 0.000324051 0 0 844732 1036.28 5.91312e+07 72541.7 0.0743505 0.00133183 0.525541 0.267418 25223.7 1230.2 357.414 27.6146 58096.6 1363.54 83677.8 165.362 0.00445577 0.00021496 985.684 0.558152 230.04 27.9992 6.79046 0
