1 1000467.7 8313.89732375858 0 0 1 0 1000000 0 0.0002529842 7.72661633575786e-08 0 0 0 0 1000463.65 8318.65342032591 1000463.65 8318.65342032591 0 0 0 0 12212.75 101.494765874896 0 0 10770515 2831.65587598493 10782725 2734.93601387674 0.0011326255 9.69719932506288e-06 0.05 0.217944947177034 11829.1 96.5421669530988 0.00026158305 2.65742822104376e-07 
2 2003656.5 10978.1224601477 1.20537235e-06 3.62268489549709e-07 0.99995405 7.90116921727521e-05 1000000 0 0.00025386645 1.48648402278661e-07 0 0 0 0 1001845.05 5483.84105782617 2003689.5 10966.9223007186 0 0 0 0 24457.15 133.898571687677 12.6 3.7868192457523 10428650 3731.95659138742 10453130 3594.45406146747 0.001171057 6.77992853944643e-06 0.075 0.178535710713571 23669.95 116.173781465527 0.00026631605 3.15273131585931e-07 
3 3004588 9122.54438191451 7.1026755e-06 8.17165268366656e-07 0.99992575 6.7288836369787e-05 1000000 0 0.000255765 2.77608177112994e-07 0 0 0 0 1001668.3 3056.32912331117 3005006 9168.23341762196 0 0 0 0 36667.65 111.607022628507 71.9 8.26377637645163 10086345 3185.51016322347 10123090 3073.90630956768 0.001212129 4.25219931329658e-06 0 0 35496.95 111.777669952455 0.0002719969 5.14643847723842e-07 
4 4001755.5 13285.9626956423 2.228829e-05 1.82694516718483e-06 0.99993685 4.34974424535389e-05 1000000 0 0.0002591659 4.692055945958e-07 0 0 0 0 1000670.4 3325.03862233208 4002681.5 13299.4222712868 0 0 0 0 48817.45 163.936107981128 218.25 17.8965778851712 9743083 4483.68274970476 9792119 4320.7764348552 0.001257541 4.6828718752492e-06 0.0125 0.0544862367942584 47224.65 161.597424175016 0.00027958465 6.09052237086451e-07 
5 5003391 17194.0698788856 4.962455e-05 2.59194812052633e-06 0.99992845 4.73460399611367e-05 1000000 0 0.00026360595 5.33496529979337e-07 0.02 0.0871779788708135 0 0 1001074.95 3443.12422771819 5005373.5 17216.0115227076 0 0 0 0 61002.25 205.450450230706 469.3 24.4215069150124 9395632 5958.08996239567 9457103.5 5747.02642677063 0.0013100775 5.44659147999919e-06 0.09 0.18411952639522 58982.35 189.922161687361 0.00028818175 7.71641683360871e-07 
6 5991297 17285.1529064686 9.2619745e-05 3.79012094166862e-06 0.9999149 5.8279413174803e-05 1000000 0 0.00026928015 5.90329846357102e-07 0 0 0 0 999181.85 2940.28793275421 5995089.5 17638.6338685852 0 0 0 0 72995.25 208.934409564342 845 34.1262362413437 9049681.5 6540.73564287688 9123522 6304.98183978352 0.001364741 5.69502142225996e-06 0.0166667 0.0500001 70596 202.395405086183 0.00029801115 7.83098798045304e-07 
7 6994148 21955.3566584558 0.000159316 4.20317184992477e-06 0.99994665 2.66444647159527e-05 1000000 0 0.0002767002 6.47028716518826e-07 0 0 0 0 1000059.8 3168.32728107435 7000411.5 22169.8376798298 0 0 0 0 85127.4 266.901742219866 1398.9 36.3096405930987 8694237.5 7904.61566111851 8780764.5 7622.78261201249 0.001431257 6.16684206056875e-06 0 0 82288.85 248.107290299983 0.00030994405 8.01163808156615e-07 
8 7995575.5 28865.8425262454 0.00025499725 4.58510301819926e-06 0.99993125 3.48136108440348e-05 1000000 0 0.0002861369 6.03340111379975e-07 0 0 0 0 1000601.4 3628.95032206284 8004809 29027.6938284804 0 0 0 0 97193.25 344.674030788512 2150.55 37.2175697755778 8334384 10254.9546074081 8433728 9891.4420586687 0.001505673 7.44238006285623e-06 0.0375 0.057282196186948 93952.4 329.99657573981 0.00032417275 7.34920463383625e-07 
9 8973327.5 28631.0652744532 0.00038392145 8.17670798961905e-06 0.99992915 4.17016486484694e-05 1000000 0 0.00029710865 7.9699656680565e-07 0.0111111 0.0333333 0 0 998557.1 3153.85920579851 8987009.5 28378.3136347106 0 0 0 0 108936.75 339.717069780133 3105.6 63.0606057693708 7977291.5 10918.0141394853 8089334.5 10535.2747828426 0.00158393 8.09844614725567e-06 0.0444444 0.0737026994162358 105332.45 329.780756715731 0.0003397582 1.08784064090289e-06 
10 9975754 37889.2552579224 0.0005647869 1.04559502719743e-05 0.99992955 3.51475105804072e-05 1000000 0 0.0003113977 1.18169797748833e-06 0 0 0 0 999530.35 3752.9181749007 9995303.5 37529.181749007 0 0 0 0 120901.6 446.793061718733 4365.45 74.2175686748091 7604328.5 14372.0973678166 7729595 13865.9779676733 0.0016805915 1.04934504692213e-05 0.05 0.0591607978309962 116858.6 417.785758493513 0.0003595157 1.50579690197582e-06 
11 10975655 38017.1602700675 0.00079081005 1.46662573531048e-05 0.9999373 2.43784741113847e-05 1000000 0 0.0003278312 1.36232270773117e-06 0 0 0 0 1000108.4 3431.89085490783 11001185 37749.7718536152 0 0 0 0 132749.8 441.445534579295 5825.15 100.101086407691 7227671 14410.5773305583 7366246.5 13909.5514934882 0.0017873975 1.04192878235511e-05 0.04999999 0.0672665415461052 128292.15 442.563698805042 0.0003816135 1.60960301006179e-06 
12 11972500 27052.4490573404 0.001098152 1.36207619463817e-05 0.9999303 2.75972824748998e-05 1000000 0 0.0003484663 1.25127519355256e-06 0.02500005 0.0595120225949976 0 0 1000531.4 2353.26981878407 12006385 28233.0705910639 0 0 0 0 144437.9 321.085019893485 7681.1 88.6656077631006 6842537 10250.2912641544 6994655 9891.76046010011 0.0019116725 7.76942782642326e-06 0.079166725 0.106962573607767 139603.1 304.725926038465 0.00040872245 1.46362165449271e-06 
13 12966505 28343.9318902653 0.001488204 1.95512995476004e-05 0.9999279 2.00671373145317e-05 1000000 0 0.0003734118 1.74013133412395e-06 0.019230755 0.0478841873629539 0 0 1000782.55 2141.89412611828 13010165 27842.0415020163 0 0 0 0 155940.35 324.609345983753 9847.7 116.958154910207 6451496 11423.5346543878 6617283.5 11029.0449609202 0.0020529685 9.1769222918144e-06 0.069230735 0.0683706618541409 150744.45 288.304088593971 0.0004407065 2.14326243143484e-06 
14 13931120 32925.6677988465 0.0019804915 2.4441051383891e-05 0.99992315 2.51898292967683e-05 1000000 0 0.00040304425 2.06335701891359e-06 0.03214283 0.0574766492959454 0 0 998925.95 2390.58362068763 13984975 33466.0256827727 0 0 0 0 166957.45 361.082327869975 12361.05 132.506405505545 6062217.5 13220.5710447772 6241536.5 12774.1435231486 0.0022089725 1.11127876228244e-05 0.06071427 0.0822979571126106 161369.2 348.461992188531 0.0004782793 2.56709320243734e-06 
15 14923005 30627.6096847273 0.00261009 2.54824288481298e-05 0.9999205 3.00674242328824e-05 1000000 0 0.000438989 1.76103162947178e-06 0 0 0 0 999276.25 2136.61921911697 14989160 32064.9091687471 0 0 0 0 178068.25 351.504036249941 15265.65 124.387408928718 5655471 12434.4770296141 5848803.5 12007.9782956999 0.002398629 1.10966981125018e-05 0.046666625 0.0599999305556421 172142.2 324.257706153609 0.0005238924 2.16966777180288e-06 
16 15918975 40089.5606735719 0.003450462 4.44503663202003e-05 0.999923 2.43905719490261e-05 1000000 0 0.00048490045 3.00815018699199e-06 0.0375 0.0775604602874428 0 0 1000020.5 2568.86674430575 16000325 41101.4826374913 0 0 0 0 188949.25 424.003169209854 18774.5 188.317949224178 5233634.5 17295.0413341512 5441358.5 16713.5182636691 0.0026301575 1.72280587632502e-05 0.065625 0.0751950588469748 182627.9 398.450988203066 0.0005813898 3.79656822143367e-06 
17 16901080 30715.8200281223 0.004499247 3.79318503503323e-05 0.99992745 3.38798981698578e-05 1000000 0 0.0005393082 2.61644852041847e-06 0.01764705 0.0561140426145497 0 0 999878.5 1845.22650371167 16997915 31358.9425044914 0 0 0 0 199335.6 359.656002313322 22640.7 150.714664183682 4810215 12451.9819707547 5032190.5 12022.761943497 0.002897703 1.35565652360766e-05 0.052941175 0.0488625320826896 192697.7 350.085003963323 0.00065014785 3.58360508810611e-06 
18 17875380 43354.8451732906 0.0058804215 7.99924774135045e-05 0.9999222 2.65736711803258e-05 1000000 0 0.0006089908 4.58682508495801e-06 0.02777775 0.0481124743199464 0 0 999551.45 2454.61207678525 17991920 44182.4920075815 0 0 0 0 209161.6 427.087508597477 27127.3 269.296138108217 4377103.5 19262.4274885073 4613391.5 18636.5295253703 0.0032235295 2.43875616811111e-05 0.08055565 0.0713084213596648 202224.7 435.216853993501 0.00073853735 5.7937237703829e-06 
19 18848130 36945.0957503158 0.00773267 9.63247227870394e-05 0.99991405 3.34476830288766e-05 1000000 0 0.0007019273 5.83332450751713e-06 0.05526313 0.133641642134782 0 0 999195.95 1983.12943286615 18984720 37679.2860866551 0 0 0.00526315 0.0229415389746961 218230.4 361.363307489845 32340.25 275.182098800049 3931925 17983.9265734711 4182495 17415.4895136485 0.0036297955 2.64579128948222e-05 0.07368421 0.103136437188425 210939.95 359.646976214176 0.00085928255 8.150306905111e-06 
20 19824985 33857.056502301 0.010185012 0.00012326786578829 0.9999256 2.15113923305765e-05 1000000 0 0.0008188376 5.81066201391889e-06 0.08 0.167630546142402 0 0 999186.15 1719.97524037412 19983725 34402.9195708736 0 0 0.0125 0.0311247489949718 226519 284.716174461515 38116.4 303.794897916341 3477953 16737.5503285278 3742588.5 16253.17423613 0.004139218 2.88542963178797e-05 0.0875 0.149059551857638 218918.9 255.478159536192 0.001015654 8.57987202701765e-06 
21 20804905 32437.1157009991 0.013512935 0.000146499434384574 0.99991505 2.39258751146033e-05 1000000 0 0.0009715407 9.33234057511834e-06 0.052380915 0.0963034742582233 0 0 999510.75 1516.71737232089 20989735 31854.3917694248 0 0 0.02142856 0.0318549631256638 233765.25 234.824588789164 44514.6 291.7341940877 3016100.5 15393.054756935 3294379.5 14996.8284897174 0.0047954745 3.28886324548468e-05 0.085714225 0.104978029123488 225800.4 255.796481602074 0.001226935 1.35992633991698e-05 
22 21777485 30918.75280473 0.018169695 0.000167615868804239 0.9999245 1.82222391598839e-05 1000000 0 0.0011768925 7.61384651473881e-06 0.16363641 0.216279625286556 0 0 999558 1383.71872141704 21990270 30427.5385136557 0 0 0.127272665 0.107180150654141 239349.5 290.14074170995 51638.15 242.799974258648 2551128.5 14134.0600235743 2842115 13723.2665572013 0.0056608715 3.80397429374858e-05 0.19545451 0.205854397653028 231131.45 288.028553272067 0.001526818 1.23456990891565e-05 
23 22755010 31530.6818828899 0.024980635 0.000347834486897145 0.99991885 2.37007911260358e-05 1000000 0 0.0014704925 1.6562860524378e-05 0.1652174 0.183228717484978 0 0 1000008 1422.4174492743 23000170 32712.0940937752 0 0 0.352173925 0.19145243895027 242531.45 275.071531605872 59593.85 427.457632403493 2083703 16963.5149954247 2385829.5 16628.5914842478 0.0068505215 6.29257893295745e-05 0.16956523 0.122126731706806 234072.9 283.696827617088 0.001986274 2.64673571404476e-05 
24 23724285 29898.1650774759 0.034592445 0.000327957528462147 0.9999304 2.41213598290019e-05 1000000 0 0.0018749465 1.29710756203948e-05 0.337500035 0.252728142504833 0 0 1000064.6 1260.8890276309 24001550 30272.7187414675 0 0 0.88333365 0.312528163621501 242694.45 322.767791918587 67541.75 252.442443935246 1642374.5 12308.5943450095 1952611 11997.6147212686 0.0084361885 6.52829983437496e-05 0.37499983 0.326491918396704 233980.7 315.987199107812 0.002688659 2.72229296549802e-05 
25 24686695 46769.0439821042 0.048347935 0.000743231485659078 0.99991545 2.48323881251887e-05 1000000 0 0.0024314045 3.9542025299041e-05 0.392 0.269992592490979 0 0 999810.15 1925.66124422236 24995270 48153.3290645621 0 0 2.576 0.540577469008837 239215.25 519.014727633041 75167.95 357.119654317709 1240605.5 17112.1896538695 1554991.5 17154.0106899232 0.010574495 0.000129371938514502 0.408 0.256312309497613 230246.25 542.796359144016 0.0037629295 9.4326767170035e-05 
26 25639170 39079.8682188157 0.06698767 0.000829613223195004 0.99992515 1.7709531332012e-05 1000000 0 0.0032063235 3.12408867151686e-05 0.394230955 0.271658378688829 0 0 999143.1 1589.14121147241 25977705 41327.6962217833 0 0 6.773077 1.33816002992953 231470.5 455.432047620718 81519.45 232.036952876045 904089.4 11990.1253513047 1217079.5 11978.3623567665 0.013280345 0.00014212312434998 0.45192333 0.301837858601442 222247.75 461.720897837644 0.0054716585 8.96157961675842e-05 
27 26587640 54047.2608001553 0.08943973 0.000938282674943964 0.9999176 2.95912149125371e-05 1000000 0 0.0042609285 5.92564217849001e-05 0.8388885 0.350048664559444 0 0 998438.75 2040.88340860031 26957850 55107.3996846159 0 0 15.757415 1.83557607150317 219722.15 812.22203091273 85559.75 153.083923061829 651430.4 8420.93788957026 956712.3 8989.36863244577 0.01629535 0.000139479362272703 0.9851857 0.467665299548844 210263.35 856.028228214467 0.0081369765 0.000177700418690418 
28 27524920 37037.7726112141 0.1118637 0.000661960731463734 0.99991045 2.04706497210039e-05 1000000 0 0.0056475295 4.65045595049561e-05 0.9285715 0.405636142503907 0 0 996943.65 1372.5594804962 27914410 38428.8420330356 0 0 31.94822 2.21490807046252 204643.45 598.858537135441 86772.1 134.306701247555 484308.1 4408.76904475614 775723.65 4945.62464482496 0.018965515 9.99662156680945e-05 1.1589291 0.58121916275738 194841.85 625.057539351378 0.01211126 0.00019464222666215 
29 28459790 56306.5973044012 0.1294274 0.000958116454299789 0.9999299 1.75866426585742e-05 1000000 0 0.007330888 9.38898296728671e-05 1.3137933 0.488135182668295 0 0 995399.25 2033.58254995955 28866580 58976.0765056476 0 0 53.67069 2.88206602420902 188541 996.751674189715 85294.5 247.532119128003 385218.75 4728.39730643481 659054.25 5724.13907828068 0.020695795 0.000127529735650161 2.103448275 0.848445159694507 178256.85 1033.96234336653 0.01746015 0.000286330158209016 
30 29393245 38609.1630963428 0.14257 0.000807539348886479 0.99992225 1.77900955590429e-05 1000000 0 0.00933883 0.000130863774360974 1.52666585 0.356775035257832 0 0 993539.1 1341.71438465867 29806165 40244.0837266796 0 0 72.340005 4.44508798073503 172293.95 1176.76201820929 81855.4 384.136616322891 320013.4 3267.63887845643 574162.75 4558.2838204197 0.02170956 9.16133745694375e-05 2.86 1.09962653761629 161318.1 1236.40082093146 0.02424461 0.000582334423591805 
31 30342835 35815.4893167747 0.1525101 0.000439318210412453 0.9999087 2.14758003343216e-05 1000000 0 0.01170388 0.000153070139478606 1.829032 0.444541778144642 0 0 992147.6 1173.68102140232 30756575 36386.9877153908 0 0 90.732265 4.51232742986089 156646.3 1125.72923476296 77315.05 510.798734826154 272994.2 2239.73736406749 506955.55 3752.48142533711 0.02223854 4.80832236856058e-05 4.316129 1.63556926722747 144737.05 1208.16238457419 0.03264346 0.000760933520355096 
32 31301800 40731.5111430941 0.1592115 0.000492673776448474 0.99992285 1.8871340704893e-05 1000000 0 0.014396275 0.000148354793906365 1.9828125 0.267452354109569 0 0 990924.55 1284.10908707166 31709590 41098.295585097 0 0 103.52346 4.30515529631626 142333.1 917.311174029838 72068 374.201149116354 238257.4 1376.26848398123 452658.5 2469.39758848185 0.022360525 4.70432553614227e-05 4.7375 1.01234566725008 129223.65 954.340100540683 0.042888315 0.000729052864526984 
33 32294455 55466.7240334239 0.16398115 0.000459679483444713 0.99990315 2.58171938831486e-05 1000000 0 0.01751955 0.000197943174926543 2.25606 0.310878657919774 0 0 990564.5 1682.5400292415 32688625 55521.2470591214 0 0 106.24242 3.84531532277913 129023.9 923.79028464257 66433.95 443.420395899873 209675.55 1595.61600878783 405133.4 2749.52902148713 0.02225199 6.11097529040991e-05 7.133335 1.49595633782373 114460.95 985.445456380007 0.055050945 0.000870082211331206 
34 33309810 35971.1398206951 0.16600855 0.00059074914092193 0.99991355 2.02496296262451e-05 1000000 0 0.02116234 0.000224996160856135 2.474999 0.259136265291063 0 0 990508.5 1067.83568492535 33677285 36313.2520576166 0 0 109.25445 3.94834370939258 116633.3 854.931172668303 60453.5 474.461536902624 187074.6 1757.41934096561 364161.4 2893.88343580041 0.021858745 6.88221437838143e-05 8.677946 2.07023595052448 100382.1 991.449590246524 0.070532325 0.0016039305305639 
35 34318280 60430.8083679178 0.16601985 0.000938479209945538 0.99991265 1.67579085807189e-05 1000000 0 0.025277065 0.000378653201854943 2.7085715 0.237778615970297 0 0 990222.6 1691.86091035877 34657795 59213.4230981456 0 0 105.904325 4.59344530966409 105714.2 1135.67612460595 54643.2 723.901830360996 168769.7 1497.41547674652 329127.1 3072.71625601844 0.02125952 9.17277526160977e-05 10.5542795 2.14512153398001 87674.65 1295.41905478498 0.0892 0.00319117128982447 
36 35368430 44778.8354024532 0.1641487 0.00128719101535087 0.99991045 2.11907409025816e-05 1000000 0 0.029715745 0.000385495161415808 2.926389 0.318692260823824 0 0 991115.55 1236.01166964556 35680160 44496.2402906133 0 0 93.794415 4.58889591113974 96413 928.282984870454 49253.05 667.992325928974 154374.95 1028.60995887654 300041 2181.56954965914 0.02051107 0.00012151834059104 13.058347 2.57778718609023 76634.3 1066.968888956 0.110485 0.00303331676552252 
37 36422985 59760.2650178193 0.1599283 0.00115669927379591 0.99991195 1.96073328119814e-05 1000000 0 0.035006225 0.000546866507362629 3.109459 0.286342116495286 0 0 991901.55 1599.11520770081 36700355 59174.3903644136 0 0 83.71082 4.01170119669947 87480.45 1038.94573847723 43739.55 682.824756068495 142260.45 1045.98974540863 273480.45 2565.83118063134 0.01954981 0.000116155094162934 16.84324 2.61435353603907 65933.45 1206.33392868641 0.13964865 0.00466440080047802 
38 37477470 53079.4696657757 0.154209 0.00135645342714005 0.9999063 2.64595918335692e-05 1000000 0 0.04087678 0.000624403645569114 3.338159 0.269049888550432 0 0 992644.45 1389.33917655121 37720495 52798.4419751189 0 0 72.018415 4.48660802625714 79637.7 915.645624682388 38622.1 694.687764394911 132174.9 1042.72785999032 250434.7 2474.85478563895 0.018508945 0.000117975554565342 20.94211 5.19184721885188 56471.3 1089.20205196281 0.1733652 0.00595028604858624 
39 38498545 51237.3835690309 0.14843375 0.00180861565499694 0.9999123 1.38711931714628e-05 1000000 0 0.046274735 0.000891508930002947 3.482052 0.184116011242912 0 0 992730 1283.60581955677 38716480 50053.6771875953 0 0 61.29359 6.25955005243188 73980.8 1081.88722147921 34721.35 843.831219794575 125183.9 1258.39238316195 233886.05 3010.29328263875 0.017527055 0.000153977870082035 26.06411 3.44473679094644 49590.65 1332.51226166966 0.209316 0.010064160287873 
40 39499270 65097.2587748516 0.1422898 0.00183008799242004 0.9998948 2.66037591328693e-05 1000000 0 0.05227989 0.000940012180718952 3.675 0.181142209327368 0 0 992265.45 1583.38910173716 39690615 63340.5973685124 0 0 52.57625 5.77163037516264 68812.95 952.29120939973 31145.35 705.648940692183 118901.7 753.850455992434 218860 2228.91704646001 0.01656393 0.000159328905412671 31.72625 5.11553684255133 43348.05 1072.01844550362 0.25316725 0.00933573030284723 
41 40568825 47310.2935416808 0.1328185 0.00210935761548392 0.9999094 1.60947196309872e-05 1000000 0 0.06005304 0.00113386784873723 3.75366 0.261657793157399 0 0 993447.35 1085.046048562 40731335 44487.1023443874 0 0 41.576835 4.35147685415825 63237 918.493222620614 27069.6 733.793799374184 113467.35 949.497723799273 203773.95 2420.56285758086 0.015360475 0.000175108408921445 36.74878 5.74135719326014 36730.95 1099.8407827954 0.3120135 0.0147039167860132 
42 41572825 43111.2847755666 0.1246843 0.00138550871884662 0.99990225 1.62753648192594e-05 1000000 0 0.067010585 0.00110793937933219 3.971429 0.160709564678024 0 0 993188.4 1031.52500696784 41713925 43336.4035771313 0 0 34.546435 4.5970985481361 59100.95 648.672912568422 23963.4 485.451686576533 109110.45 1016.99761430399 192174.8 1991.22458803622 0.01436751 0.000104662222888681 46.536905 6.32426930209926 31902.7 723.875272405406 0.3759329 0.0164282685359718 
43 42574305 47034.8432016096 0.11716115 0.00215838254892408 0.99989055 2.32195499525661e-05 1000000 0 0.07436535 0.00193906452329467 4.0127905 0.172700604645004 0 0 992940.3 1106.26213439673 42696420 47558.896118392 0 0 28.18605 3.68415236133089 55656.4 975.912926443748 21387.5 631.260207838257 105467 720.863579326907 182510.9 2160.1688105331 0.01346873 0.000181710561333127 57.18837 7.13352563898806 27958.55 907.013642400157 0.44450045 0.0371382066886313 
44 43575945 75738.8967110031 0.10878105 0.00270328787728943 0.99873805 0.00494863353336049 1000000 0 0.082260875 0.0020956857891571 4.175001 0.141037336081621 0 0 991620.6 5690.40968999597 43631310 250385.25096339 0 0 21.23977 2.78589907823309 52471.15 924.251225317013 18912.05 688.035135367374 102422.05 588.444430256588 173805.25 2039.38073627756 0.01257078 0.000206771106782355 68.03864 8.44714717655612 24380 927.912926949506 0.52077435 0.0325925022854567 
45 44542920 56424.370621213 0.09975223 0.00190762531727276 0.9998763 2.1739595212414e-05 1000000 0 0.09192752 0.00200148523791708 4.34 0.14758965471875 0 0 991857.75 1266.67370995849 44633600 56994.9383717537 0 0 17.11556 2.60502725482863 49163.9 717.392075506832 16465.35 448.664381804484 99408.2 482.07816793545 165037.45 1404.92019257323 0.01166987 0.000157581179396526 76.765565 9.44424071867479 20896.1 651.214549898879 0.60969 0.0366021738521088 
46 45545190 84961.2788274753 0.09153858 0.00226019441323086 0.99985135 4.59089043650613e-05 1000000 0 0.100928425 0.00220769845605667 4.2923905 0.138939572421791 0 0 991751.85 1850.6376813142 45620570 85122.0130166104 0 0 14.051083 3.17011827854435 46556 772.224190245294 14473.15 526.131853721099 97036.9 715.109704870518 158066.05 1881.52141829425 0.010875085 0.000155001152495716 93.535875 11.7089970963732 18186.45 695.334773688185 0.7212181 0.0466031023279567 
47 46471135 78839.0910335729 0.0843149 0.00200733798275228 0.999829 5.13955250970245e-05 1000000 0 0.11109825 0.00214855709430771 4.361702 0.146484431104469 0 0 990110.75 1667.44276888294 46535205 78374.2143501292 3.32501e-05 0.000144933825762622 11.314885 2.17141870698974 44294.45 582.255912378741 12822.25 406.083596689155 94931.55 530.45381278675 152048.25 1246.77687959795 0.01019405 0.000142977734280552 109.1671 16.1986125632413 15955.4 505.992430773426 0.82201725 0.0585834858342135 
48 47383360 95271.7817614429 0.07642036 0.00210525060536745 0.99983385 3.39282699234827e-05 1000000 0 0.1217156 0.00346841732494808 4.5062505 0.0999348433968353 0 0 988304.2 1958.4314029345 47438610 94008.7065116843 1.2176375e-05 2.89878316230255e-05 8.9739585 2.68008097028481 41881.85 695.021098600611 11130.65 414.558352346205 92601.75 752.862794604701 145614.25 1511.08880860789 0.0094955155 0.000155197883119423 128.38651 15.6024646931791 13729.8 536.963462444141 0.9225652 0.0702230838738943 
49 48349585 74926.0787376465 0.068635215 0.00198582907856517 0.99979915 5.23108736306288e-05 1000000 0 0.132819 0.00291695581042977 4.579591 0.122175737358119 0 0 987637.4 1511.77069689818 48394225 74074.9409382147 2.22765e-05 7.37144724101787e-05 6.07449 1.28146915569982 39721.45 611.907384740534 9605.2 355.034026538302 90587.5 477.434236309044 139914.15 1213.87335727414 0.00884203 0.000140382695977816 147.0082 16.7598000662299 11735.15 466.955166477468 1.0495635 0.0650755223163825 
50 49279080 70799.2203346901 0.062485005 0.00224687531151041 0.9997816 5.31548680743434e-05 1000000 0 0.142062 0.00375947977784161 4.598 0.112231902772786 0 0 986352.15 1412.64253351653 49317620 70637.6854094187 2.621608e-05 6.46807133078911e-05 4.961 1.29729680489856 38103.35 714.050647713452 8463.2 380.333222319586 88833.55 391.218414060484 135400.1 1250.64119154936 0.0083313745 0.000159852129434518 157.817 11.7730204705505 10272.25 471.156966944139 1.1124475 0.0744995375069537 
51 50161400 113816.7518426 0.056264485 0.00238094438769052 0.99975855 6.1621810262273e-05 1000000 0 0.1532336 0.00332780408678155 4.684314 0.076168086519224 0 0 984170.45 2211.54668671046 50192700 112779.133708324 3.733784e-05 0.000103758663517638 4.74902 1.7178039141852 36299.75 632.416624939604 7371.5 386.020660068862 87288.3 498.753857127942 130959.55 1356.96438696821 0.0078045815 0.000145374037719085 180.253 22.2946838685818 8813.05 441.574962492214 1.2516585 0.0823362269159208 
52 51079000 114177.721119315 0.049515495 0.00169875895096244 0.99975175 6.71847266869547e-05 1000000 0 0.16433145 0.00317721392850718 4.7528845 0.0694099865635341 0 0 982788 2183.79912079843 51104975 113545.518956056 6.334565e-05 0.000177022872954676 3.796154 0.89590197467915 34545.8 579.175672831655 6261.5 263.897044318424 85614.7 332.440836841685 126422 1008.23791835062 0.007285248 0.000119429219732861 202.5405 19.5163847433381 7414.2 350.457786330965 1.338348 0.0714763679547303 
53 51987575 111442.253544156 0.044149445 0.00160502004145587 0.99971635 6.62278453522392e-05 1000000 0 0.17544945 0.0030737492004879 4.777359 0.0819395018229913 0 0 981296.4 2104.06695235679 52008705 111505.154477271 0.000114984295 0.000151088448477187 2.8867915 1.10008151806707 33203.85 493.242767306324 5407.55 245.198791799634 83833.35 577.734132192309 122444.75 1139.31263817268 0.0068837075 0.000101044427846121 221.4236 24.3628572470472 6328.85 296.529977405321 1.437747 0.0992085965579596 
54 52935360 131457.142826094 0.038008625 0.00133972477542031 0.99972755 3.91503192834979e-05 1000000 0 0.1859981 0.00331233493022671 4.8101855 0.0815392399078506 0 0 980574.75 2440.13450192812 52951035 131772.270508632 8.908945e-05 0.000156953026039642 2.4370373 0.84045146936067 31457 462.224620720273 4497.2 183.199781659259 82343.55 394.609233926425 118297.75 720.433888361729 0.006411873 9.71368612371225e-05 231.03995 23.6039983296792 5142.65 270.22532727337 1.535328 0.0970383388975718 
55 53817810 117844.104222485 0.03265941 0.00162974632992377 0.9997053 6.13042412888315e-05 1000000 0 0.19686355 0.00311740641359127 4.8454545 0.0857623615273623 0 0 978741.15 2130.58260283426 53830760 117185.542623653 0.000100193 0.000149085342832349 1.7072722 0.721955511490189 30065.25 468.574207036623 3745.65 213.916636800413 80838.25 438.797433333423 114649.15 830.486139258206 0.006021167 0.000104139989682158 250.7654 24.8785189418502 4150.1 289.776448318355 1.6313585 0.0890204334563138 
56 54804705 87741.0592311262 0.027288635 0.000882276077129489 0.9997321 4.17479340806176e-05 1000000 0 0.20695 0.00225371781729656 4.870537 0.0702747160862283 0 0 978825 1565.24649815932 54814205 87638.7954903535 4.4254265e-05 7.95983575825172e-05 1.55892945 0.814921656451617 28836.15 369.626605508857 3033.6 105.660020821501 79288.3 382.944395441427 111158.05 358.411561615972 0.005660147 7.70734327832879e-05 258.06515 17.2454227239433 3248.85 162.370956454657 1.632188 0.0914064253540198 
57 55747540 111922.653649742 0.022270865 0.00118290190813736 0.99972805 6.32799138747803e-05 1000000 0 0.2171837 0.00216762003358522 4.899122 0.0551654748552027 0 0 978148.25 1960.27008024405 55754455 111728.194628751 2.087732e-05 3.81436371583466e-05 1.4096489 0.721695576778388 27604.9 306.464010937663 2401.15 141.999040489716 77775.85 365.906173082663 107781.9 663.577719638024 0.0053198175 6.37922227136663e-05 264.2412 22.5857985149961 2467.25 178.25624112496 1.722192 0.119357800440524 
58 56690495 154201.191548574 0.017067075 0.00107389089430677 0.99977935 4.63640755326715e-05 1000000 0 0.22692545 0.00259694244208454 4.898276 0.0377344609607717 0 0 977495.6 2658.05745611339 56694750 154163.677628681 3.65122e-06 1.23579844534455e-05 0.8008615 0.421954974220888 26664.75 405.446775175238 1783.25 120.237629301313 76008 411.659325170705 104456 493.849673483743 0.0050282305 8.08990322238159e-05 273.44215 26.9716686715431 1743.4 194.20360449796 1.769196 0.125777963944405 
59 57646115 90734.9286383144 0.01239845 0.000682528069386161 0.9998273 3.65829195117023e-05 1000000 0 0.23781675 0.00135033750873624 4.945761 0.0310675174257616 0 0 977091 1534.3423672701 57648380 90534.3117276538 1.99461e-05 8.69430342177566e-05 0.815255 0.286130603616251 25562.25 274.278849895503 1258.3 73.3608206060974 74649.9 348.780719077188 101470.45 362.622320741567 0.004723641 5.34184605637414e-05 275.84995 18.4723412308104 1146.1 87.7638308188516 1.7607395 0.119852638038343 
60 58431890 141428.013137426 0.0080405085 0.0009213189556135 0.9999167 2.48175341240796e-05 1000000 0 0.24686095 0.00209163260337469 4.955 0.0289140490073599 0 0 973876.75 2353.17238796906 58432605 141186.559115944 0 0 0.79749985 0.420326056407437 25257.75 667.169684188363 793 93.4745954791996 72538.35 754.075080810923 98589.1 337.654542395034 0.004569254 0.000120479448928023 319.1008 28.0839125062731 703.1 104.056186745431 1.88765 0.167896867391861 
61 58764765 91927.440272206 0.0061413405 0.000589831271182488 0.99995045 1.73881425114946e-05 1000000 0 0.25538935 0.00206256661165161 4.9524605 0.0288163098739238 0 0 963351.8 1504.32468569787 58764470 91769.6523911908 0 0 0.79672115 0.402671774730149 24969.75 962.311845245604 592.5 58.0719381457172 70896.4 1094.94038193867 96458.65 228.618300885996 0.0044750535 0.000166518595636493 441.59505 20.3019911473604 483.6 56.730415122754 2.306552 0.113206110064784 
62 58863720 116014.342216814 0.00544898 0.000633243345886871 0.99996355 1.32040713418268e-05 1000000 0 0.25903845 0.00295368216765108 4.929838 0.0385985475892552 0 0 949407.55 1868.54752347913 58863255 115848.005917236 2.743862e-05 5.16989713727033e-05 0.6112902 0.304402787598373 25542.4 1304.3325649542 516.1 61.2077609458147 68633.5 1482.43578275755 94692 269.467994388944 0.004556369 0.00023011761940147 616.75475 24.5393435504599 419.9 58.0800309917273 2.919893 0.138943762044217 
63 58982190 82639.5843406778 0.0049771935 0.000378467282724346 0.99997265 8.24787851510792e-06 1000000 0 0.26505735 0.00331726047025252 4.9373005 0.0396751258945703 0 0 936215.55 1309.58048530818 58981575 82513.1436499665 0.00022399691 0.000130108096790933 0.5801587 0.224953623949049 25054.7 1327.27522014087 463.3 35.8623758275996 67556.8 1499.10745445415 93074.8 208.614620772371 0.0044584575 0.000233121471016185 777.4539 20.6513748498738 357 33.0862509208886 3.5409115 0.0859942111583681 
64 58994360 67437.8410093324 0.004837265 0.000388061930669578 0.9999707 8.86058688801243e-06 1000000 0 0.26871225 0.00316060715488337 4.9289065 0.0314361861991877 0 0 921776.2 1055.87696252925 58993670 67568.7879127634 0.002940295 0.000879399599792381 0.75937525 0.300691538904385 25258 1044.85831575386 443.35 36.219159294495 65941.4 1144.573300405 91642.75 168.509903269808 0.0044858185 0.000184043126909836 917.38205 14.1843116910021 336.1 46.2611067744817 4.2288595 0.0810641581387854 
65 59026895 67027.5352000952 0.0046427615 0.000471441745333132 0.98535885 0.00335593701184929 1000000 0 0.2649212 0.00345828524850106 4.8576915 0.0336623286887583 0 0 908090.05 1028.60995887654 59025850 66871.4774773221 0.016720225 0.00137316734554642 0.65076875 0.218498529510126 25010.1 1021.31943582799 424.9 43.9589581314207 66066.6 1241.08071453874 91501.6 381.172716757115 0.004375358 0.00017896483712171 918.89835 16.0082545653016 312.65 47.6416571919995 4.175827 0.155419523808948 
66 59001285 86495.689343458 0.004635835 0.000475114095702285 0.9696733 6.9289248805232e-06 1000000 0 0.25998785 0.00327061080342801 4.7689395 0.034840353252371 0 0 893945.9 1309.55022431368 59000420 86425.7114520905 0.030468695 0.000793530902659121 0.6318184 0.40053124451613 25557.95 1177.10642997989 424.4 44.2633030850613 65548.75 1311.76376970093 91531.1 207.139542338009 0.0043985935 0.000200061386761039 919.12875 9.16329811189726 323.8 45.6591721344135 4.0757085 0.0953579250128168 
67 59041080 111135.852001053 0.004479232 0.00038987872538265 0.97236495 0.00712017945332138 1000000 0 0.2651587 0.00674243178756745 4.780597 0.064040994456676 0 0 881195.7 1654.1984494008 59040125 110841.061322057 0.03854042 0.00185408719552237 0.453731345 0.177630823063936 25446.7 1581.72007953367 402.75 36.1398325950744 64046.3 1697.91640253577 89895.75 648.052148750392 0.004385051 0.000263943405333416 975.197 5.02290242787973 288.25 47.8538138500998 4.7670415 0.258447511097998 
68 59053895 91151.4260722234 0.0044102285 0.000453066280683908 0.97056615 6.80643078272076e-06 1000000 0 0.26769855 0.00416159796802863 4.766177 0.0438473800927719 0 0 868425.6 1336.26630579387 59052955 90873.0679299428 0.050793205 0.00147837343370172 0.566911715 0.304680421251043 25558.1 1545.00051456302 391.35 40.8684169010741 62770.5 1717.85932194694 88719.95 221.943117712625 0.0043925005 0.000262720108584688 983.81175 0.672413330846452 279.2 45.746693869612 5.2105795 0.0646777830846884 
69 59118560 93955.7470301844 0.004429878 0.000367813428039271 0.97099265 7.01623118204813e-06 1000000 0 0.2747078 0.00322125597554742 4.795651 0.0323738040551307 0 0 856774.85 1357.96418491063 59117465 93717.6465506897 0.062502055 0.00126361691919466 0.4797101 0.235028327143964 24728.05 1438.12688852549 387.6 32.6410784135574 62373.45 1591.33743985994 87489.1 186.196374830446 0.004252358 0.000247144477373054 984.59935 0.677350815678263 269.15 39.7596214770714 5.6317695 0.0580251230481246 
70 59111365 49458.0354947505 0.004450783 0.000371371679239276 0.97140335 8.36824354330492e-06 1000000 0 0.2775888 0.00339550026652922 4.785714 0.0312991492536139 0 0 844430.5 706.042527047769 59110120 49428.7224192574 0.074279355 0.00101673806138799 0.48214295 0.250423180306352 24942.95 853.574570556082 383.75 32.502115315776 60885.3 969.793127424607 86212 150.62337136049 0.0042873095 0.000144155820571873 985.20705 0.530635701305527 256.3 34.8053156859696 6.010396 0.0439057438611396 
