#1 Nodes,                 #2 AvgThroughput,               #4 totalBKThroughput, 
#6 totalBEThroughput,       #8 totalVIThroughput,           #10 totalVOThroughput,
#12 totalCollisions,        #14 totalBKCollisions,          #16 totalBECollisions,
#18 totalVICollisions,      #20 TotalVOCollisions,          #22 totalInternalCollisions,    
#24 totalBKIntCol,          #26 totalBEIntCol,              #28 totalVIIntCol,
#30 totalVOIntCol,          #32 overallFairness,            #34 BKFairness,
#36 BEFairness,             #38 VIFairness,                 #40 VOFairness,
#42 avgTimeBtSxTxBK,        #44 avgTimeBtSxTxBE,            #46 avgTimeBtSxTxVI,
#48 avgTimeBtSxTxVO,        #50 qEmptyBK,                   #52 qEmptyBE,
#54 qEmptyVI,               #56 qEmptyVO                    #58 totalDropped,
#60 droppedBK,              #62 droppedBE                   #64 droppedVI,
#66 droppedVO               #68 channelErrors               #70 stickiness
#72 totalThroughputUnsat    #74 totalThroughputSat          #76 totalThroughputEDCA
#78 totalBKthroughputEDCA   #80 totalBEthroughputEDCA       #82 totalVIthroughputEDCA
#84 totalVOthroughputEDCA   #86 totalThroughputECA          #88 totalBKthroughputECA
#90 totalBEthroughputECA    #92 totalVIthroughputECA        #94 totalVOthroughputECA
#96 avgTimeBtSxTxBkEDCA     #98 avgTimeBtSxTxBeEDCA         #100 avgTimeBtSxTxViEDCA
#102 avgTimeBtSxTxVoEDCA    #104 avgTimeBtSxTxBkECA         #106 avgTimeBtSxTxBeECA
#108 avgTimeBtSxTxViECA     #110 avgTimeBtSxTxVoECA         #112 BKCollisionsEDCA
#114 BECollisionsEDCA       #116 VICollisionsEDCA           #118 VOCollisionsEDCA
#120 BKCollisionsECA        #122 BECollisionsECA            #124 VICollisionsECA
#126 VOCollisionsEDCA       #128 lastCollision              #130 avgQueuingDelayBK
#132 avgQueuingDelayBE      #134 avgQueuingDelayVI          #136 avgQueuingDelayVO
5 44955350 441550 44955350 441550 0 0 0 0 0 0 17 3 0.0002646495 5.72985e-05 0 0 0 0 0 0 0 0 0 0 0 0 0 0 0 0 0.9999995 5.00000000014378e-07 0.9999995 5.00000000014378e-07 0 0 0 0 0 0 0.006084795 0.000371025 0 0 0 0 0 0 0 0 0 0 0 0 0 0 0 0 0 0 0 0 0 0 0 0 0.1 0 1 0 0 0 44955350 441550 0 0 0 0 0 0 0 0 0 0 44955350 441550 44955350 441550 0 0 0 0 0 0 0 0 0 0 0 0 0 0 0.006084795 0.000371025 0 0 0 0 0 0 0 0 0 0 0 0 0 0 0.0002646495 5.72985e-05 nan nan nan nan nan nan 38.84212 36.52698 0.90676 0.00894499999999998 0 0 0 0 0 0 
10 47313400 177700 47313400 177700 0 0 0 0 0 0 25 4 0.000522157 5.5878e-05 0 0 0 0 0 0 0 0 0 0 0 0 0 0 0 0 0.999999 0 0.999999 0 0 0 0 0 0 0 0.01214525 0.00016935 0 0 0 0 0 0 0 0 0 0 0 0 0 0 0 0 0 0 0 0 0 0 0 0 0.1 0 1 0 0 0 47313400 177700 0 0 0 0 0 0 0 0 0 0 47313400 177700 47313400 177700 0 0 0 0 0 0 0 0 0 0 0 0 0 0 0.01214525 0.00016935 0 0 0 0 0 0 0 0 0 0 0 0 0 0 0.000522157 5.5878e-05 nan nan nan nan nan nan 37.260635 35.461365 1.71601 0.00637999999999994 0 0 0 0 0 0 
15 48084450 156650 48084450 156650 0 0 0 0 0 0 37 4 0.0008512895 7.74455e-05 0 0 0 0 0 0 0 0 0 0 0 0 0 0 0 0 0.9999985 4.99999999958867e-07 0.9999985 4.99999999958867e-07 0 0 0 0 0 0 0.01807995 0.00025945 0 0 0 0 0 0 0 0 0 0 0 0 0 0 0 0 0 0 0 0 0 0 0 0 0.1 0 1 0 0 0 48084450 156650 0 0 0 0 0 0 0 0 0 0 48084450 156650 48084450 156650 0 0 0 0 0 0 0 0 0 0 0 0 0 0 0.01807995 0.00025945 0 0 0 0 0 0 0 0 0 0 0 0 0 0 0.0008512895 7.74455e-05 nan nan nan nan nan nan 0.585223 0.06053 2.522315 0.00807500000000005 0 0 0 0 0 0 
20 48509950 123150 48509950 123150 0 0 0 0 0 0 35 5 0.0009289025 6.81875e-05 0 0 0 0 0 0 0 0 0 0 0 0 0 0 0 0 0.999997 1.00000000002876e-06 0.999997 1.00000000002876e-06 0 0 0 0 0 0 0.0239866 0.000277900000000001 0 0 0 0 0 0 0 0 0 0 0 0 0 0 0 0 0 0 0 0 0 0 0 0 0.1 0 1 0 0 0 48509950 123150 0 0 0 0 0 0 0 0 0 0 48509950 123150 48509950 123150 0 0 0 0 0 0 0 0 0 0 0 0 0 0 0.0239866 0.000277900000000001 0 0 0 0 0 0 0 0 0 0 0 0 0 0 0.0009289025 6.81875e-05 nan nan nan nan nan nan 1.1334625 1.0844875 3.31936 0.00838000000000005 0 0 0 0 0 0 
25 48432350 211150 48432350 211150 0 0 0 0 0 0 48 5 0.001243005 0.000133695 0 0 0 0 0 0 0 0 0 0 0 0 0 0 0 0 0.999993 2.99999999997524e-06 0.999993 2.99999999997524e-06 0 0 0 0 0 0 0.02913255 0.000604549999999999 0 0 0 0 0 0 0 0 0 0 0 0 0 0 1.5 0.5 1.5 0.5 0 0 0 0 0 0 0.1 0 1 0 0 0 48432350 211150 0 0 0 0 0 0 0 0 0 0 48432350 211150 48432350 211150 0 0 0 0 0 0 0 0 0 0 0 0 0 0 0.02913255 0.000604549999999999 0 0 0 0 0 0 0 0 0 0 0 0 0 0 0.001243005 0.000133695 nan nan nan nan nan nan 43.510491 42.633409 4.138365 0.017935 0 0 0 0 0 0 
30 48888500 117500 48888500 117500 0 0 0 0 0 0 66 1 0.001863285 3.26850000000001e-05 0 0 0 0 0 0 0 0 0 0 0 0 0 0 0 0 0.999993 2.000000000002e-06 0.999993 2.000000000002e-06 0 0 0 0 0 0 0.03580755 0.00043135 0 0 0 0 0 0 0 0 0 0 0 0 0 0 0.5 0.5 0.5 0.5 0 0 0 0 0 0 0.1 0 1 0 0 0 48888500 117500 0 0 0 0 0 0 0 0 0 0 48888500 117500 48888500 117500 0 0 0 0 0 0 0 0 0 0 0 0 0 0 0.03580755 0.00043135 0 0 0 0 0 0 0 0 0 0 0 0 0 0 0.001863285 3.26850000000001e-05 nan nan nan nan nan nan 29.21396 27.61584 4.899835 0.011695 0 0 0 0 0 0 
35 49086050 15350 49086050 15350 0 0 0 0 0 0 72 12 0.0020345 0.00029328 0 0 0 0 0 0 0 0 0 0 0 0 0 0 0 0 0.999991 4.99999999997724e-06 0.999991 4.99999999997724e-06 0 0 0 0 0 0 0.04216805 8.4250000000001e-05 0 0 0 0 0 0 0 0 0 0 0 0 0 0 6.5 4.5 6.5 4.5 0 0 0 0 0 0 0.1 0 1 0 0 0 49086050 15350 0 0 0 0 0 0 0 0 0 0 49086050 15350 49086050 15350 0 0 0 0 0 0 0 0 0 0 0 0 0 0 0.04216805 8.4250000000001e-05 0 0 0 0 0 0 0 0 0 0 0 0 0 0 0.0020345 0.00029328 nan nan nan nan nan nan 1.439416 0.795804 5.668875 0.00170499999999985 0 0 0 0 0 0 
40 48904850 87050 48904850 87050 0 0 0 0 0 0 431 133 0.011407555 0.003606545 0 0 0 0 0 0 0 0 0 0 0 0 0 0 0 0 0.9998865 5.65000000000149e-05 0.9998865 5.65000000000149e-05 0 0 0 0 0 0 0.05090835 0.00111415 0 0 0 0 0 0 0 0 0 0 0 0 0 0 37.5 35.5 37.5 35.5 0 0 0 0 0 0 0.1 0 1 0 0 0 48904850 87050 0 0 0 0 0 0 0 0 0 0 48904850 87050 48904850 87050 0 0 0 0 0 0 0 0 0 0 0 0 0 0 0.05090835 0.00111415 0 0 0 0 0 0 0 0 0 0 0 0 0 0 0.011407555 0.003606545 nan nan nan nan nan nan 21.9582 7.3622 6.4763 0.01152 0 0 0 0 0 0 
45 48738100 368100 48738100 368100 0 0 0 0 0 0 724 404 0.020404395 0.011921705 0 0 0 0 0 0 0 0 0 0 0 0 0 0 0 0 0.9998315 9.95000000000301e-05 0.9998315 9.95000000000301e-05 0 0 0 0 0 0 0.06032195 0.00421755 0 0 0 0 0 0 0 0 0 0 0 0 0 0 130 74 130 74 0 0 0 0 0 0 0.1 0 1 0 0 0 48738100 368100 0 0 0 0 0 0 0 0 0 0 48738100 368100 48738100 368100 0 0 0 0 0 0 0 0 0 0 0 0 0 0 0.06032195 0.00421755 0 0 0 0 0 0 0 0 0 0 0 0 0 0 0.020404395 0.011921705 nan nan nan nan nan nan 29.93265 19.19095 7.27879 0.0545 0 0 0 0 0 0 
50 46870300 42200 46870300 42200 0 0 0 0 0 0 2889.5 10.5 0.10918 0.000854999999999995 0 0 0 0 0 0 0 0 0 0 0 0 0 0 0 0 0.999127 0.000132999999999994 0.999127 0.000132999999999994 0 0 0 0 0 0 0.103481 0.000446000000000002 0 0 0 0 0 0 0 0 0 0 0 0 0 0 513.5 103.5 513.5 103.5 0 0 0 0 0 0 0.1 0 1 0 0 0 46870300 42200 0 0 0 0 0 0 0 0 0 0 46870300 42200 46870300 42200 0 0 0 0 0 0 0 0 0 0 0 0 0 0 0.103481 0.000446000000000002 0 0 0 0 0 0 0 0 0 0 0 0 0 0 0.10918 0.000854999999999995 nan nan nan nan nan nan 99.97895 0.011650000000003 8.35301 0.0104099999999994 0 0 0 0 0 0 
55 46530400 14000 46530400 14000 0 0 0 0 0 0 3287 5 0.1357055 0.000889500000000001 0 0 0 0 0 0 0 0 0 0 0 0 0 0 0 0 0.999048 0.000269000000000019 0.999048 0.000269000000000019 0 0 0 0 0 0 0.127315 0.00102300000000001 0 0 0 0 0 0 0 0 0 0 0 0 0 0 597.5 47.5 597.5 47.5 0 0 0 0 0 0 0.1 0 1 0 0 0 46530400 14000 0 0 0 0 0 0 0 0 0 0 46530400 14000 46530400 14000 0 0 0 0 0 0 0 0 0 0 0 0 0 0 0.127315 0.00102300000000001 0 0 0 0 0 0 0 0 0 0 0 0 0 0 0.1357055 0.000889500000000001 nan nan nan nan nan nan 99.98535 0.0108499999999978 9.210795 0.00723500000000055 0 0 0 0 0 0 
60 45981300 28700 45981300 28700 0 0 0 0 0 0 3701 0 0.1645225 0.00014850000000001 0 0 0 0 0 0 0 0 0 0 0 0 0 0 0 0 0.9989665 3.35000000000196e-05 0.9989665 3.35000000000196e-05 0 0 0 0 0 0 0.154463 5.99999999999906e-05 0 0 0 0 0 0 0 0 0 0 0 0 0 0 738.5 71.5 738.5 71.5 0 0 0 0 0 0 0.1 0 1 0 0 0 45981300 28700 0 0 0 0 0 0 0 0 0 0 45981300 28700 45981300 28700 0 0 0 0 0 0 0 0 0 0 0 0 0 0 0.154463 5.99999999999906e-05 0 0 0 0 0 0 0 0 0 0 0 0 0 0 0.1645225 0.00014850000000001 nan nan nan nan nan nan 99.9614 0.0134000000000043 10.10445 0.00495000000000001 0 0 0 0 0 0 
65 45611950 80450 45611950 80450 0 0 0 0 0 0 3976.5 27.5 0.186054 0.00301699999999999 0 0 0 0 0 0 0 0 0 0 0 0 0 0 0 0 0.9985105 0.000147500000000023 0.9985105 0.000147500000000023 0 0 0 0 0 0 0.1799455 0.00199249999999999 0 0 0 0 0 0 0 0 0 0 0 0 0 0 961.5 114.5 961.5 114.5 0 0 0 0 0 0 0.1 0 1 0 0 0 45611950 80450 0 0 0 0 0 0 0 0 0 0 45611950 80450 45611950 80450 0 0 0 0 0 0 0 0 0 0 0 0 0 0 0.1799455 0.00199249999999999 0 0 0 0 0 0 0 0 0 0 0 0 0 0 0.186054 0.00301699999999999 nan nan nan nan nan nan 99.98575 0.000149999999997874 10.9785 0.0166000000000004 0 0 0 0 0 0 
70 45285350 30650 45285350 30650 0 0 0 0 0 0 4237.5 10.5 0.209245 0.000939000000000009 0 0 0 0 0 0 0 0 0 0 0 0 0 0 0 0 0.9984665 3.55000000000216e-05 0.9984665 3.55000000000216e-05 0 0 0 0 0 0 0.2100455 0.000338499999999992 0 0 0 0 0 0 0 0 0 0 0 0 0 0 1008 138 1008 138 0 0 0 0 0 0 0.1 0 1 0 0 0 45285350 30650 0 0 0 0 0 0 0 0 0 0 45285350 30650 45285350 30650 0 0 0 0 0 0 0 0 0 0 0 0 0 0 0.2100455 0.000338499999999992 0 0 0 0 0 0 0 0 0 0 0 0 0 0 0.209245 0.000939000000000009 nan nan nan nan nan nan 99.9608 0.0350999999999999 11.8345 0.0137999999999998 0 0 0 0 0 0 
