#1 Nodes,                 #2 AvgThroughput,               #4 totalBKThroughput, 
#6 totalBEThroughput,       #8 totalVIThroughput,           #10 totalVOThroughput,
#12 totalCollisions,        #14 totalBKCollisions,          #16 totalBECollisions,
#18 totalVICollisions,      #20 TotalVOCollisions,          #22 totalInternalCollisions,    
#24 totalBKIntCol,          #26 totalBEIntCol,              #28 totalVIIntCol,
#30 totalVOIntCol,          #32 overallFairness,            #34 BKFairness,
#36 BEFairness,             #38 VIFairness,                 #40 VOFairness,
#42 avgTimeBtSxTxBK,        #44 avgTimeBtSxTxBE,            #46 avgTimeBtSxTxVI,
#48 avgTimeBtSxTxVO,        #50 qEmptyBK,                   #52 qEmptyBE,
#54 qEmptyVI,               #56 qEmptyVO                    #58 totalDropped,
#60 droppedBK,              #62 droppedBE                   #64 droppedVI,
#66 droppedVO               #68 channelErrors               #70 stickiness
#72 totalThroughputUnsat    #74 totalThroughputSat          #76 totalThroughputEDCA
#78 totalBKthroughputEDCA   #80 totalBEthroughputEDCA       #82 totalVIthroughputEDCA
#84 totalVOthroughputEDCA   #86 totalThroughputECA          #88 totalBKthroughputECA
#90 totalBEthroughputECA    #92 totalVIthroughputECA        #94 totalVOthroughputECA
#96 avgTimeBtSxTxBkEDCA     #98 avgTimeBtSxTxBeEDCA         #100 avgTimeBtSxTxViEDCA
#102 avgTimeBtSxTxVoEDCA    #104 avgTimeBtSxTxBkECA         #106 avgTimeBtSxTxBeECA
#108 avgTimeBtSxTxViECA     #110 avgTimeBtSxTxVoECA         #112 BKCollisionsEDCA
#114 BECollisionsEDCA       #116 VICollisionsEDCA           #118 VOCollisionsEDCA
#120 BKCollisionsECA        #122 BECollisionsECA            #124 VICollisionsECA
#126 VOCollisionsEDCA       #128 lastCollision              #130 avgQueuingDelayBK
#132 avgQueuingDelayBE      #134 avgQueuingDelayVI          #136 avgQueuingDelayVO
2 1996267 7378.50736938034 1996267 7378.50736938034 0 0 0 0 0 0 2666.45 31.4888472319963 0.09995062 0.00121655094163787 0 0 0 0 0 0 0 0 0 0 0 0 0 0 0 0 0.99996545 4.10846382483649e-05 0.99996545 4.10846382483649e-05 0 0 0 0 0 0 0.0003855531 8.52637373095984e-07 0 0 0 0 0 0 23200.15 87.5295807141791 0 0 0 0 0 0 0 0 0 0 0 0 0 0 0 0 0.1 1.38777878078145e-17 1 0 1996267 7378.50736938034 0 0 0 0 0 0 0 0 0 0 0 0 1996267 7378.50736938034 1996267 7378.50736938034 0 0 0 0 0 0 0 0 0 0 0 0 0 0 0.0003855531 8.52637373095984e-07 0 0 0 0 0 0 0 0 0 0 0 0 0 0 0.09995062 0.00121655094163787 nan nan nan nan nan nan 99.94367 0.0590864629166434 0.00040448925 9.43052377919697e-07 0 0 0 0 0 0 
4 4004685 15964.031602324 4004685 15964.031602324 0 0 0 0 0 0 5478.95 57.2516156977251 0.1039525 0.00092026672763933 0 0 0 0 0 0 0 0 0 0 0 0 0 0 0 0 0.9999378 4.06738245066669e-05 0.9999378 4.06738245066669e-05 0 0 0 0 0 0 0.0003997445 8.31921420568074e-07 0 0 0 0 0 0 46400.1 177.721664408141 0 0 0 0 0 0 0 0 0 0 0 0 0 0 0 0 0.1 1.38777878078145e-17 1 0 4004685 15964.031602324 0 0 0 0 0 0 0 0 0 0 0 0 4004685 15964.031602324 4004685 15964.031602324 0 0 0 0 0 0 0 0 0 0 0 0 0 0 0.0003997445 8.31921420568074e-07 0 0 0 0 0 0 0 0 0 0 0 0 0 0 0.1039525 0.00092026672763933 nan nan nan nan nan nan 99.9854 0.0120309600614406 0.00042984715 9.83420778456504e-07 0 0 0 0 0 0 
6 5996916.5 19093.1150614561 5996916.5 19093.1150614561 0 0 0 0 0 0 8489.95 89.0255440870765 0.1097562 0.000898241537672357 0 0 0 0 0 0 0 0 0 0 0 0 0 0 0 0 0.9999233 5.80569547944218e-05 0.9999233 5.80569547944218e-05 0 0 0 0 0 0 0.0004194814 7.40471363389568e-07 0 0 0 0 0 0 69246.6 209.562258052351 0 0 0 0 0 0 0.1 0.3 0.1 0.3 0 0 0 0 0 0 0.1 1.38777878078145e-17 1 0 5996916.5 19093.1150614561 0 0 0 0 0 0 0 0 0 0 0 0 5996916.5 19093.1150614561 5996916.5 19093.1150614561 0 0 0 0 0 0 0 0 0 0 0 0 0 0 0.0004194814 7.40471363389568e-07 0 0 0 0 0 0 0 0 0 0 0 0 0 0 0.1097562 0.000898241537672357 nan nan nan nan nan nan 99.98685 0.0134880131969096 0.00046119415 9.1067339233119e-07 0 0 0 0 0 0 
8 7997562 32691.6916968211 7997562 32691.6916968211 0 0 0 0 0 0 11660.7 93.5751569595264 0.1159369 0.000841978913037612 0 0 0 0 0 0 0 0 0 0 0 0 0 0 0 0 0.99992475 3.34901104805715e-05 0.99992475 3.34901104805715e-05 0 0 0 0 0 0 0.0004447638 1.20145976212273e-06 0 0 0 0 0 0 91931.45 337.300826414641 0 0 0 0 0 0 0.05 0.217944947177034 0.05 0.217944947177034 0 0 0 0 0 0 0.1 1.38777878078145e-17 1 0 7997562 32691.6916968211 0 0 0 0 0 0 0 0 0 0 0 0 7997562 32691.6916968211 7997562 32691.6916968211 0 0 0 0 0 0 0 0 0 0 0 0 0 0 0.0004447638 1.20145976212273e-06 0 0 0 0 0 0 0 0 0 0 0 0 0 0 0.1159369 0.000841978913037612 nan nan nan nan nan nan 99.98971 0.00874133285031457 0.00049951955 1.53320332881845e-06 0 0 0 0 0 0 
10 10003523.5 26516.1117577597 10003523.5 26516.1117577597 0 0 0 0 0 0 15171.75 121.360980137769 0.1242966 0.00107499308834987 0 0 0 0 0 0 0 0 0 0 0 0 0 0 0 0 0.99991185 4.0087747504687e-05 0.99991185 4.0087747504687e-05 0 0 0 0 0 0 0.0004790917 1.8774211061986e-06 0 0 0 0 0 0 114354.15 290.725003224697 0 0 0 0 0 0 0.3 0.556776436283002 0.3 0.556776436283002 0 0 0 0 0 0 0.1 1.38777878078145e-17 1 0 10003523.5 26516.1117577597 0 0 0 0 0 0 0 0 0 0 0 0 10003523.5 26516.1117577597 10003523.5 26516.1117577597 0 0 0 0 0 0 0 0 0 0 0 0 0 0 0.0004790917 1.8774211061986e-06 0 0 0 0 0 0 0 0 0 0 0 0 0 0 0.1242966 0.00107499308834987 nan nan nan nan nan nan 99.994705 0.00609356012524681 0.0005485602 2.30873936597443e-06 0 0 0 0 0 0 
12 11988310 29936.1637488841 11988310 29936.1637488841 0 0 0 0 0 0 19182.65 145.693951487356 0.13536745 0.00098776862042687 0 0 0 0 0 0 0 0 0 0 0 0 0 0 0 0 0.99993395 2.42826584211965e-05 0.99993395 2.42826584211965e-05 0 0 0 0 0 0 0.0005264862 1.79247866375029e-06 0 0 0 0 0 0 136047.95 296.109181721878 0 0 0 0 0 0 0.3 0.458257569495584 0.3 0.458257569495584 0 0 0 0 0 0 0.1 1.38777878078145e-17 1 0 11988310 29936.1637488841 0 0 0 0 0 0 0 0 0 0 0 0 11988310 29936.1637488841 11988310 29936.1637488841 0 0 0 0 0 0 0 0 0 0 0 0 0 0 0.0005264862 1.79247866375029e-06 0 0 0 0 0 0 0 0 0 0 0 0 0 0 0.13536745 0.00098776862042687 nan nan nan nan nan nan 99.99274 0.00725723087685601 0.0006135139 2.41247855741767e-06 0 0 0 0 0 0 
14 13993885 24255.5823471629 13993885 24255.5823471629 0 0 0 0 0 0 23720.8 118.189085790525 0.14909395 0.000806399682229598 0 0 0 0 0 0 0 0 0 0 0 0 0 0 0 0 0.99992085 3.28911462250856e-05 0.99992085 3.28911462250856e-05 0 0 0 0 0 0 0.0005940158 2.41030766915761e-06 0 0 0 0 0 0 157219.3 269.052987346359 0 0 0 0 0 0 0.5 0.591607978309962 0.5 0.591607978309962 0 0 0 0 0 0 0.1 1.38777878078145e-17 1 0 13993885 24255.5823471629 0 0 0 0 0 0 0 0 0 0 0 0 13993885 24255.5823471629 13993885 24255.5823471629 0 0 0 0 0 0 0 0 0 0 0 0 0 0 0.0005940158 2.41030766915761e-06 0 0 0 0 0 0 0 0 0 0 0 0 0 0 0.14909395 0.000806399682229598 nan nan nan nan nan nan 99.99621 0.00350127119772336 0.0007042449 3.22921007213837e-06 0 0 0 0 0 0 
16 15992210 35896.7254774025 15992210 35896.7254774025 0 0 0 0 0 0 29319.95 222.803158640088 0.1684973 0.0011142008391668 0 0 0 0 0 0 0 0 0 0 0 0 0 0 0 0 0.9999261 2.42361300541079e-05 0.9999261 2.42361300541079e-05 0 0 0 0 0 0 0.0006986356 3.88340178709337e-06 0 0 0 0 0 0 176994.15 312.248182540748 0 0 0 0 0 0 0.85 0.852936105461599 0.85 0.852936105461599 0 0 0 0 0 0 0.1 1.38777878078145e-17 1 0 15992210 35896.7254774025 0 0 0 0 0 0 0 0 0 0 0 0 15992210 35896.7254774025 15992210 35896.7254774025 0 0 0 0 0 0 0 0 0 0 0 0 0 0 0.0006986356 3.88340178709337e-06 0 0 0 0 0 0 0 0 0 0 0 0 0 0 0.1684973 0.0011142008391668 nan nan nan nan nan nan 99.99632 0.00377088848946749 0.00084452085 5.49629366277859e-06 0 0 0 0 0 0 
18 17992395 19899.6852990192 17992395 19899.6852990192 0 0 0 0 0 0 36580.65 210.665914423762 0.19584875 0.000962862704387288 0 0 0 0 0 0 0 0 0 0 0 0 0 0 0 0 0.99992125 1.90364781406596e-05 0.99992125 1.90364781406596e-05 0 0 0 0 0 0 0.0008705825 5.07768665338853e-06 0 0 0 0 0 0 194545.05 233.937700039989 0 0 0 0 0 0 3.2 1.83303027798234 3.2 1.83303027798234 0 0 0 0 0 0 0.1 1.38777878078145e-17 1 0 17992395 19899.6852990192 0 0 0 0 0 0 0 0 0 0 0 0 17992395 19899.6852990192 17992395 19899.6852990192 0 0 0 0 0 0 0 0 0 0 0 0 0 0 0.0008705825 5.07768665338853e-06 0 0 0 0 0 0 0 0 0 0 0 0 0 0 0.19584875 0.000962862704387288 nan nan nan nan nan nan 99.99726 0.00268801041664588 0.001078898 8.09545032718994e-06 0 0 0 0 0 0 
20 19992225 41547.5495667314 19992225 41547.5495667314 0 0 0 0 0 0 45730.5 322.81147749112 0.23251885 0.00152994121700803 0 0 0 0 0 0 0 0 0 0 0 0 0 0 0 0 0.9999265 2.52259786727992e-05 0.9999265 2.52259786727992e-05 0 0 0 0 0 0 0.0011793965 1.10694879172435e-05 0 0 0 0 0 0 207660.6 225.492217160593 0 0 0 0 0 0 10.45 2.85438259523842 10.45 2.85438259523842 0 0 0 0 0 0 0.1 1.38777878078145e-17 1 0 19992225 41547.5495667314 0 0 0 0 0 0 0 0 0 0 0 0 19992225 41547.5495667314 19992225 41547.5495667314 0 0 0 0 0 0 0 0 0 0 0 0 0 0 0.0011793965 1.10694879172435e-05 0 0 0 0 0 0 0 0 0 0 0 0 0 0 0.23251885 0.00152994121700803 nan nan nan nan nan nan 99.997575 0.00219291472702436 0.00153324 1.83912082256713e-05 0 0 0 0 0 0 
22 21990670 31864.2291606121 21990670 31864.2291606121 0 0 0 0 0 0 57400.35 303.124772164863 0.2832998 0.00130389422883914 0 0 0 0 0 0 0 0 0 0 0 0 0 0 0 0 0.99992585 2.1258586500518e-05 0.99992585 2.1258586500518e-05 0 0 0 0 0 0 0.0017917005 1.45209013063928e-05 0 0 0 0 0 0 211700.25 320.623903506897 0 0 0 0 0 0 48.65 7.28886136512419 48.65 7.28886136512419 0 0 0 0 0 0 0.1 1.38777878078145e-17 1 0 21990670 31864.2291606121 0 0 0 0 0 0 0 0 0 0 0 0 21990670 31864.2291606121 21990670 31864.2291606121 0 0 0 0 0 0 0 0 0 0 0 0 0 0 0.0017917005 1.45209013063928e-05 0 0 0 0 0 0 0 0 0 0 0 0 0 0 0.2832998 0.00130389422883914 nan nan nan nan nan nan 99.998175 0.0022812003419238 0.002559168 2.95220181559459e-05 0 0 0 0 0 0 
24 23983495 40550.3572733953 23983495 40550.3572733953 0 0 0 0 0 0 69183.95 333.642544499349 0.344995 0.00164384631276771 0 0 0 0 0 0 0 0 0 0 0 0 0 0 0 0 0.9999244 1.90142052160925e-05 0.9999244 1.90142052160925e-05 0 0 0 0 0 0 0.0030811465 3.46580108019777e-05 0 0 0 0 0 0 199057.45 591.227745881399 0 0 0 0 0 0 189 16.4802912595621 189 16.4802912595621 0 0 0 0 0 0 0.1 1.38777878078145e-17 1 0 23983495 40550.3572733953 0 0 0 0 0 0 0 0 0 0 0 0 23983495 40550.3572733953 23983495 40550.3572733953 0 0 0 0 0 0 0 0 0 0 0 0 0 0 0.0030811465 3.46580108019777e-05 0 0 0 0 0 0 0 0 0 0 0 0 0 0 0.344995 0.00164384631276771 nan nan nan nan nan nan 99.998045 0.00225421272288043 0.0051848955 7.13537953773309e-05 0 0 0 0 0 0 
26 25949905 42940.0916976198 25949905 42940.0916976198 0 0 0 0 0 0 73778.5 183.249693042035 0.39769935 0.00137606606945306 0 0 0 0 0 0 0 0 0 0 0 0 0 0 0 0 0.9999238 2.23530758509828e-05 0.9999238 2.23530758509828e-05 0 0 0 0 0 0 0.005470026 6.90134176374421e-05 0 0 0 0 0 0 169341.05 922.979386281189 0 0 0 0 0 0 568.25 42.183972074711 568.25 42.183972074711 0 0 0 0 0 0 0.1 1.38777878078145e-17 1 0 25949905 42940.0916976198 0 0 0 0 0 0 0 0 0 0 0 0 25949905 42940.0916976198 25949905 42940.0916976198 0 0 0 0 0 0 0 0 0 0 0 0 0 0 0.005470026 6.90134176374421e-05 0 0 0 0 0 0 0 0 0 0 0 0 0 0 0.39769935 0.00137606606945306 nan nan nan nan nan nan 99.998225 0.00122632581315044 0.01125856 0.000202996028039959 0 0 0 0 0 0 
28 27895030 47432.8061577639 27895030 47432.8061577639 0 0 0 0 0 0 69142.15 253.955562057617 0.4259799 0.000886716690944747 0 0 0 0 0 0 0 0 0 0 0 0 0 0 0 0 0.99992105 1.73218792283151e-05 0.99992105 1.73218792283151e-05 0 0 0 0 0 0 0.0089103215 9.2050619132899e-05 0 0 0 0 0 0 136234.4 913.849353011753 0 0 0 0 0 0 1175.05 72.3964605488417 1175.05 72.3964605488417 0 0 0 0 0 0 0.1 1.38777878078145e-17 1 0 27895030 47432.8061577639 0 0 0 0 0 0 0 0 0 0 0 0 27895030 47432.8061577639 27895030 47432.8061577639 0 0 0 0 0 0 0 0 0 0 0 0 0 0 0.0089103215 9.2050619132899e-05 0 0 0 0 0 0 0 0 0 0 0 0 0 0 0.4259799 0.000886716690944747 nan nan nan nan nan nan 99.997825 0.00187506666548059 0.021279495 0.000290129015224262 0 0 0 0 0 0 
30 29834675 44507.7057934915 29834675 44507.7057934915 0 0 0 0 0 0 60428.05 415.667231689004 0.43630215 0.000740634948878325 0 0 0 0 0 0 0 0 0 0 0 0 0 0 0 0 0.99990725 3.01593683620845e-05 0.99990725 3.01593683620845e-05 0 0 0 0 0 0 0.013242965 0.000130985393365062 0 0 0 0 0 0 107500.55 922.298187952248 0 0 0 0 0 0 1809.95 128.245263070415 1809.95 128.245263070415 0 0 0 0 0 0 0.1 1.38777878078145e-17 1 0 29834675 44507.7057934915 0 0 0 0 0 0 0 0 0 0 0 0 29834675 44507.7057934915 29834675 44507.7057934915 0 0 0 0 0 0 0 0 0 0 0 0 0 0 0.013242965 0.000130985393365062 0 0 0 0 0 0 0 0 0 0 0 0 0 0 0.43630215 0.000740634948878325 nan nan nan nan nan nan 99.998235 0.00182736832630842 0.034199705 0.000470156932816053 0 0 0 0 0 0 
32 31821330 46792.457725578 31821330 46792.457725578 0 0 0 0 0 0 50554.55 466.283441159988 0.43618365 0.000734512578176843 0 0 0 0 0 0 0 0 0 0 0 0 0 0 0 0 0.99990465 2.31047073125749e-05 0.99990465 2.31047073125749e-05 0 0 0 0 0 0 0.01878985 0.000212443918482031 0 0 0 0 0 0 82741.15 908.48033963317 0 0 0 0 0 0 2199.85 167.492469979996 2199.85 167.492469979996 0 0 0 0 0 0 0.1 1.38777878078145e-17 1 0 31821330 46792.457725578 0 0 0 0 0 0 0 0 0 0 0 0 31821330 46792.457725578 31821330 46792.457725578 0 0 0 0 0 0 0 0 0 0 0 0 0 0 0.01878985 0.000212443918482031 0 0 0 0 0 0 0 0 0 0 0 0 0 0 0.43618365 0.000734512578176843 nan nan nan nan nan nan 99.99733 0.00254285272872729 0.050430255 0.000787851271798808 0 0 0 0 0 0 
34 33773665 46355.8224498282 33773665 46355.8224498282 0 0 0 0 0 0 40975.3 491.679885698002 0.4281351 0.00142982841278245 0 0 0 0 0 0 0 0 0 0 0 0 0 0 0 0 0.99991295 2.45895811269664e-05 0.99991295 2.45895811269664e-05 0 0 0 0 0 0 0.02578674 0.000268377019135395 0 0 0 0 0 0 62291.75 770.417735712256 0 0 0 0 0 0 2232.3 168.133310203541 2232.3 168.133310203541 0 0 0 0 0 0 0.1 1.38777878078145e-17 1 0 33773665 46355.8224498282 0 0 0 0 0 0 0 0 0 0 0 0 33773665 46355.8224498282 33773665 46355.8224498282 0 0 0 0 0 0 0 0 0 0 0 0 0 0 0.02578674 0.000268377019135395 0 0 0 0 0 0 0 0 0 0 0 0 0 0 0.4281351 0.00142982841278245 nan nan nan nan nan nan 99.99725 0.00198934662640936 0.07035822 0.00122008124999936 0 0 0 0 0 0 
36 35806160 64495.2044728909 35806160 64495.2044728909 0 0 0 0 0 0 31921.7 537.867093248881 0.4113548 0.00200837184306094 0 0 0 0 0 0 0 0 0 0 0 0 0 0 0 0 0.9999036 2.02445054273969e-05 0.9999036 2.02445054273969e-05 0 0 0 0 0 0 0.03490482 0.000458392631485281 0 0 0 0 0 0 45176.95 806.977538411076 0 0 0 0 0 0 1998 181.62681520084 1998 181.62681520084 0 0 0 0 0 0 0.1 1.38777878078145e-17 1 0 35806160 64495.2044728909 0 0 0 0 0 0 0 0 0 0 0 0 35806160 64495.2044728909 35806160 64495.2044728909 0 0 0 0 0 0 0 0 0 0 0 0 0 0 0.03490482 0.000458392631485281 0 0 0 0 0 0 0 0 0 0 0 0 0 0 0.4113548 0.00200837184306094 nan nan nan nan nan nan 99.99715 0.00348590017068816 0.0961109 0.00206295613259226 0 0 0 0 0 0 
38 37798555 72303.0599283322 37798555 72303.0599283322 0 0 0 0 0 0 24441.45 416.035632488372 0.388608 0.00157071919832923 0 0 0 0 0 0 0 0 0 0 0 0 0 0 0 0 0.9999158 2.15211523855016e-05 0.9999158 2.15211523855016e-05 0 0 0 0 0 0 0.04589283 0.00072595590162213 0 0 0 0 0 0 32286.55 738.501149288205 0 0 0 0 0 0 1597.4 270.09228052649 1597.4 270.09228052649 0 0 0 0 0 0 0.1 1.38777878078145e-17 1 0 37798555 72303.0599283322 0 0 0 0 0 0 0 0 0 0 0 0 37798555 72303.0599283322 37798555 72303.0599283322 0 0 0 0 0 0 0 0 0 0 0 0 0 0 0.04589283 0.00072595590162213 0 0 0 0 0 0 0 0 0 0 0 0 0 0 0.388608 0.00157071919832923 nan nan nan nan nan nan 99.996435 0.00424149443003314 0.1279271 0.00369439930029227 0 0 0 0 0 0 
40 39841640 54950.7361188183 39841640 54950.7361188183 0 0 0 0 0 0 18106.25 551.711235611529 0.36013425 0.00347680348704093 0 0 0 0 0 0 0 0 0 0 0 0 0 0 0 0 0.99991425 2.19860751386021e-05 0.99991425 2.19860751386021e-05 0 0 0 0 0 0 0.060157095 0.00131675295536976 0 0 0 0 0 0 21968.65 779.59792681869 0 0 0 0 0 0 1107.8 163.028095738127 1107.8 163.028095738127 0 0 0 0 0 0 0.1 1.38777878078145e-17 1 0 39841640 54950.7361188183 0 0 0 0 0 0 0 0 0 0 0 0 39841640 54950.7361188183 39841640 54950.7361188183 0 0 0 0 0 0 0 0 0 0 0 0 0 0 0.060157095 0.00131675295536976 0 0 0 0 0 0 0 0 0 0 0 0 0 0 0.36013425 0.00347680348704093 nan nan nan nan nan nan 99.99407 0.00491254516518747 0.168414 0.00552672934021561 0 0 0 0 0 0 
42 41838900 63896.737005891 41838900 63896.737005891 0 0 0 0 0 0 13169.5 220.499092968656 0.32708955 0.00205245393310057 0 0 0 0 0 0 0 0 0 0 0 0 0 0 0 0 0.9999139 1.76405782218122e-05 0.9999139 1.76405782218122e-05 0 0 0 0 0 0 0.077532005 0.00110559993418732 0 0 0 0 0 0 14498.85 339.71197726898 0 0 0 0 0 0 756.1 131.632404824952 756.1 131.632404824952 0 0 0 0 0 0 0.1 1.38777878078145e-17 1 0 41838900 63896.737005891 0 0 0 0 0 0 0 0 0 0 0 0 41838900 63896.737005891 41838900 63896.737005891 0 0 0 0 0 0 0 0 0 0 0 0 0 0 0.077532005 0.00110559993418732 0 0 0 0 0 0 0 0 0 0 0 0 0 0 0.32708955 0.00205245393310057 nan nan nan nan nan nan 99.991585 0.0108524778276662 0.2197551 0.00619567304576347 0 0 0 0 0 0 
44 43819190 51712.560369798 43819190 51712.560369798 0 0 0 0 0 0 9604.05 234.824503619192 0.29248605 0.00300915050263359 0 0 0 0 0 0 0 0 0 0 0 0 0 0 0 0 0.9999165 1.36693086877147e-05 0.9999165 1.36693086877147e-05 0 0 0 0 0 0 0.0968104 0.00168502190519886 0 0 0 0 0 0 9501.85 295.813839263818 0 0 0 0 0 0 479.55 113.446231757604 479.55 113.446231757604 0 0 0 0 0 0 0.1 1.38777878078145e-17 1 0 43819190 51712.560369798 0 0 0 0 0 0 0 0 0 0 0 0 43819190 51712.560369798 43819190 51712.560369798 0 0 0 0 0 0 0 0 0 0 0 0 0 0 0.0968104 0.00168502190519886 0 0 0 0 0 0 0 0 0 0 0 0 0 0 0.29248605 0.00300915050263359 nan nan nan nan nan nan 99.98814 0.0116525705318617 0.28645955 0.0125327436719778 0 0 0 0 0 0 
46 45806360 67870.3941347035 45806360 67870.3941347035 0 0 0 0 0 0 6648.75 184.970774718603 0.2508852 0.00350735374035753 0 0 0 0 0 0 0 0 0 0 0 0 0 0 0 0 0.99990535 2.74285890996912e-05 0.99990535 2.74285890996912e-05 0 0 0 0 0 0 0.12088585 0.00167051513836301 0 0 0 0 0 0 5763.25 202.897726699931 0 0 0 0 0 0 268 58.6446928545116 268 58.6446928545116 0 0 0 0 0 0 0.1 1.38777878078145e-17 1 0 45806360 67870.3941347035 0 0 0 0 0 0 0 0 0 0 0 0 45806360 67870.3941347035 45806360 67870.3941347035 0 0 0 0 0 0 0 0 0 0 0 0 0 0 0.12088585 0.00167051513836301 0 0 0 0 0 0 0 0 0 0 0 0 0 0 0.2508852 0.00350735374035753 nan nan nan nan nan nan 99.985395 0.013490903416747 0.3542627 0.0157918731697668 0 0 0 0 0 0 
48 47714300 77884.208925815 47714300 77884.208925815 0 0 0 0 0 0 4524.55 133.984877878065 0.20663995 0.00323424249979806 0 0 0 0 0 0 0 0 0 0 0 0 0 0 0 0 0.99989895 1.84782980818024e-05 0.99989895 1.84782980818024e-05 0 0 0 0 0 0 0.14567345 0.00169804488971876 0 0 0 0 0 0 3399.7 123.295214830098 0 0 0 0 0 0 182.95 79.8820849752934 182.95 79.8820849752934 0 0 0 0 0 0 0.1 1.38777878078145e-17 1 0 47714300 77884.208925815 0 0 0 0 0 0 0 0 0 0 0 0 47714300 77884.208925815 47714300 77884.208925815 0 0 0 0 0 0 0 0 0 0 0 0 0 0 0.14567345 0.00169804488971876 0 0 0 0 0 0 0 0 0 0 0 0 0 0 0.20663995 0.00323424249979806 nan nan nan nan nan nan 99.961295 0.0642925304759416 0.45129025 0.0290281072064215 0 0 0 0 0 0 
50 49683820 49772.1970581971 49683820 49772.1970581971 0 0 0 0 0 0 2709.4 95.4481010811635 0.1506507 0.00340017555576179 0 0 0 0 0 0 0 0 0 0 0 0 0 0 0 0 0.99989885 2.62073939948229e-05 0.99989885 2.62073939948229e-05 0 0 0 0 0 0 0.17304005 0.00187539469112504 0 0 0 0 0 0 1713.9 85.7746466037605 0 0 0 0 0 0 70.5 52.8407986313606 70.5 52.8407986313606 0 0 0 0 0 0 0.1 1.38777878078145e-17 1 0 49683820 49772.1970581971 0 0 0 0 0 0 0 0 0 0 0 0 49683820 49772.1970581971 49683820 49772.1970581971 0 0 0 0 0 0 0 0 0 0 0 0 0 0 0.17304005 0.00187539469112504 0 0 0 0 0 0 0 0 0 0 0 0 0 0 0.1506507 0.00340017555576179 nan nan nan nan nan nan 99.935955 0.0966348150254332 0.57643185 0.0350854940157253 0 0 0 0 0 0 
52 51547050 92887.1385068999 51547050 92887.1385068999 0 0 0 0 0 0 1291.55 79.9996718743271 0.086176895 0.00467086856092901 0 0 0 0 0 0 0 0 0 0 0 0 0 0 0 0 0.99989615 2.60658301229986e-05 0.99989615 2.60658301229986e-05 0 0 0 0 0 0 0.20054185 0.00168607076586364 0 0 0 0 0 0 702.45 61.7166711675217 0 0 0 0 0 0 26.9 26.6043229569933 26.9 26.6043229569933 0 0 0 0 0 0 0.1 1.38777878078145e-17 1 0 51547050 92887.1385068999 0 0 0 0 0 0 0 0 0 0 0 0 51547050 92887.1385068999 51547050 92887.1385068999 0 0 0 0 0 0 0 0 0 0 0 0 0 0 0.20054185 0.00168607076586364 0 0 0 0 0 0 0 0 0 0 0 0 0 0 0.086176895 0.00467086856092901 nan nan nan nan nan nan 99.67712 0.702724216602786 0.7418158 0.0729939628000837 0 0 0 0 0 0 
54 52846110 68107.2529177326 52846110 68107.2529177326 0 0 0 0 0 0 418.1 34.3728090210853 0.03405865 0.00248430822554288 0 0 0 0 0 0 0 0 0 0 0 0 0 0 0 0 0.9999648 9.00333271627328e-06 0.9999648 9.00333271627328e-06 0 0 0 0 0 0 0.22470055 0.0018195830422105 0 0 0 0 0 0 229.85 22.7821750498059 0 0 0 0 0 0 20.8 14.2674454616094 20.8 14.2674454616094 0 0 0 0 0 0 0.1 1.38777878078145e-17 1 0 52846110 68107.2529177326 0 0 0 0 0 0 0 0 0 0 0 0 52846110 68107.2529177326 52846110 68107.2529177326 0 0 0 0 0 0 0 0 0 0 0 0 0 0 0.22470055 0.0018195830422105 0 0 0 0 0 0 0 0 0 0 0 0 0 0 0.03405865 0.00248430822554288 nan nan nan nan nan nan 74.39832 20.3278978594591 1.366177 0.117272327174828 0 0 0 0 0 0 
56 53041325 59409.04708039 53041325 59409.04708039 0 0 0 0 0 0 292.75 31.0046367500089 0.025663615 0.00263902537601953 0 0 0 0 0 0 0 0 0 0 0 0 0 0 0 0 0.99997795 5.48155999693148e-06 0.99997795 5.48155999693148e-06 0 0 0 0 0 0 0.23625815 0.00235261453015576 0 0 0 0 0 0 167.3 29.1755034232488 0 0 0 0 0 0 13.75 8.20898897550728 13.75 8.20898897550728 0 0 0 0 0 0 0.1 1.38777878078145e-17 1 0 53041325 59409.04708039 0 0 0 0 0 0 0 0 0 0 0 0 53041325 59409.04708039 53041325 59409.04708039 0 0 0 0 0 0 0 0 0 0 0 0 0 0 0.23625815 0.00235261453015576 0 0 0 0 0 0 0 0 0 0 0 0 0 0 0.025663615 0.00263902537601953 nan nan nan nan nan nan 8.2376665 4.67777371558338 2.8545935 0.0664469473546377 0 0 0 0 0 0 
58 53061955 97472.5678075632 53061955 97472.5678075632 0 0 0 0 0 0 262.45 20.5729798522236 0.02349949 0.00175972864666687 0 0 0 0 0 0 0 0 0 0 0 0 0 0 0 0 0.99998205 3.63971152703506e-06 0.99998205 3.63971152703506e-06 0 0 0 0 0 0 0.24311325 0.00483368180453575 0 0 0 0 0 0 140.15 17.6897569231462 0 0 0 0 0 0 15.55 6.95323665640686 15.55 6.95323665640686 0 0 0 0 0 0 0.1 1.38777878078145e-17 1 0 53061955 97472.5678075632 0 0 0 0 0 0 0 0 0 0 0 0 53061955 97472.5678075632 53061955 97472.5678075632 0 0 0 0 0 0 0 0 0 0 0 0 0 0 0.24311325 0.00483368180453575 0 0 0 0 0 0 0 0 0 0 0 0 0 0 0.02349949 0.00175972864666687 nan nan nan nan nan nan 8.548249 15.6574867952063 4.420244 0.103712991249891 0 0 0 0 0 0 
60 53079215 69769.7375299635 53079215 69769.7375299635 0 0 0 0 0 0 247.3 14.3982637842207 0.02254489 0.00135374208359643 0 0 0 0 0 0 0 0 0 0 0 0 0 0 0 0 0.999979 5.30094331227269e-06 0.999979 5.30094331227269e-06 0 0 0 0 0 0 0.2514177 0.00321862935269036 0 0 0 0 0 0 120.05 11.1061919666464 0 0 0 0 0 0 12.95 5.34298605650436 12.95 5.34298605650436 0 0 0 0 0 0 0.1 1.38777878078145e-17 1 0 53079215 69769.7375299635 0 0 0 0 0 0 0 0 0 0 0 0 53079215 69769.7375299635 53079215 69769.7375299635 0 0 0 0 0 0 0 0 0 0 0 0 0 0 0.2514177 0.00321862935269036 0 0 0 0 0 0 0 0 0 0 0 0 0 0 0.02254489 0.00135374208359643 nan nan nan nan nan nan 5.849116 14.6578196762937 5.638359 0.0638405126780792 0 0 0 0 0 0 
62 53079515 103336.882452491 53079515 103336.882452491 0 0 0 0 0 0 241.3 17.3611635554763 0.021863755 0.00147010555147411 0 0 0 0 0 0 0 0 0 0 0 0 0 0 0 0 0.9999785 4.35315977193217e-06 0.9999785 4.35315977193217e-06 0 0 0 0 0 0 0.25724945 0.00446488628606597 0 0 0 0 0 0 113.85 13.1881575665443 0 0 0 0 0 0 18.7 10.8678424721745 18.7 10.8678424721745 0 0 0 0 0 0 0.1 1.38777878078145e-17 1 0 53079515 103336.882452491 0 0 0 0 0 0 0 0 0 0 0 0 53079515 103336.882452491 53079515 103336.882452491 0 0 0 0 0 0 0 0 0 0 0 0 0 0 0.25724945 0.00446488628606597 0 0 0 0 0 0 0 0 0 0 0 0 0 0 0.021863755 0.00147010555147411 nan nan nan nan nan nan 5.077939 11.8592383786202 6.456861 0.0524838316912932 0 0 0 0 0 0 
64 53114175 68016.5632401403 53114175 68016.5632401403 0 0 0 0 0 0 231.55 15.6028042351367 0.021654085 0.00133435265326487 0 0 0 0 0 0 0 0 0 0 0 0 0 0 0 0 0.99997615 5.78165201303872e-06 0.99997615 5.78165201303872e-06 0 0 0 0 0 0 0.26720545 0.00359102427553755 0 0 0 0 0 0 95.9 15.0695056322362 0 0 0 0 0 0 14.4 9.66126285741155 14.4 9.66126285741155 0 0 0 0 0 0 0.1 1.38777878078145e-17 1 0 53114175 68016.5632401403 0 0 0 0 0 0 0 0 0 0 0 0 53114175 68016.5632401403 53114175 68016.5632401403 0 0 0 0 0 0 0 0 0 0 0 0 0 0 0.26720545 0.00359102427553755 0 0 0 0 0 0 0 0 0 0 0 0 0 0 0.021654085 0.00133435265326487 nan nan nan nan nan nan 5.8615135 13.9859568277717 7.0522535 0.0324590089613038 0 0 0 0 0 0 
66 53102965 93231.1926074101 53102965 93231.1926074101 0 0 0 0 0 0 225.25 21.0472682312931 0.02108054 0.00197573030178716 0 0 0 0 0 0 0 0 0 0 0 0 0 0 0 0 0.9999772 4.98598034493894e-06 0.9999772 4.98598034493894e-06 0 0 0 0 0 0 0.27337795 0.00596452445275396 0 0 0 0 0 0 87.8 15.8227684050548 0 0 0 0 0 0 15.85 7.19913189211033 15.85 7.19913189211033 0 0 0 0 0 0 0.1 1.38777878078145e-17 1 0 53102965 93231.1926074101 0 0 0 0 0 0 0 0 0 0 0 0 53102965 93231.1926074101 53102965 93231.1926074101 0 0 0 0 0 0 0 0 0 0 0 0 0 0 0.27337795 0.00596452445275396 0 0 0 0 0 0 0 0 0 0 0 0 0 0 0.02108054 0.00197573030178716 nan nan nan nan nan nan 2.054318 0.5946184515351 7.560877 0.0393139967568803 0 0 0 0 0 0 
68 53161815 59343.9826351417 53161815 59343.9826351417 0 0 0 0 0 0 230.5 15.3476382547935 0.021930735 0.00148371974654077 0 0 0 0 0 0 0 0 0 0 0 0 0 0 0 0 0.9999746 5.35163526410672e-06 0.9999746 5.35163526410672e-06 0 0 0 0 0 0 0.28423855 0.00465937987799878 0 0 0 0 0 0 85.7 9.94032192637643 0 0 0 0 0 0 18.5 8.36958780347037 18.5 8.36958780347037 0 0 0 0 0 0 0.1 1.38777878078145e-17 1 0 53161815 59343.9826351417 0 0 0 0 0 0 0 0 0 0 0 0 53161815 59343.9826351417 53161815 59343.9826351417 0 0 0 0 0 0 0 0 0 0 0 0 0 0 0.28423855 0.00465937987799878 0 0 0 0 0 0 0 0 0 0 0 0 0 0 0.021930735 0.00148371974654077 nan nan nan nan nan nan 5.3903245 12.3865355112903 7.9781615 0.0235939522494642 0 0 0 0 0 0 
70 53126385 85466.1060011511 53126385 85466.1060011511 0 0 0 0 0 0 221.35 13.4769247233929 0.02110941 0.00135107390282693 0 0 0 0 0 0 0 0 0 0 0 0 0 0 0 0 0.99997465 6.7102533484173e-06 0.99997465 6.7102533484173e-06 0 0 0 0 0 0 0.28813715 0.00733072038939557 0 0 0 0 0 0 75.65 11.5337548092544 0 0 0 0 0 0 15.35 5.18917141748083 15.35 5.18917141748083 0 0 0 0 0 0 0.1 1.38777878078145e-17 1 0 53126385 85466.1060011511 0 0 0 0 0 0 0 0 0 0 0 0 53126385 85466.1060011511 53126385 85466.1060011511 0 0 0 0 0 0 0 0 0 0 0 0 0 0 0.28813715 0.00733072038939557 0 0 0 0 0 0 0 0 0 0 0 0 0 0 0.02110941 0.00135107390282693 nan nan nan nan nan nan 5.1148905 13.4936377955411 8.381705 0.0282731620976501 0 0 0 0 0 0 
