#1-sta 2-avgThroughput 3-stdThroughput 4-JFI 5-stdJFI 6-Bandwidth 7-avgDelay 8-stdDelay 9-avgBackoffStage 10-stdBackoffStage 11-totalFractionOfCollisionSlots 12.stdCollidingSlots 13.avgThroughputDCF 14. stdThroughputDCF 15.avgThroughputECA 16.stdThroughputECA 17.Sum of 15 and 16 18. std of 17 19. AvgBlockingProb 20. StdBlockingProb 21. AvgDroppedPackets 22.StdDropped 23.SxSlots 24.stdSxSlots 25.ColSlots 26.StdColSlots 27.EmptySlots 28.stdEmpty 29.totalSlots 30.stdTotalSlots 31.averageTAU 32.stdTAU 33.avgQSize 34.stdQSize 35.avgQEmpty 36.stdQEmpty 37. avgQDelay 38. stdQDelay
1 26089155 49.749371855331 1 0 1 0 200000000 0 0.000314 0 0 0 0 0 26089100 0 26089100 0 0.8691518 7.09849279776995e-05 0 0 318471.55 0.49749371855331 0 0 2229306.5 4.76969600708473 2547778 4 0.12499955 4.97493718553807e-07 999.7 0.458257569495584 0 0 0.3133926 2.69072480941021e-06
2 2.92629e+07 806139 1 0 6.5e+07 0.000560363 0.0170693 0.0606061 0.238606 2.37877e-08 9.36524e-08 0 0 1.46314e+07 403077 2.92628e+07 806134 0.773636 0.00619459 0 0 357213 9840.63 0.0606061 0.238606 1.14886e+06 274437 1.50607e+06 264596 0.121211 0.0149127 999.763 0.295961 0.10101 0.33318 0.55821 0
3 3.03969e+07 770861 0.973063 0.0467363 6.5e+07 0.000832672 0.0600669 0.188552 0.342177 1.82814e-07 3.16983e-07 0 0 1.01322e+07 256936 3.03968e+07 770860 0.842857 0.00396882 0 0 371056 9409.84 0.282828 0.513267 762782 262414 1.13384e+06 253004 0.11353 0.0203805 999.849 0.185054 0.0808081 0.27254 0.828351 0
4 3.04862e+07 1.06765e+06 0.904238 0.0948599 6.5e+07 0.00122964 0.204723 0.59596 0.533839 8.85761e-07 6.62145e-07 0 0 7.62154e+06 266912 3.04862e+07 1.06765e+06 0.881484 0.00411911 0 0 372146 13032.9 1.17172 1.06402 732342 363443 1.10449e+06 350411 0.0921709 0.0265212 999.856 0.170749 0.111111 0.344917 1.21965 0
5 3.07209e+07 1.0554e+06 0.855899 0.10934 6.5e+07 0.00169804 0.442307 0.850505 0.604591 1.7561e-06 9.51924e-07 0 0 6.14416e+06 211081 3.07208e+07 1.05539e+06 0.904218 0.00324653 0 0 375011 12883.3 2.06061 1.48268 652436 359261 1.02745e+06 346380 0.0815572 0.0267236 999.895 0.128215 0.131313 0.337742 1.6751 0
6 3.07103e+07 1.21544e+06 0.83523 0.100201 6.5e+07 0.00215981 0.534169 1.12458 0.67725 2.90649e-06 1.1766e-06 0 0 5.11836e+06 202573 3.07102e+07 1.21543e+06 0.919994 0.00312477 0 0 374881 14836.9 3.31313 2.02333 656017 413729 1.0309e+06 398893 0.0702468 0.0273423 999.912 0.0866771 0.111111 0.344917 2.12009 0
7 3.0187e+07 1.36818e+06 0.758814 0.111457 6.5e+07 0.00300857 0.830407 1.70563 0.638494 4.79306e-06 8.70798e-07 0 0 4.31242e+06 195454 3.01869e+07 1.36817e+06 0.932393 0.00300531 0 0 368494 16701.4 5.82828 2.26542 834087 465725 1.20259e+06 449025 0.0501456 0.0192611 999.936 0.0843486 0.141414 0.348448 2.91987 0
8 3.00167e+07 1.33655e+06 0.748121 0.11685 6.5e+07 0.0034702 0.86751 1.98359 0.637042 6.12386e-06 8.42539e-07 0 0 3.75208e+06 167068 3.00166e+07 1.33655e+06 0.941014 0.00257372 0.00378788 0.0214275 366415 16315.3 7.68687 2.57277 892010 454948 1.25843e+06 438635 0.0416637 0.0164564 999.944 0.0715587 0.161616 0.394586 3.35796 0
9 3.00538e+07 1.27909e+06 0.729302 0.107034 6.5e+07 0.00405472 0.918639 2.17396 0.596612 7.60892e-06 8.10542e-07 0 0 3.33931e+06 142121 3.00538e+07 1.2791e+06 0.947365 0.00218887 0.00224467 0.0156323 366868 15613.9 9.39394 2.83847 879316 435382 1.24619e+06 419770 0.0367676 0.0129789 999.951 0.0594982 0.131313 0.366431 3.89889 0
10 3.02505e+07 1.13634e+06 0.743642 0.10958 6.5e+07 0.00419138 0.842864 2.21616 0.554815 9.09058e-06 1.01441e-06 0 0 3.02505e+06 113634 3.02505e+07 1.13634e+06 0.952199 0.00174747 0.0020202 0.0140691 369269 13871.3 10.5859 2.86395 812320 386781 1.1816e+06 372913 0.0346614 0.0116467 999.947 0.0556748 0.121212 0.383306 4.04096 0
11 3.01732e+07 1.03083e+06 0.7294 0.0912309 6.5e+07 0.00482875 0.884433 2.42241 0.511707 1.07098e-05 1.03551e-06 0 0 2.74301e+06 93711.9 3.01731e+07 1.03082e+06 0.956539 0.00144134 0.00275482 0.0155836 368325 12583.3 12.7273 2.93986 838597 350858 1.20693e+06 338278 0.030345 0.00992271 999.946 0.0516059 0.171717 0.403029 4.61904 0
12 3.02486e+07 1.02484e+06 0.717748 0.087074 6.5e+07 0.00520785 0.821384 2.51768 0.494963 1.22008e-05 1.26205e-06 0 0 2.52071e+06 85402.5 3.02485e+07 1.02483e+06 0.959959 0.00131423 0.000841751 0.0083329 369245 12510.2 14.1515 3.10868 812890 348814 1.18215e+06 336307 0.0282966 0.00844615 999.964 0.0460214 0.141414 0.348448 4.97147 0
13 3.02065e+07 1.02355e+06 0.731176 0.0889396 6.5e+07 0.00543036 0.77161 2.63015 0.477662 1.34806e-05 1.42755e-06 0 0 2.32357e+06 78734.7 3.02064e+07 1.02355e+06 0.96299 0.00121135 0.00388501 0.016845 368732 12494.5 15.7778 3.23976 827163 348372 1.19591e+06 335881 0.0258562 0.00824557 999.96 0.045578 0.131313 0.366431 5.18737 0
14 3.02056e+07 993958 0.719371 0.0891347 6.5e+07 0.00599596 0.91999 2.76335 0.431884 1.52036e-05 1.61353e-06 0 0 2.15754e+06 70997.1 3.02055e+07 993958 0.965547 0.00109417 0.000721501 0.0071425 368721 12133.3 17.7879 3.18542 827416 338303 1.19615e+06 326173 0.0235333 0.00591386 999.963 0.0369198 0.0909091 0.28748 5.69391 0
15 3.01582e+07 906051 0.694951 0.0888872 6.5e+07 0.00664755 0.960126 2.9165 0.445992 1.70755e-05 1.7201e-06 0 0 2.01054e+06 60403.3 3.01581e+07 906060 0.967808 0.000928203 0.0013468 0.00937939 368142 11060.3 20.303 3.56882 843476 308366 1.21164e+06 297309 0.0216836 0.00618464 999.962 0.0404404 0.0909091 0.28748 6.28335 0
16 2.99593e+07 1.10381e+06 0.708008 0.0794717 6.5e+07 0.00697045 0.816554 3.06439 0.478751 1.81213e-05 2.15646e-06 0 0 1.87245e+06 68987.3 2.99592e+07 1.1038e+06 0.969933 0.00106182 0.00315657 0.0136865 365714 13474.2 22.4848 4.21245 911139 375672 1.27688e+06 362201 0.0195641 0.00621171 999.97 0.0322441 0.151515 0.35855 6.57926 0
17 3.00914e+07 849568 0.705314 0.0794831 6.5e+07 0.00733104 0.846131 3.11527 0.387758 1.97531e-05 1.99367e-06 0 0 1.77008e+06 49975.3 3.00913e+07 849564 0.971508 0.00076776 0.00297088 0.0128814 367327 10370.7 23.9192 3.71368 866126 289134 1.23348e+06 278766 0.0185899 0.00499073 999.971 0.039666 0.181818 0.41105 6.90939 0
18 3.00399e+07 924743 0.694813 0.0909623 6.5e+07 0.00786925 0.844968 3.2284 0.411358 2.16578e-05 2.22607e-06 0 0 1.66888e+06 51374.2 3.00398e+07 924738 0.973064 0.000790865 0.00561167 0.01851 366698 11288.4 26.5657 4.46346 883576 314706 1.2503e+06 303422 0.017345 0.00453447 999.971 0.0330408 0.10101 0.301342 7.38666 0
19 3.00761e+07 825449 0.69444 0.0801622 6.5e+07 0.00816175 0.817327 3.28921 0.38059 2.32888e-05 2.4949e-06 0 0 1.58295e+06 43444.2 3.00761e+07 825445 0.974386 0.000668487 0.00478469 0.0151305 367140 10076.3 28.303 4.15229 871200 280910 1.23837e+06 270838 0.0164925 0.00419813 999.976 0.0284016 0.040404 0.196905 7.65605 0
20 3.01117e+07 816213 0.694419 0.0835284 6.5e+07 0.00848721 0.828984 3.34091 0.380813 2.49469e-05 2.57173e-06 0 0 1.50558e+06 40810.3 3.01116e+07 816213 0.975576 0.000628322 0.00555556 0.0186527 367574 9963.54 30.0505 4.42987 859053 277760 1.22666e+06 267800 0.0158238 0.00401478 999.977 0.0268486 0.111111 0.344917 7.94407 0
21 3.00689e+07 814644 0.708256 0.0699392 6.5e+07 0.00865899 0.734728 3.41318 0.348604 2.63682e-05 2.85651e-06 0 0 1.43185e+06 38792.8 3.00688e+07 814650 0.976712 0.000597114 0.006253 0.0174491 367052 9944.45 32.1111 4.38982 873566 277232 1.24065e+06 267291 0.0148057 0.00349857 999.982 0.025197 0.10101 0.301342 8.11117 0
22 3.02836e+07 720719 0.699077 0.0734593 6.5e+07 0.00921239 0.772328 3.40404 0.340634 2.89915e-05 2.79138e-06 0 0 1.37652e+06 32759.6 3.02835e+07 720712 0.977563 0.000504622 0.00596877 0.0153519 369673 8797.8 33.3939 4.43771 800433 245250 1.17014e+06 236456 0.0150241 0.00338831 999.98 0.0259106 0.171717 0.403029 8.58352 0
23 3.01071e+07 747673 0.698807 0.0706352 6.5e+07 0.0095074 0.804408 3.53887 0.338693 3.00042e-05 2.78136e-06 0 0 1.309e+06 32507.6 3.01071e+07 747680 0.978601 0.000499653 0.00658762 0.0155892 367519 9126.89 36.2929 4.83099 860419 254414 1.22797e+06 245292 0.0135993 0.00300095 999.98 0.0231805 0.171717 0.403029 8.85919 0
24 3.0152e+07 672632 0.691563 0.0683209 6.5e+07 0.00990192 0.682982 3.58796 0.304342 3.20611e-05 2.79821e-06 0 0 1.25633e+06 28026.4 3.01519e+07 672635 0.979412 0.000431216 0.00715488 0.0187656 368066 8210.84 38.4242 4.83692 845099 228870 1.2132e+06 220664 0.0131152 0.00265917 999.981 0.0240035 0.181818 0.385695 9.20419 0
25 3.00736e+07 697253 0.704651 0.0583011 6.5e+07 0.0101334 0.57871 3.66343 0.300142 3.32297e-05 3.04562e-06 0 0 1.20294e+06 27890.3 3.00735e+07 697244 0.980233 0.000429865 0.00808081 0.0160603 367109 8511.31 40.5758 4.81809 871725 237249 1.23887e+06 228742 0.0123398 0.00268547 999.984 0.0211341 0.121212 0.326374 9.41275 0
26 3.0062e+07 720032 0.714181 0.0673925 6.5e+07 0.0102797 0.671182 3.70746 0.302591 3.48635e-05 3.33865e-06 0 0 1.15623e+06 27693.2 3.00619e+07 720030 0.980951 0.000426012 0.0066045 0.0155011 366968 8789.42 42.6667 5.0111 875605 245004 1.24262e+06 236219 0.0118123 0.00242581 999.98 0.0226335 0.111111 0.31427 9.5525 0
27 3.01716e+07 620055 0.692359 0.075125 6.5e+07 0.0108885 0.720534 3.74224 0.274342 3.69588e-05 3.27987e-06 0 0 1.11746e+06 22965.3 3.01715e+07 620060 0.981548 0.000353466 0.00598578 0.0136333 368306 7569.1 44.0707 4.85185 838262 210976 1.20661e+06 203411 0.0116671 0.00219195 999.987 0.0185594 0.0909091 0.28748 10.0743 0
28 3.01491e+07 633677 0.706442 0.0686168 6.5e+07 0.0110454 0.666955 3.78608 0.266803 3.87245e-05 3.63063e-06 0 0 1.07675e+06 22631.3 3.0149e+07 633675 0.982174 0.000347931 0.00793651 0.0148479 368031 7735.32 46.4242 5.23796 845860 215608 1.21394e+06 207878 0.0111816 0.00208805 999.987 0.0181204 0.171717 0.377134 10.2186 0
29 3.01065e+07 708164 0.716477 0.0620501 6.5e+07 0.0112231 0.612614 3.83699 0.275331 4.0288e-05 3.60063e-06 0 0 1.03815e+06 24419.7 3.01065e+07 708173 0.982768 0.000375545 0.0114943 0.0207939 367512 8644.62 48.8081 6.04641 860271 240938 1.22783e+06 232298 0.0107068 0.00209043 999.987 0.0166131 0.10101 0.301342 10.3812 0
30 3.01169e+07 578499 0.709098 0.0634936 6.5e+07 0.0116081 0.635829 3.89057 0.247912 4.19044e-05 3.69014e-06 0 0 1.00389e+06 19283.6 3.01168e+07 578502 0.983295 0.000297391 0.010101 0.0160348 367638 7061.79 50.7172 4.84307 856701 196829 1.22439e+06 189771 0.0102998 0.0019116 999.987 0.0174279 0.0909091 0.320697 10.7168 0
31 3.01017e+07 638555 0.70934 0.0644309 6.5e+07 0.0120096 0.656988 3.94265 0.250817 4.3523e-05 4.27681e-06 0 0 971021 20598.6 3.01016e+07 638555 0.983801 0.00031804 0.0123819 0.0192934 367453 7794.91 52.7374 5.2254 861806 217267 1.22931e+06 209476 0.00996898 0.00193703 999.983 0.0196064 0.111111 0.344917 11.0587 0
32 3.01946e+07 526084 0.706661 0.0653437 6.5e+07 0.0123401 0.590148 3.95328 0.228277 4.56299e-05 3.9397e-06 0 0 943580 16440.3 3.01946e+07 526087 0.984223 0.000253241 0.0138889 0.0194737 368587 6421.97 54.1414 4.87005 830132 178988 1.19877e+06 172570 0.00984617 0.0016532 999.987 0.0158928 0.151515 0.385695 11.3419 0
33 3.01773e+07 544455 0.709404 0.067313 6.5e+07 0.01258 0.610503 3.99725 0.226853 4.74974e-05 4.15616e-06 0 0 914462 16498.7 3.01772e+07 544455 0.984671 0.000254034 0.0116315 0.0186289 368375 6646.21 56.6061 5.1812 835966 185232 1.2044e+06 178591 0.00950378 0.00158978 999.986 0.0161901 0.151515 0.385695 11.5549 0
34 3.00908e+07 585018 0.71165 0.0555774 6.5e+07 0.0127778 0.518785 4.06566 0.241048 4.88826e-05 4.17347e-06 0 0 885022 17206.4 3.00908e+07 585014 0.985124 0.00026445 0.0151515 0.0197692 367320 7141.35 59.596 6.02003 865318 199018 1.2327e+06 191882 0.00902496 0.0016873 999.985 0.0156837 0.0808081 0.27254 11.7396 0
35 3.01692e+07 473073 0.71377 0.0665575 6.5e+07 0.013059 0.567284 4.07619 0.192028 5.05754e-05 3.61622e-06 0 0 861974 13516.4 3.01691e+07 473075 0.985479 0.000208413 0.0095238 0.0151947 368276 5774.8 60.6263 5.38908 838623 160927 1.20696e+06 155157 0.00888202 0.00126337 999.986 0.0150273 0.111111 0.31427 11.9794 0
36 3.01363e+07 573412 0.718217 0.0570358 6.5e+07 0.0132987 0.512367 4.11813 0.22213 5.23538e-05 4.2688e-06 0 0 837116 15928.2 3.01362e+07 573414 0.985861 0.000244898 0.0151515 0.018633 367874 6999.72 63.101 6.2223 849762 195061 1.2177e+06 188067 0.00861905 0.00146986 999.986 0.0170543 0.141414 0.348448 12.1883 0
37 3.02119e+07 536389 0.721507 0.0653376 6.5e+07 0.0136342 0.547407 4.12503 0.226013 5.4634e-05 4.51303e-06 0 0 816536 14496.9 3.02118e+07 536381 0.986178 0.000223379 0.012558 0.0168819 368798 6547.72 64.4949 5.81251 823963 182463 1.19283e+06 175920 0.00857616 0.00150714 999.986 0.0159819 0.0909091 0.28748 12.469 0
38 3.0165e+07 498225 0.725687 0.059824 6.5e+07 0.0138616 0.560264 4.17943 0.197828 5.62456e-05 4.43662e-06 0 0 793813 13111.1 3.01649e+07 498226 0.986527 0.000201857 0.0151515 0.0191055 368225 6081.84 67.4444 6.64728 839864 169465 1.20816e+06 163388 0.00819389 0.00127191 999.988 0.01402 0.0707071 0.256335 12.6714 0
39 3.02789e+07 479320 0.71387 0.0638901 6.5e+07 0.0142905 0.574223 4.17483 0.196847 5.91162e-05 4.36031e-06 0 0 776381 12290.2 3.02788e+07 479314 0.986795 0.000189245 0.017094 0.0215609 369616 5851.02 68.6667 6.00841 801036 163034 1.17072e+06 157188 0.00826406 0.0012471 999.99 0.013727 0.151515 0.385695 13.0251 0
40 3.02219e+07 517732 0.734104 0.0593571 6.5e+07 0.0143343 0.564275 4.21515 0.211202 6.0016e-05 4.4585e-06 0 0 755546 12943.2 3.02219e+07 517725 0.987116 0.000199492 0.0179293 0.0201134 368920 6319.94 70.7879 6.74241 820377 176093 1.18937e+06 169779 0.00793523 0.00126463 999.986 0.0159551 0.111111 0.31427 13.0764 0
41 3.02394e+07 448305 0.737108 0.0517655 6.5e+07 0.0145591 0.485278 4.24021 0.181673 6.22399e-05 4.46948e-06 0 0 737544 10934.3 3.02393e+07 448306 0.987393 0.000168639 0.0184774 0.019942 369133 5472.49 73.1717 6.28135 814369 152476 1.18358e+06 147008 0.00774574 0.00110218 999.989 0.0134458 0.111111 0.31427 13.2714 0
42 3.01987e+07 456254 0.743038 0.0546893 6.5e+07 0.0147624 0.477857 4.28427 0.18501 6.32093e-05 4.6653e-06 0 0 719016 10863.2 3.01987e+07 456256 0.987678 0.00016758 0.0180375 0.0203304 368637 5569.49 75.101 6.2223 828155 155182 1.19687e+06 149618 0.00747572 0.00113301 999.988 0.013799 0.222222 0.41574 13.4508 0
43 3.02537e+07 439480 0.73041 0.0670666 6.5e+07 0.0151932 0.577809 4.30256 0.17266 6.58964e-05 4.6695e-06 0 0 703572 10220.5 3.02536e+07 439479 0.987915 0.000157362 0.0171482 0.0179792 369308 5364.78 77.1616 6.33526 809392 149467 1.17878e+06 144108 0.00741588 0.00104589 999.987 0.0136669 0.111111 0.344917 13.8072 0
44 3.0223e+07 426776 0.737427 0.0500511 6.5e+07 0.0154229 0.4877 4.34412 0.160121 6.83775e-05 4.28689e-06 0 0 686884 9699.41 3.02229e+07 426779 0.988172 0.000149074 0.0227273 0.0221459 368933 5209.66 80.8384 6.61908 819740 145134 1.18875e+06 139930 0.00716686 0.000943226 999.988 0.0134633 0.0606061 0.238606 14.0084 0
45 3.02739e+07 470438 0.744277 0.0598738 6.5e+07 0.0155572 0.527622 4.34074 0.186914 7.06742e-05 4.76066e-06 0 0 672751 10454.1 3.02738e+07 470431 0.98839 0.000160961 0.0215488 0.0182689 369554 5742.59 82.2323 7.08794 802383 159976 1.17202e+06 154240 0.00714883 0.00106149 999.99 0.0122202 0.131313 0.337742 14.1221 0
46 3.028e+07 438062 0.753332 0.0567231 6.5e+07 0.0157766 0.543965 4.36451 0.172669 7.27786e-05 4.74817e-06 0 0 658259 9523.14 3.02799e+07 438059 0.988612 0.000146323 0.0252525 0.0208897 369629 5347.4 84.6768 7.79644 800230 148950 1.16994e+06 143609 0.00699187 0.000985017 999.99 0.0120909 0.0808081 0.27254 14.3085 0
47 3.02811e+07 402016 0.743795 0.0534546 6.5e+07 0.0160865 0.48405 4.39781 0.159232 7.44709e-05 5.20924e-06 0 0 644276 8553.49 3.0281e+07 402021 0.988828 0.000131245 0.022781 0.0196574 369642 4907.39 86.6667 7.79407 799808 136690 1.16954e+06 131789 0.00682889 0.000899675 999.991 0.0120859 0.121212 0.326374 14.5722 0
48 3.02737e+07 378683 0.749639 0.0509212 6.5e+07 0.0162923 0.453576 4.42635 0.148362 7.65563e-05 4.47477e-06 0 0 630700 7889.32 3.02736e+07 378686 0.989036 0.000120951 0.023569 0.020006 369552 4622.67 89.3434 7.27131 802242 128752 1.17188e+06 124135 0.00665886 0.000809573 999.993 0.0110262 0.10101 0.301342 14.7506 0
49 3.03281e+07 453780 0.751816 0.0496438 6.5e+07 0.0166007 0.502224 4.42651 0.175617 7.89046e-05 5.33886e-06 0 0 618940 9260.87 3.0328e+07 453778 0.989217 0.000142584 0.0232942 0.0200987 370216 5539.33 90.4747 8.37305 783683 154284 1.15399e+06 148752 0.00667595 0.000979838 999.989 0.0107525 0.121212 0.326374 14.996 0
50 3.03485e+07 351994 0.759654 0.0522782 6.5e+07 0.016778 0.49083 4.44404 0.137274 8.08023e-05 4.75552e-06 0 0 606968 7039.94 3.03484e+07 352000 0.989401 0.000108583 0.0240404 0.0184182 370465 4296.81 92.2929 6.3901 776698 119687 1.14726e+06 115395 0.00653706 0.000746772 999.991 0.0103564 0.0707071 0.256335 15.1506 0
51 3.02937e+07 444895 0.772369 0.0572968 6.5e+07 0.0169076 0.558122 4.48208 0.171504 8.25619e-05 5.13916e-06 0 0 593993 8723.49 3.02937e+07 444895 0.989601 0.000134148 0.023569 0.0221171 369797 5430.85 95.6768 9.01271 795238 151243 1.16513e+06 145820 0.00634098 0.000924677 999.991 0.0110069 0.10101 0.301342 15.2671 0
52 3.02819e+07 390751 0.762863 0.0561323 6.5e+07 0.0171252 0.455081 4.51535 0.154524 8.50371e-05 4.47673e-06 0 0 582343 7514.54 3.02818e+07 390755 0.98978 0.000115898 0.0289433 0.0226016 369652 4769.97 99.0707 9.03445 799177 132806 1.16893e+06 128043 0.00617069 0.00078671 999.991 0.0102025 0.0909091 0.28748 15.4602 0
53 3.03721e+07 387273 0.771414 0.0468516 6.5e+07 0.0174376 0.452847 4.50105 0.152017 8.80368e-05 4.73795e-06 0 0 573057 7307.08 3.0372e+07 387277 0.989923 0.000112437 0.0243949 0.0186287 370753 4727.51 99.899 8.56643 768437 131633 1.13929e+06 126913 0.00623075 0.000788338 999.992 0.00977093 0.111111 0.31427 15.7038 0
54 3.03322e+07 320252 0.766719 0.050751 6.5e+07 0.0176823 0.472345 4.54695 0.119008 8.96415e-05 5.11609e-06 0 0 561705 5930.62 3.03321e+07 320252 0.990098 9.10105e-05 0.0331089 0.0241628 370266 3909.38 102.99 7.74922 781953 108858 1.15232e+06 104955 0.00601092 0.000621846 999.99 0.0101627 0.0909091 0.28748 15.9178 0
55 3.03833e+07 316608 0.76545 0.0472214 6.5e+07 0.017991 0.482448 4.55041 0.121097 9.27574e-05 5.1273e-06 0 0 552421 5756.52 3.03832e+07 316608 0.99024 8.86546e-05 0.026079 0.0193667 370889 3864.87 105 7.61179 764507 107616 1.1355e+06 103756 0.00600072 0.000635792 999.991 0.00934553 0.0808081 0.27254 16.1651 0
56 3.04134e+07 363887 0.780682 0.0552337 6.5e+07 0.0181303 0.564301 4.55087 0.134935 9.52729e-05 4.65557e-06 0 0 543095 6498.02 3.04133e+07 363888 0.990384 9.96958e-05 0.0297619 0.0219806 371258 4441.98 106.889 9.16833 754180 123652 1.12555e+06 119219 0.00596911 0.000710884 999.992 0.00966548 0.0909091 0.28748 16.277 0
57 3.03934e+07 306619 0.779366 0.0546045 6.5e+07 0.018318 0.463514 4.5832 0.116695 9.68517e-05 5.3042e-06 0 0 533217 5379.39 3.03934e+07 306626 0.990536 8.27134e-05 0.0287081 0.0182312 371014 3742.97 109.313 7.78842 760918 104217 1.13204e+06 100480 0.00580629 0.000590963 999.992 0.00989792 0.131313 0.337742 16.4436 0
58 3.03975e+07 310539 0.791396 0.0480785 6.5e+07 0.0184569 0.442509 4.59753 0.120532 9.88788e-05 5.54115e-06 0 0 524094 5354.13 3.03974e+07 310539 0.990676 8.23729e-05 0.0337861 0.0198964 371063 3790.78 111.485 8.43318 759466 105538 1.13064e+06 101754 0.00571506 0.000583917 999.993 0.00969252 0.121212 0.326374 16.5621 0
59 3.04233e+07 276087 0.792817 0.0455095 6.5e+07 0.0187189 0.44038 4.60983 0.104815 0.000101318 5.60288e-06 0 0 515648 4679.43 3.04232e+07 276083 0.990806 7.20059e-05 0.0373224 0.0211365 371378 3370.21 113.394 7.52346 750636 93835.8 1.12213e+06 90471.3 0.0056558 0.000522406 999.991 0.00977431 0.0909091 0.28748 16.7754 0
60 3.0503e+07 286861 0.794854 0.0485033 6.5e+07 0.0190099 0.443807 4.59579 0.11255 0.000104214 5.18454e-06 0 0 508382 4780.97 3.05029e+07 286856 0.990918 7.36956e-05 0.0284512 0.0185399 372351 3501.76 113.899 7.5042 723497 97486.6 1.09596e+06 93991.1 0.00571484 0.000560465 999.991 0.00993044 0.0808081 0.27254 16.9999 0
61 3.05275e+07 309148 0.794235 0.0512456 6.5e+07 0.0192841 0.481403 4.60623 0.122167 0.000107254 4.92316e-06 0 0 500449 5068 3.05274e+07 309151 0.99104 7.80453e-05 0.0294751 0.0225884 372650 3773.79 116.465 9.89267 715078 105008 1.08784e+06 101243 0.00567491 0.000589616 999.993 0.00795046 0.0808081 0.27254 17.2196 0
62 3.05156e+07 282929 0.802949 0.0434994 6.5e+07 0.0194142 0.422731 4.62822 0.110453 0.000109421 4.68747e-06 0 0 492186 4563.5 3.05155e+07 282929 0.991167 6.98767e-05 0.0335614 0.0200742 372505 3453.76 119.313 9.85003 719047 96080.1 1.09167e+06 92635.1 0.00555293 0.000529938 999.993 0.00881068 0.161616 0.368098 17.3346 0
63 3.05237e+07 281321 0.804968 0.046843 6.5e+07 0.0196435 0.436862 4.6447 0.10689 0.000111698 6.02371e-06 0 0 484501 4465.43 3.05236e+07 281323 0.991286 6.89509e-05 0.0367163 0.0220644 372603 3434.12 121.374 9.21745 716252 95574.5 1.08898e+06 92147.5 0.00547869 0.000509766 999.994 0.00817401 0.0909091 0.28748 17.5225 0
64 3.04989e+07 258928 0.815463 0.0487682 6.5e+07 0.019762 0.433882 4.6714 0.0972481 0.000114885 5.57197e-06 0 0 476545 4045.63 3.04989e+07 258919 0.991408 6.21821e-05 0.0394571 0.0226856 372301 3160.69 125.848 9.41883 724540 87939.4 1.09697e+06 84786.3 0.00534331 0.000461586 999.993 0.00851866 0.131313 0.337742 17.6298 0
65 3.05492e+07 251995 0.809657 0.0443645 6.5e+07 0.0200811 0.429841 4.67195 0.0983963 0.000116818 5.47349e-06 0 0 469986 3876.82 3.05491e+07 251990 0.991509 5.96516e-05 0.038073 0.0185988 372914 3076.14 126.051 9.28926 707438 85579.1 1.08048e+06 82510.7 0.00534977 0.000462137 999.993 0.00809994 0.151515 0.35855 17.8796 0
66 3.05209e+07 241735 0.817208 0.0484132 6.5e+07 0.0202098 0.416987 4.70049 0.0882646 0.000119576 5.05654e-06 0 0 462436 3662.64 3.05208e+07 241735 0.991625 5.65725e-05 0.0428528 0.0266414 372569 2950.85 130.232 10.2157 716954 82057.6 1.08965e+06 79115.2 0.00521509 0.000409934 999.993 0.00779383 0.131313 0.337742 17.9957 0
67 3.05614e+07 268786 0.820539 0.0484831 6.5e+07 0.0204843 0.474153 4.70074 0.100613 0.000122572 6.16409e-06 0 0 456139 4011.78 3.05613e+07 268787 0.991722 6.17838e-05 0.0413086 0.0217201 373063 3281.15 131.747 10.7039 703127 91263.6 1.07632e+06 87991.4 0.00521736 0.000481383 999.993 0.00861907 0.0909091 0.28748 18.2079 0
68 3.05659e+07 208889 0.822319 0.0425477 6.5e+07 0.0206631 0.380812 4.71747 0.0811225 0.000125803 6.09769e-06 0 0 449497 3071.93 3.05658e+07 208887 0.991824 4.71152e-05 0.0464943 0.0261657 373119 2549.9 135.162 10.3159 701483 70893.7 1.07474e+06 68351.3 0.00513382 0.000367886 999.993 0.00851342 0.0909091 0.28748 18.3594 0
69 3.05998e+07 258959 0.832016 0.0480991 6.5e+07 0.0208641 0.443931 4.71585 0.101289 0.000127957 6.44692e-06 0 0 443474 3753.1 3.05997e+07 258961 0.991917 5.79443e-05 0.0447958 0.0229466 373533 3161.21 135.96 11.5382 689915 87900.9 1.06358e+06 84748.9 0.00513208 0.000468889 999.993 0.00892623 0.0808081 0.27254 18.5138 0
70 3.05993e+07 245929 0.839473 0.0520883 6.5e+07 0.0210376 0.466189 4.73218 0.0924777 0.000130446 6.33249e-06 0 0 437132 3513.21 3.05993e+07 245921 0.992014 5.40258e-05 0.0489177 0.0261681 373527 3001.96 138.616 10.9625 690000 83476.8 1.06367e+06 80483.7 0.0050543 0.000430874 999.994 0.00858592 0.0808081 0.27254 18.6574 0
