#1 Nodes,                 #2 AvgThroughput,               #4 totalBKThroughput, 
#6 totalBEThroughput,       #8 totalVIThroughput,           #10 totalVOThroughput,
#12 totalCollisions,        #14 totalBKCollisions,          #16 totalBECollisions,
#18 totalVICollisions,      #20 TotalVOCollisions,          #22 totalInternalCollisions,    
#24 totalBKIntCol,          #26 totalBEIntCol,              #28 totalVIIntCol,
#30 totalVOIntCol,          #32 overallFairness,            #34 BKFairness,
#36 BEFairness,             #38 VIFairness,                 #40 VOFairness,
#42 avgTimeBtSxTxBK,        #44 avgTimeBtSxTxBE,            #46 avgTimeBtSxTxVI,
#48 avgTimeBtSxTxVO,        #50 qEmptyBK,                   #52 qEmptyBE,
#54 qEmptyVI,               #56 qEmptyVO                    #58 totalDropped,
#60 droppedBK,              #62 droppedBE                   #64 droppedVI,
#66 droppedVO               #68 channelErrors               #70 stickiness
#72 totalThroughputUnsat    #74 totalThroughputSat          #76 totalThroughputEDCA
#78 totalBKthroughputEDCA   #80 totalBEthroughputEDCA       #82 totalVIthroughputEDCA
#84 totalVOthroughputEDCA   #86 totalThroughputECA          #88 totalBKthroughputECA
#90 totalBEthroughputECA    #92 totalVIthroughputECA        #94 totalVOthroughputECA
#96 avgTimeBtSxTxBkEDCA     #98 avgTimeBtSxTxBeEDCA         #100 avgTimeBtSxTxViEDCA
#102 avgTimeBtSxTxVoEDCA    #104 avgTimeBtSxTxBkECA         #106 avgTimeBtSxTxBeECA
#108 avgTimeBtSxTxViECA     #110 avgTimeBtSxTxVoECA         #112 BKCollisionsEDCA
#114 BECollisionsEDCA       #116 VICollisionsEDCA           #118 VOCollisionsEDCA
#120 BKCollisionsECA        #122 BECollisionsECA            #124 VICollisionsECA
#126 VOCollisionsEDCA       #128 lastCollision              #130 avgQueuingDelayBK
#132 avgQueuingDelayBE      #134 avgQueuingDelayVI          #136 avgQueuingDelayVO
5 45390050 1950 45390050 1950 0 0 0 0 0 0 12.5 0.5 0.000226777 6.75400000000001e-06 0 0 0 0 0 0 0 0 0 0 0 0 0 0 0 0 0.9999995 5.00000000014378e-07 0.9999995 5.00000000014378e-07 0 0 0 0 0 0 0.006479325 8.44500000000015e-06 0 0 0 0 0 0 0 0 0 0 0 0 0 0 0 0 0 0 0 0 0 0 0 0 0.1 0 1 0 0 0 45390050 1950 0 0 0 0 0 0 0 0 0 0 45390050 1950 45390050 1950 0 0 0 0 0 0 0 0 0 0 0 0 0 0 0.006479325 8.44500000000015e-06 0 0 0 0 0 0 0 0 0 0 0 0 0 0 0.000226777 6.75400000000001e-06 nan nan nan nan nan nan 0.241171 0.11998 0.897957 2.8000000000028e-05 0 0 0 0 0 0 
10 47486450 15250 47486450 15250 0 0 0 0 0 0 19 1 0.0004448265 2.60015e-05 0 0 0 0 0 0 0 0 0 0 0 0 0 0 0 0 0.9999985 4.99999999958867e-07 0.9999985 4.99999999958867e-07 0 0 0 0 0 0 0.01236535 2.60500000000006e-05 0 0 0 0 0 0 0 0 0 0 0 0 0 0 0 0 0 0 0 0 0 0 0 0 0.1 0 1 0 0 0 47486450 15250 0 0 0 0 0 0 0 0 0 0 47486450 15250 47486450 15250 0 0 0 0 0 0 0 0 0 0 0 0 0 0 0.01236535 2.60500000000006e-05 0 0 0 0 0 0 0 0 0 0 0 0 0 0 0.0004448265 2.60015e-05 nan nan nan nan nan nan 3.655973 3.308227 1.70967 0.000599999999999934 0 0 0 0 0 0 
15 48148450 88650 48148450 88650 0 0 0 0 0 0 32 0 0.0007266605 2.00955e-05 0 0 0 0 0 0 0 0 0 0 0 0 0 0 0 0 0.999998 0 0.999998 0 0 0 0 0 0 0 0.0181135 0.0001586 0 0 0 0 0 0 0 0 0 0 0 0 0 0 1.5 1.5 1.5 1.5 0 0 0 0 0 0 0.1 0 1 0 0 0 48148450 88650 0 0 0 0 0 0 0 0 0 0 48148450 88650 48148450 88650 0 0 0 0 0 0 0 0 0 0 0 0 0 0 0.0181135 0.0001586 0 0 0 0 0 0 0 0 0 0 0 0 0 0 0.0007266605 2.00955e-05 nan nan nan nan nan nan 24.906477 23.920923 2.518675 0.00468500000000027 0 0 0 0 0 0 
20 48425950 55050 48425950 55050 0 0 0 0 0 0 35.5 2.5 0.0008966885 4.53025e-05 0 0 0 0 0 0 0 0 0 0 0 0 0 0 0 0 0.9999955 5.00000000014378e-07 0.9999955 5.00000000014378e-07 0 0 0 0 0 0 0.0236857 2.51999999999995e-05 0 0 0 0 0 0 0 0 0 0 0 0 0 0 0 0 0 0 0 0 0 0 0 0 0.1 0 1 0 0 0 48425950 55050 0 0 0 0 0 0 0 0 0 0 48425950 55050 48425950 55050 0 0 0 0 0 0 0 0 0 0 0 0 0 0 0.0236857 2.51999999999995e-05 0 0 0 0 0 0 0 0 0 0 0 0 0 0 0.0008966885 4.53025e-05 nan nan nan nan nan nan 10.16647 7.53603 3.325255 0.00368500000000016 0 0 0 0 0 0 
25 48697700 41100 48697700 41100 0 0 0 0 0 0 55.5 2.5 0.001467255 1.39350000000001e-05 0 0 0 0 0 0 0 0 0 0 0 0 0 0 0 0 0.9999935 1.49999999998762e-06 0.9999935 1.49999999998762e-06 0 0 0 0 0 0 0.0298251 6.19999999999996e-05 0 0 0 0 0 0 0 0 0 0 0 0 0 0 3 2 3 2 0 0 0 0 0 0 0.1 0 1 0 0 0 48697700 41100 0 0 0 0 0 0 0 0 0 0 48697700 41100 48697700 41100 0 0 0 0 0 0 0 0 0 0 0 0 0 0 0.0298251 6.19999999999996e-05 0 0 0 0 0 0 0 0 0 0 0 0 0 0 0.001467255 1.39350000000001e-05 nan nan nan nan nan nan 28.83248 27.74862 4.116265 0.00341499999999995 0 0 0 0 0 0 
30 48942150 61350 48942150 61350 0 0 0 0 0 0 61.5 6.5 0.00171648 0.00021492 0 0 0 0 0 0 0 0 0 0 0 0 0 0 0 0 0.999995 9.99999999973245e-07 0.999995 9.99999999973245e-07 0 0 0 0 0 0 0.03589445 0.000345950000000001 0 0 0 0 0 0 0 0 0 0 0 0 0 0 1.5 0.5 1.5 0.5 0 0 0 0 0 0 0.1 0 1 0 0 0 48942150 61350 0 0 0 0 0 0 0 0 0 0 48942150 61350 48942150 61350 0 0 0 0 0 0 0 0 0 0 0 0 0 0 0.03589445 0.000345950000000001 0 0 0 0 0 0 0 0 0 0 0 0 0 0 0.00171648 0.00021492 nan nan nan nan nan nan 21.428145 19.748055 4.89456 0.00604000000000005 0 0 0 0 0 0 
35 49056500 70600 49056500 70600 0 0 0 0 0 0 67 10 0.00194731 0.00023513 0 0 0 0 0 0 0 0 0 0 0 0 0 0 0 0 0.9999875 1.49999999998762e-06 0.9999875 1.49999999998762e-06 0 0 0 0 0 0 0.0419316 0.000302299999999998 0 0 0 0 0 0 0 0 0 0 0 0 0 0 0.5 0.5 0.5 0.5 0 0 0 0 0 0 0.1 0 1 0 0 0 49056500 70600 0 0 0 0 0 0 0 0 0 0 49056500 70600 49056500 70600 0 0 0 0 0 0 0 0 0 0 0 0 0 0 0.0419316 0.000302299999999998 0 0 0 0 0 0 0 0 0 0 0 0 0 0 0.00194731 0.00023513 nan nan nan nan nan nan 1.814345 0.381605 5.672705 0.00764499999999968 0 0 0 0 0 0 
40 49135950 18850 49135950 18850 0 0 0 0 0 0 137.5 31.5 0.003758545 0.000829045 0 0 0 0 0 0 0 0 0 0 0 0 0 0 0 0 0.999972 1.69999999999892e-05 0.999972 1.69999999999892e-05 0 0 0 0 0 0 0.0485426 0.000243899999999998 0 0 0 0 0 0 0 0 0 0 0 0 0 0 36 18 36 18 0 0 0 0 0 0 0.1 0 1 0 0 0 49135950 18850 0 0 0 0 0 0 0 0 0 0 49135950 18850 49135950 18850 0 0 0 0 0 0 0 0 0 0 0 0 0 0 0.0485426 0.000243899999999998 0 0 0 0 0 0 0 0 0 0 0 0 0 0 0.003758545 0.000829045 nan nan nan nan nan nan 3.788045 1.847395 6.44536 0.00218000000000007 0 0 0 0 0 0 
45 48203900 894400 48203900 894400 0 0 0 0 0 0 1354 1068 0.046323165 0.038759435 0 0 0 0 0 0 0 0 0 0 0 0 0 0 0 0 0.999575 0.000341999999999953 0.999575 0.000341999999999953 0 0 0 0 0 0 0.0701147 0.0143369 0 0 0 0 0 0 0 0 0 0 0 0 0 0 248.5 188.5 248.5 188.5 0 0 0 0 0 0 0.1 0 1 0 0 0 48203900 894400 0 0 0 0 0 0 0 0 0 0 48203900 894400 48203900 894400 0 0 0 0 0 0 0 0 0 0 0 0 0 0 0.0701147 0.0143369 0 0 0 0 0 0 0 0 0 0 0 0 0 0 0.046323165 0.038759435 nan nan nan nan nan nan 55.1906 42.868 7.359885 0.135005 0 0 0 0 0 0 
50 46977100 58000 46977100 58000 0 0 0 0 0 0 2810.5 51.5 0.105565 0.003072 0 0 0 0 0 0 0 0 0 0 0 0 0 0 0 0 0.998929 0.000236999999999987 0.998929 0.000236999999999987 0 0 0 0 0 0 0.102226 0.001222 0 0 0 0 0 0 0 0 0 0 0 0 0 0 676 56 676 56 0 0 0 0 0 0 0.1 0 1 0 0 0 46977100 58000 0 0 0 0 0 0 0 0 0 0 46977100 58000 46977100 58000 0 0 0 0 0 0 0 0 0 0 0 0 0 0 0.102226 0.001222 0 0 0 0 0 0 0 0 0 0 0 0 0 0 0.105565 0.003072 nan nan nan nan nan nan 99.98715 0.0101499999999959 8.33536 0.0115800000000004 0 0 0 0 0 0 
55 46548450 51250 46548450 51250 0 0 0 0 0 0 3264.5 19.5 0.1341645 0.000821500000000003 0 0 0 0 0 0 0 0 0 0 0 0 0 0 0 0 0.9989915 1.65000000000304e-05 0.9989915 1.65000000000304e-05 0 0 0 0 0 0 0.1267315 0.000154500000000002 0 0 0 0 0 0 0 0 0 0 0 0 0 0 639.5 29.5 639.5 29.5 0 0 0 0 0 0 0.1 0 1 0 0 0 46548450 51250 0 0 0 0 0 0 0 0 0 0 46548450 51250 46548450 51250 0 0 0 0 0 0 0 0 0 0 0 0 0 0 0.1267315 0.000154500000000002 0 0 0 0 0 0 0 0 0 0 0 0 0 0 0.1341645 0.000821500000000003 nan nan nan nan nan nan 99.933 0.0670000000000002 9.20606 0.0101799999999992 0 0 0 0 0 0 
60 46081200 75200 46081200 75200 0 0 0 0 0 0 3704 45 0.1659235 0.0029155 0 0 0 0 0 0 0 0 0 0 0 0 0 0 0 0 0.998495 5.10000000000232e-05 0.998495 5.10000000000232e-05 0 0 0 0 0 0 0.1557835 0.0014665 0 0 0 0 0 0 0 0 0 0 0 0 0 0 638.5 134.5 638.5 134.5 0 0 0 0 0 0 0.1 0 1 0 0 0 46081200 75200 0 0 0 0 0 0 0 0 0 0 46081200 75200 46081200 75200 0 0 0 0 0 0 0 0 0 0 0 0 0 0 0.1557835 0.0014665 0 0 0 0 0 0 0 0 0 0 0 0 0 0 0.1659235 0.0029155 nan nan nan nan nan nan 99.96915 0.011650000000003 10.0942 0.0110000000000001 0 0 0 0 0 0 
65 45671350 18350 45671350 18350 0 0 0 0 0 0 3971 11 0.186558 0.00073899999999999 0 0 0 0 0 0 0 0 0 0 0 0 0 0 0 0 0.9984465 3.49999999998962e-06 0.9984465 3.49999999998962e-06 0 0 0 0 0 0 0.1806095 0.0011485 0 0 0 0 0 0 0 0 0 0 0 0 0 0 921 116 921 116 0 0 0 0 0 0 0.1 0 1 0 0 0 45671350 18350 0 0 0 0 0 0 0 0 0 0 45671350 18350 45671350 18350 0 0 0 0 0 0 0 0 0 0 0 0 0 0 0.1806095 0.0011485 0 0 0 0 0 0 0 0 0 0 0 0 0 0 0.186558 0.00073899999999999 nan nan nan nan nan nan 99.98805 0.0014500000000055 10.9677 0.00450000000000017 0 0 0 0 0 0 
70 45197600 11300 45197600 11300 0 0 0 0 0 0 4268.5 26.5 0.212042 0.00154 0 0 0 0 0 0 0 0 0 0 0 0 0 0 0 0 0.998678 0.000373000000000012 0.998678 0.000373000000000012 0 0 0 0 0 0 0.2118075 0.000370499999999996 0 0 0 0 0 0 0 0 0 0 0 0 0 0 944.5 80.5 944.5 80.5 0 0 0 0 0 0 0.1 0 1 0 0 0 45197600 11300 0 0 0 0 0 0 0 0 0 0 45197600 11300 45197600 11300 0 0 0 0 0 0 0 0 0 0 0 0 0 0 0.2118075 0.000370499999999996 0 0 0 0 0 0 0 0 0 0 0 0 0 0 0.212042 0.00154 nan nan nan nan nan nan 99.9816 0.00549999999999784 11.86725 0.00445000000000029 0 0 0 0 0 0 
