#1-sta 2-avgThroughput 3-stdThroughput 4-JFI 5-stdJFI 6-Bandwidth 7-avgDelay 8-stdDelay 9-avgBackoffStage 10-stdBackoffStage 11-totalFractionOfCollisionSlots 12.stdCollidingSlots 13.avgThroughputDCF 14. stdThroughputDCF 15.avgThroughputECA 16.stdThroughputECA 17.Sum of 15 and 16 18. std of 17 19. AvgBlockingProb 20. StdBlockingProb 21. AvgDroppedPackets 22.StdDropped 23.SxSlots 24.stdSxSlots 25.ColSlots 26.StdColSlots 27.EmptySlots 28.stdEmpty 29.totalSlots 30.stdTotalSlots 31.averageTAU 32.stdTAU 33.avgQSize 34.stdQSize 35.avgQEmpty 36.stdQEmpty 37. avgQDelay 38. stdQDelay
2 5.95356e+07 76427.7 0.995307 0.0297895 6.5e+07 0.00887424 0.016276 0.040404 0.183633 1.08542e-06 3.17611e-06 0 0 2.97713e+07 38735.5 5.95426e+07 77474.4 0.540722 0.000693793 0 0 22721.1 30.6649 0.121212 0.35598 71128.8 14180 93850.1 14150 0.122654 0.01074 992.636 5.48221 11.5354 7.17362 0.274618 0
3 5.95413e+07 139975 0.90611 0.054744 6.5e+07 0.014673 0.0363715 0.63973 0.401111 1.015e-05 4.83261e-06 0 0 1.98479e+07 46678 5.95436e+07 140039 0.693391 0.000764971 0 0 22719.5 52.8811 1.0202 0.619217 69830.2 25713.4 92550.7 25661.2 0.0872341 0.0210288 995.057 3.51684 7.10101 2.84443 0.455021 0
4 5.96262e+07 129918 0.882703 0.0680228 6.5e+07 0.0203024 0.0569146 0.800505 0.412831 1.95211e-05 6.00853e-06 0 0 1.49068e+07 32547.2 5.96272e+07 130200 0.769404 0.000500778 0 0 22750.4 49.5328 1.58586 0.840996 53977.4 23725.9 76729.4 23677.2 0.0795867 0.0190303 996.033 2.58874 5.39394 2.3648 0.62975 0
5 5.96205e+07 133980 0.863581 0.084724 6.5e+07 0.0269265 0.147861 1.15354 0.459977 3.53826e-05 8.38668e-06 0 0 1.19241e+07 26882.1 5.96207e+07 134425 0.815295 0.000446042 0 0 22747.7 51.1723 2.81818 1.1403 54502.6 24401.2 77253 24351.1 0.0643852 0.0188989 996.877 1.96036 4.60606 1.85765 0.834482 0
6 5.96781e+07 123932 0.843351 0.0981921 6.5e+07 0.0329779 0.190495 1.20539 0.515652 5.06882e-05 1.03966e-05 0 0 9.94634e+06 20666.5 5.9678e+07 123997 0.845727 0.000329569 0 0 22769.2 47.2969 3.48485 1.54635 43569.6 22308 66342.3 22262.2 0.0631641 0.0195963 997.059 1.70483 4.22222 1.97743 1.02122 0
7 5.96295e+07 153141 0.788074 0.112477 6.5e+07 0.0454683 0.353092 1.66811 0.609086 7.50257e-05 1.00214e-05 0 0 8.51844e+06 21901.8 5.96291e+07 153309 0.86769 0.000355718 0 0 22750.4 58.4219 5.59596 2.09337 51621.9 27420.5 74377.9 27364.1 0.0494683 0.0168383 997.697 1.48324 3.90909 1.7413 1.40158 0
8 5.96439e+07 150222 0.775906 0.10831 6.5e+07 0.0535263 0.45684 1.81187 0.582622 9.70126e-05 1.24027e-05 0 0 7.45543e+06 18775.6 5.96435e+07 150208 0.884043 0.000297212 0.040404 0.39998 22755.6 57.3474 6.86869 2.40221 48371.7 26757.8 71134.2 26702.7 0.0449905 0.0145929 997.982 1.20971 3.54545 1.38734 1.64477 0
9 5.96414e+07 168664 0.763024 0.103556 6.5e+07 0.0618397 0.487143 1.98317 0.62523 0.000121534 1.50618e-05 0 0 6.62674e+06 18730.2 5.96406e+07 168568 0.896792 0.000298328 0.107744 0.609493 22754.5 64.289 8.44444 2.87877 48081.6 30007.4 70844.5 29945.8 0.040908 0.0143058 998.229 1.03439 3.38384 1.39774 1.89717 0
10 5.96157e+07 141970 0.751432 0.103809 6.5e+07 0.0699232 0.469303 2.25253 0.516856 0.000145852 1.82707e-05 0 0 5.96149e+06 14190.5 5.96149e+07 141905 0.907022 0.00022068 0.0323232 0.319984 22744.3 54.1398 10.6162 2.63507 51843.5 25173.1 74598.4 25121.3 0.0337302 0.0107064 998.689 0.994824 2.89899 1.35955 2.14026 0
11 5.96146e+07 118985 0.731789 0.0982285 6.5e+07 0.0759168 0.441236 2.40129 0.488452 0.000170686 1.89498e-05 0 0 5.41941e+06 10820 5.96136e+07 119018 0.915366 0.000166898 0.117539 0.572814 22743.8 45.3993 12.404 2.78495 51241.3 20876.8 73997.5 20833.9 0.030341 0.00901133 998.524 1.01705 2.86869 1.34575 2.32355 0
12 5.9594e+07 133912 0.710359 0.0933692 6.5e+07 0.088966 0.495768 2.617 0.455654 0.000199581 2.78117e-05 0 0 4.96607e+06 11146.4 5.95929e+07 133749 0.922339 0.000171317 0.0538721 0.375176 22735.8 51.0282 14.8081 2.94967 53930.6 23528.7 76681.2 23480.4 0.0269015 0.00746971 998.79 0.857962 2.67677 1.18772 2.70943 0
13 5.96048e+07 138489 0.723975 0.0949189 6.5e+07 0.0919977 0.488229 2.6488 0.481213 0.000221841 2.76714e-05 0 0 4.58491e+06 10652.6 5.96038e+07 138490 0.928203 0.000168126 0.149184 0.587339 22740.2 52.5802 15.9495 3.5144 51341 24018.9 74097.1 23969.6 0.0258748 0.00755329 998.855 0.740837 2.89899 1.33708 2.80253 0
14 5.95654e+07 141305 0.711155 0.0916608 6.5e+07 0.100844 0.509 2.89394 0.447786 0.000242676 3.19563e-05 0 0 4.25458e+06 10093.4 5.95642e+07 141312 0.933287 0.000159055 0.161616 0.585907 22724.8 53.9432 18.7677 3.35396 57305.1 24703.1 80048.7 24652.2 0.0220483 0.00628453 998.978 0.69928 2.66667 1.18918 3.06718 0
15 5.95645e+07 116422 0.708219 0.0800279 6.5e+07 0.106242 0.420277 2.99394 0.364298 0.000266756 3.31582e-05 0 0 3.97089e+06 7759.95 5.95633e+07 116392 0.93765 0.000121951 0.0215488 0.213322 22724.4 44.3636 20.6162 2.99058 56630.9 20304.7 79375.8 20263 0.0202225 0.00458868 998.991 0.735856 2.41414 1.10106 3.23008 0
16 5.95848e+07 113693 0.68864 0.08455 6.5e+07 0.112737 0.44917 3.00505 0.389014 0.000300956 3.5064e-05 0 0 3.72397e+06 7103.01 5.95836e+07 113653 0.941449 0.000110411 0.10101 0.437969 22732.1 43.2671 22 3.55619 52206.7 19499.5 74960.8 19459.4 0.0202189 0.0050425 999.025 0.71018 2.45455 1.10346 3.42408 0
17 5.95675e+07 125569 0.703579 0.0828976 6.5e+07 0.118893 0.546924 3.11765 0.421538 0.00032258 4.37116e-05 0 0 3.50389e+06 7387.91 5.95662e+07 125591 0.944831 0.000113831 0.0950682 0.412206 22725.4 48.0417 24.0808 3.88646 54400.5 21570.1 77150 21525.6 0.0187075 0.00509213 999.076 0.610025 2.38384 1.11652 3.60559 0
18 5.95522e+07 126110 0.69626 0.0807137 6.5e+07 0.124666 0.476406 3.23513 0.406935 0.000344925 4.4489e-05 0 0 3.30837e+06 7009.63 5.95507e+07 126177 0.947841 0.000109897 0.305275 0.670462 22719.4 48.2945 26.404 4.39449 56165.5 21514.3 78911.3 21470.1 0.01723 0.00460822 999.18 0.577333 2.19192 1.15187 3.77903 0
19 5.95427e+07 116055 0.699054 0.0792627 6.5e+07 0.132028 0.4251 3.33599 0.365309 0.000370388 5.06012e-05 0 0 3.13375e+06 6106.94 5.95412e+07 116021 0.950528 9.73768e-05 0.221159 0.617148 22715.7 44.2901 28.6162 3.83947 56878.3 19922.4 79622.7 19881.5 0.0159742 0.00382078 999.28 0.53244 2.14141 0.88774 3.99556 0
20 5.95388e+07 127015 0.712465 0.0675595 6.5e+07 0.133621 0.374836 3.37879 0.375385 0.00039355 4.82306e-05 0 0 2.97687e+06 6355.02 5.95374e+07 127098 0.952941 9.9724e-05 0.274747 0.683772 22714.3 48.4755 30.3939 4.59428 56800.2 21428.6 79544.8 21384.4 0.0152885 0.0038315 999.161 0.528222 2.14141 1.04456 4.04676 0
21 5.95581e+07 109036 0.693453 0.0801605 6.5e+07 0.142279 0.432124 3.39153 0.347006 0.00043457 5.34797e-05 0 0 2.83603e+06 5196.45 5.95567e+07 109133 0.955108 8.06132e-05 0.169312 0.478887 22721.5 41.6581 31.8182 4.07595 52487.6 18438 75240.9 18400.1 0.0152438 0.00359424 999.249 0.486595 2.05051 1.10439 4.3012 0
22 5.95376e+07 92570.7 0.672246 0.0865786 6.5e+07 0.153657 0.470875 3.54086 0.298974 0.000463622 5.37334e-05 0 0 2.70618e+06 4209.57 5.9536e+07 92603.7 0.957106 6.51544e-05 0.176309 0.51779 22713.6 35.4157 35.1616 3.79981 54677.8 15521.8 77426.6 15489.8 0.0139313 0.0028972 999.299 0.467413 1.92929 0.997497 4.63432 0
23 5.95509e+07 103462 0.691992 0.0895716 6.5e+07 0.155456 0.459587 3.51647 0.334749 0.00049369 5.26804e-05 0 0 2.5891e+06 4501.78 5.95493e+07 103542 0.958907 6.9468e-05 0.23891 0.524707 22718.8 39.4972 36.0202 4.75242 51756.8 17085.8 74511.7 17050.6 0.013932 0.0028455 999.305 0.434676 2.11111 0.941618 4.6884 0
24 5.95273e+07 108303 0.702213 0.07544 6.5e+07 0.157236 0.400636 3.61237 0.340024 0.000511895 6.58412e-05 0 0 2.48024e+06 4506.31 5.95257e+07 108150 0.960582 7.03526e-05 0.26936 0.567896 22709.6 41.2253 38.6869 4.89206 54861.2 17885.8 77609.6 17849.1 0.012913 0.00302798 999.468 0.441329 1.88889 0.930829 4.7445 0
25 5.95393e+07 89697.4 0.702386 0.0693223 6.5e+07 0.163673 0.382985 3.62949 0.280063 0.000543144 5.68685e-05 0 0 2.3815e+06 3592.56 5.95376e+07 89832 0.9621 5.5362e-05 0.232727 0.526144 22714.1 34.2019 39.9091 4.33005 52090 14742 74844 14711.8 0.0126521 0.00241656 999.381 0.380127 1.77778 0.859358 4.93273 0
26 5.95226e+07 85497.9 0.698766 0.0757529 6.5e+07 0.16898 0.406912 3.71989 0.263029 0.000571371 5.97385e-05 0 0 2.28926e+06 3287.06 5.95208e+07 85467.1 0.963519 5.21472e-05 0.273504 0.540757 22707.7 32.662 42.9596 4.37837 53709.8 14001.6 76460.4 13972.8 0.0118652 0.00222126 999.422 0.427909 1.72727 0.874073 5.09024 0
27 5.95315e+07 95493.7 0.689726 0.0671208 6.5e+07 0.176127 0.370851 3.73288 0.296075 0.000601986 6.26742e-05 0 0 2.20481e+06 3539.96 5.95297e+07 95581.1 0.964819 5.45835e-05 0.287318 0.585752 22711.2 36.4704 43.9495 5.38493 51621.9 15339.5 74377 15308 0.0118412 0.00240929 999.437 0.383169 1.73737 0.704758 5.29806 0
28 5.95101e+07 98035.5 0.705829 0.0649893 6.5e+07 0.17787 0.382205 3.81746 0.29107 0.00061689 6.55284e-05 0 0 2.12529e+06 3497.63 5.95082e+07 97940.3 0.966042 5.46166e-05 0.311689 0.558425 22702.8 37.282 46.6364 5.51299 54292.5 15682.8 77042 15650.6 0.0110169 0.0022399 999.479 0.33833 1.63636 0.797148 5.35307 0
29 5.95078e+07 84688.5 0.70549 0.0677628 6.5e+07 0.182312 0.350649 3.86033 0.253792 0.000645743 6.00289e-05 0 0 2.05193e+06 2919.08 5.95061e+07 84655.2 0.967171 4.48028e-05 0.234065 0.477588 22702 32.1904 48.6869 5.00837 53729.9 13408 76480.6 13380.4 0.0106114 0.00189752 999.454 0.364602 1.63636 0.904026 5.48457 0
30 5.9505e+07 87888.5 0.70167 0.0566809 6.5e+07 0.189778 0.389452 3.90168 0.251031 0.000684135 7.09644e-05 0 0 1.98344e+06 2928.7 5.95031e+07 87856.1 0.968224 4.64665e-05 0.334008 0.539152 22700.9 33.4746 51.0505 5.24428 53117.6 14012.3 75869.5 13983.5 0.0103641 0.001883 999.501 0.334283 1.56566 0.866452 5.70069 0
31 5.94973e+07 81576.3 0.705116 0.0596372 6.5e+07 0.194448 0.371601 3.95373 0.229987 0.000707617 7.01447e-05 0 0 1.91921e+06 2634.5 5.94955e+07 81669 0.969213 4.0891e-05 0.458782 0.626307 22698 31.0965 53.1515 4.84166 53506.9 13049.1 76258 13022.3 0.00993798 0.00169808 999.503 0.322294 1.65657 0.793428 5.83725 0
32 5.95038e+07 92863.6 0.695836 0.067618 6.5e+07 0.201628 0.445949 3.95928 0.274252 0.000751979 8.23029e-05 0 0 1.85943e+06 2903.72 5.95017e+07 92922.4 0.970133 4.5628e-05 0.535354 0.671394 22700.4 35.4285 54.798 6.05527 51538.5 14572.8 74293.7 14542.9 0.0100005 0.00210364 999.6 0.307481 1.55556 0.806817 6.04392 0
33 5.949e+07 85307.8 0.706643 0.0673672 6.5e+07 0.203623 0.424162 4.02418 0.233894 0.000765593 7.68267e-05 0 0 1.80266e+06 2585.34 5.94879e+07 85327.9 0.971006 4.00795e-05 0.421181 0.648834 22694.9 32.5231 57.1818 6.08088 53036.2 13272.6 75788.3 13245.4 0.00941622 0.00167552 999.571 0.326168 1.38384 0.78762 6.10546 0
34 5.94993e+07 74397 0.711599 0.0637256 6.5e+07 0.208814 0.354032 4.02347 0.218263 0.000799427 7.03596e-05 0 0 1.74992e+06 2186.81 5.94973e+07 74368.8 0.971817 3.45416e-05 0.4183 0.571043 22698.6 28.3894 58.1111 5.22791 50817.6 11455.5 73574.3 11431.9 0.00936523 0.00153726 999.543 0.29031 1.54545 0.700256 6.25579 0
35 5.94978e+07 72493.3 0.720342 0.0620371 6.5e+07 0.212294 0.382214 4.04387 0.206164 0.000829942 7.49518e-05 0 0 1.69988e+06 2068.52 5.94958e+07 72410.5 0.972587 3.2061e-05 0.369408 0.518489 22698 27.7456 59.8182 5.25004 50191.2 11196.9 72949.1 11173.8 0.00916526 0.00144078 999.61 0.302685 1.52525 0.84499 6.35769 0
36 5.94827e+07 74884 0.721889 0.0556727 6.5e+07 0.215603 0.335222 4.1055 0.208468 0.000855452 7.6078e-05 0 0 1.65224e+06 2082.65 5.94807e+07 74967.2 0.97332 3.25589e-05 0.502806 0.621024 22692.3 28.6327 62.8485 5.71081 51573.6 11440.8 74328.7 11417.2 0.00874401 0.00135864 999.58 0.30341 1.45455 0.700256 6.45673 0
37 5.94812e+07 65638.3 0.714091 0.058608 6.5e+07 0.221979 0.362233 4.13868 0.178562 0.000890176 7.52135e-05 0 0 1.60754e+06 1774.39 5.94791e+07 65651.5 0.974008 2.80365e-05 0.480481 0.579481 22691.6 24.9777 64.899 5.01411 50864.7 10085.8 73621.2 10065 0.00854476 0.0011519 999.643 0.294835 1.44444 0.684935 6.64131 0
38 5.94649e+07 79293.6 0.713404 0.0596571 6.5e+07 0.226134 0.372341 4.19883 0.211991 0.000914715 8.0602e-05 0 0 1.56481e+06 2085.74 5.94629e+07 79258.7 0.974666 3.20011e-05 0.518873 0.65237 22685.5 30.1697 67.9697 6.86295 52381.1 11720.9 75134.5 11696.8 0.00821043 0.00135839 999.6 0.257676 1.48485 0.783203 6.76336 0
39 5.94861e+07 72170.9 0.721452 0.0539302 6.5e+07 0.231971 0.366894 4.15411 0.200992 0.000968442 8.6191e-05 0 0 1.52523e+06 1850.75 5.9484e+07 72159.7 0.975274 2.86864e-05 0.538721 0.607801 22693.4 27.442 68.1313 6.04469 48390.9 10661.9 71152.4 10639.9 0.00843372 0.0013244 999.65 0.25985 1.31313 0.747338 6.92723 0
40 5.94688e+07 71535.1 0.732921 0.0575194 6.5e+07 0.233232 0.362181 4.21616 0.185365 0.000982416 7.5882e-05 0 0 1.48667e+06 1788.61 5.94667e+07 71562.8 0.975868 2.74117e-05 0.436364 0.593816 22686.7 27.391 71.0707 6.54163 50227.9 10473.4 72985.7 10451.8 0.00799103 0.00113249 999.618 0.259279 1.26263 0.732863 6.96874 0
41 5.94635e+07 77343.8 0.734919 0.0556463 6.5e+07 0.237144 0.35822 4.24439 0.20214 0.00101023 8.45078e-05 0 0 1.45028e+06 1885.72 5.94615e+07 77329.5 0.976427 2.81205e-05 0.567628 0.759051 22684.7 29.5285 73.0303 7.05026 50305.4 11221.3 73063.2 11198.2 0.00781845 0.00121881 999.606 0.254831 1.23232 0.64867 7.08246 0
42 5.94498e+07 60008 0.731692 0.057652 6.5e+07 0.240644 0.351455 4.30279 0.161307 0.00103492 8.4379e-05 0 0 1.41542e+06 1427.89 5.94477e+07 59976.3 0.976963 2.14961e-05 0.477153 0.608618 22679.4 22.9506 76.0505 5.33783 51356.4 9017.37 74111.9 8998.89 0.00746669 0.000989869 999.625 0.24246 1.21212 0.670786 7.18715 0
43 5.94527e+07 68861.8 0.730053 0.0547804 6.5e+07 0.246973 0.383496 4.30749 0.16995 0.00107897 8.50521e-05 0 0 1.38257e+06 1600.63 5.94506e+07 68824.2 0.977469 2.57832e-05 0.653981 0.6282 22680.7 26.2396 77.7475 6.47192 49937.1 9980.15 72695.6 9959.57 0.00745288 0.000993872 999.66 0.218827 1.33333 0.603023 7.36728 0
44 5.9454e+07 72219.4 0.738936 0.0527295 6.5e+07 0.250431 0.360511 4.30877 0.177815 0.00112296 8.50211e-05 0 0 1.35118e+06 1643.1 5.94519e+07 72300.2 0.977951 2.57136e-05 0.719927 0.719853 22681.1 27.5154 79.6768 7.27779 48800.4 10143.6 71561.2 10122.6 0.00741189 0.00103386 999.648 0.23503 1.29293 0.670482 7.46629 0
45 5.94512e+07 70758.5 0.74182 0.0532243 6.5e+07 0.255352 0.4107 4.32727 0.181081 0.00116407 9.55375e-05 0 0 1.32109e+06 1571.04 5.9449e+07 70714.1 0.978414 2.54759e-05 0.718293 0.6189 22680 26.9899 81.8586 7.15487 48240.8 10007 71002.6 9986.44 0.00731457 0.00108583 999.708 0.237793 1.14141 0.568715 7.60685 0
46 5.9439e+07 71769.4 0.756726 0.053169 6.5e+07 0.256436 0.368401 4.37044 0.178168 0.00117505 8.29057e-05 0 0 1.29211e+06 1559.64 5.94369e+07 71730.8 0.97886 2.42759e-05 0.674571 0.596987 22675.3 27.3928 84.1818 7.68622 49439.7 9949.39 72199.2 9928.98 0.00702406 0.000973262 999.701 0.200566 1.17172 0.651965 7.64252 0
47 5.94359e+07 58087.8 0.746079 0.0515106 6.5e+07 0.26227 0.33178 4.39566 0.136619 0.00122354 8.0297e-05 0 0 1.26455e+06 1238.16 5.94337e+07 58175.2 0.979284 1.92687e-05 0.687728 0.623371 22674 22.1713 86.9899 6.90263 48693.1 7890.39 71454.1 7874.18 0.00690053 0.000757345 999.663 0.214899 1.09091 0.726009 7.81041 0
48 5.94268e+07 63871.7 0.754654 0.0586222 6.5e+07 0.264901 0.3939 4.42529 0.146718 0.00124495 8.37053e-05 0 0 1.23801e+06 1329.17 5.94248e+07 63833.2 0.979692 2.07013e-05 0.727483 0.636707 22670.7 24.4618 89.0606 6.9918 49260.2 8917.3 72020 8899.08 0.00672436 0.000819299 999.689 0.214244 1.23232 0.632907 7.88726 0
49 5.94164e+07 58218.9 0.759229 0.0492999 6.5e+07 0.267263 0.332803 4.45887 0.140925 0.00128055 8.98038e-05 0 0 1.21254e+06 1187.05 5.94142e+07 58155.6 0.980084 1.79158e-05 0.870747 0.675754 22666.6 22.1336 92.2424 6.27339 49742.1 8152.18 72501 8135.49 0.00653147 0.000757663 999.69 0.198239 1.12121 0.655555 7.95802 0
50 5.94114e+07 66968.8 0.759628 0.0605028 6.5e+07 0.272358 0.40289 4.4798 0.148433 0.00132011 9.77066e-05 0 0 1.18818e+06 1339.74 5.94091e+07 66994.5 0.980459 2.19521e-05 0.885657 0.647756 22664.6 25.5903 94.6768 7.91473 49468.8 9087.25 72228.1 9068.47 0.00644242 0.00079634 999.702 0.194001 1.0101 0.703454 8.10313 0
51 5.94207e+07 63285.3 0.769541 0.0472278 6.5e+07 0.27609 0.342919 4.46821 0.152272 0.0013494 9.22851e-05 0 0 1.16507e+06 1240.62 5.94184e+07 63247.6 0.980815 1.94538e-05 0.690829 0.594883 22668.2 24.0759 94.5859 7.42914 47793.1 8495.73 70555.9 8478.2 0.00646418 0.000810997 999.704 0.212948 1.09091 0.604544 8.20867 0
52 5.94183e+07 62790.2 0.765659 0.0498804 6.5e+07 0.28151 0.367599 4.47786 0.146925 0.00140982 9.47599e-05 0 0 1.14262e+06 1207.47 5.94161e+07 62785.5 0.98116 1.90406e-05 0.857809 0.647598 22667.3 24.0104 97.5455 8.06323 46836.6 8185.96 69601.5 8169.1 0.00642507 0.000791534 999.692 0.191084 1.07071 0.62365 8.36258 0
53 5.94021e+07 56282.2 0.770216 0.0450105 6.5e+07 0.283318 0.303158 4.53078 0.126801 0.00142216 8.34717e-05 0 0 1.12075e+06 1062 5.93998e+07 56284.1 0.981496 1.66129e-05 0.884506 0.730005 22661.1 21.4131 100.717 7.74863 48330.2 7160.83 71091.9 7146.2 0.00614715 0.000630731 999.699 0.182373 1.0101 0.65897 8.41952 0
54 5.94019e+07 55463.9 0.774332 0.0488927 6.5e+07 0.287782 0.321872 4.53648 0.133421 0.00146726 9.54016e-05 0 0 1.09999e+06 1027.82 5.93996e+07 55496 0.981815 1.5832e-05 0.933784 0.700107 22661 21.1221 102.495 7.5617 47422.3 7135.35 70185.8 7120.71 0.0061186 0.000690764 999.759 0.180815 1.0404 0.680451 8.54573 0
55 5.94037e+07 60840.7 0.776959 0.0487369 6.5e+07 0.293186 0.388719 4.53719 0.134213 0.00151797 9.82016e-05 0 0 1.08003e+06 1106.57 5.94014e+07 60860.1 0.982123 1.73395e-05 0.80551 0.69541 22661.6 23.1574 104.273 8.07893 46300.8 7801.94 69066.7 7785.96 0.00611635 0.000704261 999.738 0.178052 0.878788 0.623978 8.69706 0
56 5.93942e+07 53215.8 0.776222 0.0557542 6.5e+07 0.295903 0.347467 4.56403 0.110401 0.00155812 8.7632e-05 0 0 1.06057e+06 950.064 5.93919e+07 53218.7 0.982422 1.44997e-05 0.958154 0.730198 22658 20.3102 107.505 8.11704 46441.1 6440.28 69206.6 6427.03 0.00597139 0.000564681 999.72 0.173124 1.0303 0.642824 8.77768 0
57 5.93909e+07 51611.5 0.789167 0.0444877 6.5e+07 0.298635 0.331615 4.57895 0.112598 0.00158388 9.31582e-05 0 0 1.0419e+06 908.033 5.93886e+07 51723.2 0.982709 1.43037e-05 0.964027 0.677268 22656.7 19.7309 109.02 7.47383 46330.4 6493.44 69096.1 6480.09 0.00587899 0.000571319 999.726 0.182971 0.979798 0.635321 8.85623 0
58 5.93861e+07 60441 0.786441 0.0505669 6.5e+07 0.303469 0.366525 4.5923 0.126752 0.00163528 9.50058e-05 0 0 1.02386e+06 1042.35 5.93838e+07 60434 0.982987 1.59244e-05 0.97527 0.722254 22655 23.0935 111.798 9.09876 45880.8 7289.02 68647.5 7274.1 0.00583128 0.000637847 999.742 0.179261 1.0101 0.577262 8.99282 0
59 5.93823e+07 53416.5 0.788432 0.0457975 6.5e+07 0.307148 0.332509 4.61188 0.110067 0.00166469 9.0063e-05 0 0 1.00644e+06 905.295 5.93799e+07 53403.1 0.983255 1.38704e-05 1.00805 0.693849 22653.4 20.3842 113.677 8.34463 45732.9 6331.58 68500 6318.59 0.00573025 0.000547202 999.751 0.169853 0.919192 0.630484 9.09873 0
60 5.93898e+07 50848.9 0.785321 0.0566504 6.5e+07 0.312683 0.346079 4.60236 0.103584 0.00171149 9.34412e-05 0 0 989791 847.54 5.93874e+07 50849.9 0.983511 1.33769e-05 1.05589 0.660762 22656.4 19.4626 114.091 8.28665 44081.5 5945.85 66852 5933.64 0.00577059 0.000520811 999.751 0.16914 1 0.568535 9.25311 0
61 5.93734e+07 53822.1 0.792415 0.0496562 6.5e+07 0.314945 0.342501 4.63438 0.105124 0.00176484 9.96147e-05 0 0 973296 882.362 5.93711e+07 53822.8 0.983765 1.35104e-05 0.969697 0.700897 22650 20.5773 118.929 9.54866 44780.8 5950.07 67549.8 5937.9 0.00561919 0.000517664 999.747 0.16354 0.919192 0.544518 9.32006 0
62 5.93788e+07 51840.4 0.795987 0.0461766 6.5e+07 0.319784 0.327742 4.63359 0.101105 0.00179592 8.82417e-05 0 0 957685 836.814 5.93765e+07 51880.5 0.984005 1.28979e-05 1.09547 0.72417 22652.1 19.7865 119.111 9.10976 43684.7 5689.22 66455.9 5677.6 0.00561753 0.00049402 999.743 0.155586 0.919192 0.580435 9.45535 0
63 5.93707e+07 51945 0.797669 0.0579053 6.5e+07 0.32305 0.347223 4.65079 0.0989596 0.00184707 9.28851e-05 0 0 942355 824.796 5.93684e+07 51962.6 0.98424 1.30212e-05 1.20587 0.762909 22649.1 19.8009 122.354 9.04234 43623.5 5732.94 66394.9 5721.18 0.00553444 0.000478608 999.77 0.167568 0.959596 0.530279 9.54894 0
64 5.93697e+07 54220 0.805031 0.0525032 6.5e+07 0.326887 0.3549 4.65814 0.103626 0.00188142 0.000105686 0 0 927614 847.374 5.93673e+07 54228.6 0.984467 1.36621e-05 1.26768 0.789173 22648.6 20.6711 123.687 9.73243 43142.5 5879.34 65914.8 5867.21 0.00549319 0.000510543 999.78 0.176069 0.89899 0.55949 9.65667 0
65 5.93591e+07 50670.2 0.821094 0.0503296 6.5e+07 0.327804 0.330125 4.68174 0.0970215 0.00191347 9.78505e-05 0 0 913179 779.921 5.93566e+07 50688.8 0.984689 1.23144e-05 1.18368 0.67469 22644.6 19.4439 126.798 8.86142 43654.9 5599.18 66426.3 5587.54 0.00536259 0.000460157 999.771 0.154756 0.909091 0.604544 9.68619 0
66 5.93546e+07 50661.3 0.815097 0.0523349 6.5e+07 0.33341 0.365814 4.69268 0.0949767 0.0019786 0.000109721 0 0 899276 767.81 5.93522e+07 50673.4 0.984903 1.20629e-05 1.19529 0.730644 22642.8 19.3447 129.788 8.97164 43008.6 5637.77 65781.3 5626.25 0.00533583 0.000465216 999.781 0.161479 0.89899 0.577262 9.84295 0
67 5.93479e+07 51425.2 0.817603 0.0551955 6.5e+07 0.336573 0.348151 4.70782 0.0916161 0.00201961 9.98443e-05 0 0 885754 768.03 5.93455e+07 51458.9 0.985111 1.12172e-05 1.26398 0.652236 22640.3 19.6957 132.384 9.54596 42912.4 5396.26 65685.2 5385.04 0.00526241 0.000440718 999.784 0.157783 0.949495 0.59244 9.93355 0
68 5.93535e+07 47797.8 0.823732 0.0454234 6.5e+07 0.34111 0.307298 4.69935 0.0894701 0.00206633 0.000106512 0 0 872810 703.032 5.93511e+07 47801.3 0.98531 1.09276e-05 1.37864 0.74867 22642.5 18.3013 132.889 9.19364 41663.7 5010.2 64439 4999.85 0.00528196 0.000410883 999.801 0.142438 0.929293 0.590369 10.0591 0
69 5.9341e+07 51865.1 0.83354 0.0454731 6.5e+07 0.342804 0.323302 4.7261 0.0898956 0.00210217 0.000106123 0 0 859980 751.888 5.93386e+07 51880.3 0.985508 1.14527e-05 1.33509 0.69845 22637.6 19.7593 136.535 10.3439 42271.3 5111.96 65045.5 5101.45 0.00515946 0.000419702 999.771 0.137869 0.858586 0.603192 10.1098 0
70 5.9336e+07 47796.1 0.83572 0.0539958 6.5e+07 0.346324 0.311299 4.73867 0.0798692 0.00214938 0.000112108 0 0 847622 683.187 5.93336e+07 47821.8 0.985697 1.03711e-05 1.4176 0.875349 22635.8 18.2624 139.051 10.2891 41994.9 4575.46 64769.7 4566.16 0.00510244 0.000368282 999.771 0.158969 0.919192 0.525641 10.2097 0
