#1 Nodes,                 #2 AvgThroughput,               #4 totalBKThroughput, 
#6 totalBEThroughput,       #8 totalVIThroughput,           #10 totalVOThroughput,
#12 totalCollisions,        #14 totalBKCollisions,          #16 totalBECollisions,
#18 totalVICollisions,      #20 TotalVOCollisions,          #22 totalInternalCollisions,    
#24 totalBKIntCol,          #26 totalBEIntCol,              #28 totalVIIntCol,
#30 totalVOIntCol,          #32 overallFairness,            #34 BKFairness,
#36 BEFairness,             #38 VIFairness,                 #40 VOFairness,
#42 avgTimeBtSxTxBK,        #44 avgTimeBtSxTxBE,            #46 avgTimeBtSxTxVI,
#48 avgTimeBtSxTxVO,        #50 qEmptyBK,                   #52 qEmptyBE,
#54 qEmptyVI,               #56 qEmptyVO                    #58 totalDropped,
#60 droppedBK,              #62 droppedBE                   #64 droppedVI,
#66 droppedVO               #68 channelErrors               #70 stickiness
#72 totalThroughputUnsat    #74 totalThroughputSat          #76 totalThroughputEDCA
#78 totalBKthroughputEDCA   #80 totalBEthroughputEDCA       #82 totalVIthroughputEDCA
#84 totalVOthroughputEDCA   #86 totalThroughputECA          #88 totalBKthroughputECA
#90 totalBEthroughputECA    #92 totalVIthroughputECA        #94 totalVOthroughputECA
#96 avgTimeBtSxTxBkEDCA     #98 avgTimeBtSxTxBeEDCA         #100 avgTimeBtSxTxViEDCA
#102 avgTimeBtSxTxVoEDCA    #104 avgTimeBtSxTxBkECA         #106 avgTimeBtSxTxBeECA
#108 avgTimeBtSxTxViECA     #110 avgTimeBtSxTxVoECA         #112 BKCollisionsEDCA
#114 BECollisionsEDCA       #116 VICollisionsEDCA           #118 VOCollisionsEDCA
#120 BKCollisionsECA        #122 BECollisionsECA            #124 VICollisionsECA
#126 VOCollisionsEDCA       #128 lastCollision              #130 avgQueuingDelayBK
#132 avgQueuingDelayBE      #134 avgQueuingDelayVI          #136 avgQueuingDelayVO
5 5002445 19665 5002445 19665 0 0 0 0 0 0 6995 127 0.1074045 0.0015715 0 0 0 0 0 0 0 0 0 0 0 0 0 0 0 0 0.999965 1.2000000000012e-05 0.999965 1.2000000000012e-05 0 0 0 0 0 0 0.000409755 1.05e-06 0 0 0 0 0 0 57818 219 0 0 0 0 0 0 0 0 0 0 0 0 0 0 0 0 0.1 0 1 0 5002445 19665 0 0 0 0 0 0 0 0 0 0 0 0 5002445 19665 5002445 19665 0 0 0 0 0 0 0 0 0 0 0 0 0 0 0.000409755 1.05e-06 0 0 0 0 0 0 0 0 0 0 0 0 0 0 0.1074045 0.0015715 nan nan nan nan nan nan 99.97395 0.0169500000000014 0.0004457625 1.25549999999998e-06 0 0 0 0 0 0 
10 10000115 3585 10000115 3585 0 0 0 0 0 0 15220 62 0.1245345 0.0006315 0 0 0 0 0 0 0 0 0 0 0 0 0 0 0 0 0.99993 3.10000000000032e-05 0.99993 3.10000000000032e-05 0 0 0 0 0 0 0.000478971 7.75999999999994e-07 0 0 0 0 0 0 114343.5 53.5 0 0 0 0 0 0 0 0 0 0 0 0 0 0 0 0 0.1 0 1 0 10000115 3585 0 0 0 0 0 0 0 0 0 0 0 0 10000115 3585 10000115 3585 0 0 0 0 0 0 0 0 0 0 0 0 0 0 0.000478971 7.75999999999994e-07 0 0 0 0 0 0 0 0 0 0 0 0 0 0 0.1245345 0.0006315 nan nan nan nan nan nan 99.9988 0.000700000000001921 0.0005482375 8.45500000000031e-07 0 0 0 0 0 0 
15 14970850 15250 14970850 15250 0 0 0 0 0 0 26374 3 0.1584915 4.75000000000059e-05 0 0 0 0 0 0 0 0 0 0 0 0 0 0 0 0 0.9999075 1.84999999999769e-05 0.9999075 1.84999999999769e-05 0 0 0 0 0 0 0.0006412805 6.97499999999978e-07 0 0 0 0 0 0 167029.5 192.5 0 0 0 0 0 0 0.5 0.5 0.5 0.5 0 0 0 0 0 0 0.1 0 1 0 14970850 15250 0 0 0 0 0 0 0 0 0 0 0 0 14970850 15250 14970850 15250 0 0 0 0 0 0 0 0 0 0 0 0 0 0 0.0006412805 6.97499999999978e-07 0 0 0 0 0 0 0 0 0 0 0 0 0 0 0.1584915 4.75000000000059e-05 nan nan nan nan nan nan 99.99785 0.00164999999999793 0.000768531 1.119e-06 0 0 0 0 0 0 
20 19975200 30700 19975200 30700 0 0 0 0 0 0 45579 164 0.2319265 0.000468499999999997 0 0 0 0 0 0 0 0 0 0 0 0 0 0 0 0 0.999929 7.00000000003476e-06 0.999929 7.00000000003476e-06 0 0 0 0 0 0 0.001176 3.79000000000004e-06 0 0 0 0 0 0 207561 8 0 0 0 0 0 0 14 1 14 1 0 0 0 0 0 0 0.1 0 1 0 19975200 30700 0 0 0 0 0 0 0 0 0 0 0 0 19975200 30700 19975200 30700 0 0 0 0 0 0 0 0 0 0 0 0 0 0 0.001176 3.79000000000004e-06 0 0 0 0 0 0 0 0 0 0 0 0 0 0 0.2319265 0.000468499999999997 nan nan nan nan nan nan 99.9969 0 0.00153057 1.31999999999997e-06 0 0 0 0 0 0 
25 24970750 9150 24970750 9150 0 0 0 0 0 0 72206.5 399.5 0.3702435 0.000992500000000007 0 0 0 0 0 0 0 0 0 0 0 0 0 0 0 0 0.999919 1.70000000000448e-05 0.999919 1.70000000000448e-05 0 0 0 0 0 0 0.00408027 1.06599999999996e-05 0 0 0 0 0 0 186735 478 0 0 0 0 0 0 326 26 326 26 0 0 0 0 0 0 0.1 0 1 0 24970750 9150 0 0 0 0 0 0 0 0 0 0 0 0 24970750 9150 24970750 9150 0 0 0 0 0 0 0 0 0 0 0 0 0 0 0.00408027 1.06599999999996e-05 0 0 0 0 0 0 0 0 0 0 0 0 0 0 0.3702435 0.000992500000000007 nan nan nan nan nan nan 99.9988 0.0011999999999972 0.00765707 5.27100000000001e-05 0 0 0 0 0 0 
30 29874300 57800 29874300 57800 0 0 0 0 0 0 59780.5 187.5 0.4289505 0.000257499999999994 0 0 0 0 0 0 0 0 0 0 0 0 0 0 0 0 0.9998945 3.84999999999969e-05 0.9998945 3.84999999999969e-05 0 0 0 0 0 0 0.01296305 5.14499999999998e-05 0 0 0 0 0 0 109824 302 0 0 0 0 0 0 1625.5 21.5 1625.5 21.5 0 0 0 0 0 0 0.1 0 1 0 29874300 57800 0 0 0 0 0 0 0 0 0 0 0 0 29874300 57800 29874300 57800 0 0 0 0 0 0 0 0 0 0 0 0 0 0 0.01296305 5.14499999999998e-05 0 0 0 0 0 0 0 0 0 0 0 0 0 0 0.4289505 0.000257499999999994 nan nan nan nan nan nan 99.99975 0.000149999999997874 0.03333865 4.05500000000003e-05 0 0 0 0 0 0 
35 34767650 11450 34767650 11450 0 0 0 0 0 0 36864 223 0.4158935 0.00100249999999999 0 0 0 0 0 0 0 0 0 0 0 0 0 0 0 0 0.99989 3.99999999994849e-06 0.99989 3.99999999994849e-06 0 0 0 0 0 0 0.02893 1.49999999999977e-06 0 0 0 0 0 0 56611.5 35.5 0 0 0 0 0 0 1769 220 1769 220 0 0 0 0 0 0 0.1 0 1 0 34767650 11450 0 0 0 0 0 0 0 0 0 0 0 0 34767650 11450 34767650 11450 0 0 0 0 0 0 0 0 0 0 0 0 0 0 0.02893 1.49999999999977e-06 0 0 0 0 0 0 0 0 0 0 0 0 0 0 0.4158935 0.00100249999999999 nan nan nan nan nan nan 99.9963 0.00229999999999819 0.07673815 0.00100595 0 0 0 0 0 0 
40 39889600 9000 39889600 9000 0 0 0 0 0 0 17316 259 0.351743 0.00180499999999997 0 0 0 0 0 0 0 0 0 0 0 0 0 0 0 0 0.9998995 5.00000000014378e-07 0.9998995 5.00000000014378e-07 0 0 0 0 0 0 0.06085945 0.000649449999999999 0 0 0 0 0 0 21952.5 344.5 0 0 0 0 0 0 832 120 832 120 0 0 0 0 0 0 0.1 0 1 0 39889600 9000 0 0 0 0 0 0 0 0 0 0 0 0 39889600 9000 39889600 9000 0 0 0 0 0 0 0 0 0 0 0 0 0 0 0.06085945 0.000649449999999999 0 0 0 0 0 0 0 0 0 0 0 0 0 0 0.351743 0.00180499999999997 nan nan nan nan nan nan 99.99265 0.00384999999999991 0.165604 0.00239300000000001 0 0 0 0 0 0 
45 44766450 250 44766450 250 0 0 0 0 0 0 6721 15 0.243317 0.000240000000000004 0 0 0 0 0 0 0 0 0 0 0 0 0 0 0 0 0.999932 1.2000000000012e-05 0.999932 1.2000000000012e-05 0 0 0 0 0 0 0.108154 0.000248999999999999 0 0 0 0 0 0 4612.5 21.5 0 0 0 0 0 0 258 116 258 116 0 0 0 0 0 0 0.1 0 1 0 44766450 250 0 0 0 0 0 0 0 0 0 0 0 0 44766450 250 44766450 250 0 0 0 0 0 0 0 0 0 0 0 0 0 0 0.108154 0.000248999999999999 0 0 0 0 0 0 0 0 0 0 0 0 0 0 0.243317 0.000240000000000004 nan nan nan nan nan nan 99.97205 0.0167500000000018 0.534962 0.00695700000000005 0 0 0 0 0 0 
50 46102350 39950 46102350 39950 0 0 0 0 0 0 3564.5 18.5 0.130755 0.000517000000000004 0 0 0 0 0 0 0 0 0 0 0 0 0 0 0 0 0.9990075 0.000200499999999992 0.9990075 0.000200499999999992 0 0 0 0 0 0 0.103294 0.000226999999999998 0 0 0 0 0 0 424.5 34.5 0 0 0 0 0 0 590 89 590 89 0 0 0 0 0 0 0.1 0 1 0 46102350 39950 0 0 0 0 0 0 0 0 0 0 0 0 46102350 39950 46102350 39950 0 0 0 0 0 0 0 0 0 0 0 0 0 0 0.103294 0.000226999999999998 0 0 0 0 0 0 0 0 0 0 0 0 0 0 0.130755 0.000517000000000004 nan nan nan nan nan nan 99.94845 0.0315500000000029 3.977375 0.0350449999999998 0 0 0 0 0 0 
55 45782800 24800 45782800 24800 0 0 0 0 0 0 3820.5 22.5 0.149138 0.001943 0 0 0 0 0 0 0 0 0 0 0 0 0 0 0 0 0.998464 0.000129999999999963 0.998464 0.000129999999999963 0 0 0 0 0 0 0.122628 0.000823000000000004 0 0 0 0 0 0 204 3 0 0 0 0 0 0 1138.5 113.5 1138.5 113.5 0 0 0 0 0 0 0.1 0 1 0 45782800 24800 0 0 0 0 0 0 0 0 0 0 0 0 45782800 24800 45782800 24800 0 0 0 0 0 0 0 0 0 0 0 0 0 0 0.122628 0.000823000000000004 0 0 0 0 0 0 0 0 0 0 0 0 0 0 0.149138 0.001943 nan nan nan nan nan nan 99.9821 0.0135999999999967 6.758845 0.0341750000000003 0 0 0 0 0 0 
60 45250050 31150 45250050 31150 0 0 0 0 0 0 4159.5 28.5 0.1738 0.001197 0 0 0 0 0 0 0 0 0 0 0 0 0 0 0 0 0.99858 6.00000000000045e-05 0.99858 6.00000000000045e-05 0 0 0 0 0 0 0.1468085 0.000343499999999997 0 0 0 0 0 0 133.5 12.5 0 0 0 0 0 0 887.5 26.5 887.5 26.5 0 0 0 0 0 0 0.1 0 1 0 45250050 31150 0 0 0 0 0 0 0 0 0 0 0 0 45250050 31150 45250050 31150 0 0 0 0 0 0 0 0 0 0 0 0 0 0 0.1468085 0.000343499999999997 0 0 0 0 0 0 0 0 0 0 0 0 0 0 0.1738 0.001197 nan nan nan nan nan nan 99.9841 0.000900000000001455 8.346895 0.0168649999999992 0 0 0 0 0 0 
65 44846100 2600 44846100 2600 0 0 0 0 0 0 4499 24 0.200708 0.00189500000000001 0 0 0 0 0 0 0 0 0 0 0 0 0 0 0 0 0.998513 4.59999999999905e-05 0.998513 4.59999999999905e-05 0 0 0 0 0 0 0.17517 0.001068 0 0 0 0 0 0 88 6 0 0 0 0 0 0 1123.5 100.5 1123.5 100.5 0 0 0 0 0 0 0.1 0 1 0 44846100 2600 0 0 0 0 0 0 0 0 0 0 0 0 44846100 2600 44846100 2600 0 0 0 0 0 0 0 0 0 0 0 0 0 0 0.17517 0.001068 0 0 0 0 0 0 0 0 0 0 0 0 0 0 0.200708 0.00189500000000001 nan nan nan nan nan nan 99.98585 0.00835000000000008 9.48644 0.0109100000000009 0 0 0 0 0 0 
70 44482450 45650 44482450 45650 0 0 0 0 0 0 4767.5 16.5 0.2231275 0.00125450000000001 0 0 0 0 0 0 0 0 0 0 0 0 0 0 0 0 0.9981775 2.24999999999809e-05 0.9981775 2.24999999999809e-05 0 0 0 0 0 0 0.202469 0.001388 0 0 0 0 0 0 72 11 0 0 0 0 0 0 1013 64 1013 64 0 0 0 0 0 0 0.1 0 1 0 44482450 45650 0 0 0 0 0 0 0 0 0 0 0 0 44482450 45650 44482450 45650 0 0 0 0 0 0 0 0 0 0 0 0 0 0 0.202469 0.001388 0 0 0 0 0 0 0 0 0 0 0 0 0 0 0.2231275 0.00125450000000001 nan nan nan nan nan nan 99.9326 0.0312000000000054 10.5131 0.0022000000000002 0 0 0 0 0 0 
