#1-sta 2-avgThroughput 3-stdThroughput 4-JFI 5-stdJFI 6-Bandwidth 7-avgDelay 8-stdDelay 9-avgBackoffStage 10-stdBackoffStage 11-totalFractionOfCollisionSlots 12.stdCollidingSlots 13.avgThroughputDCF 14. stdThroughputDCF 15.avgThroughputECA 16.stdThroughputECA 17.Sum of 15 and 16 18. std of 17 19. AvgBlockingProb 20. StdBlockingProb 21. AvgDroppedPackets 22.StdDropped 23.SxSlots 24.stdSxSlots 25.ColSlots 26.StdColSlots 27.EmptySlots 28.stdEmpty 29.totalSlots 30.stdTotalSlots 31.averageTAU 32.stdTAU 33.avgQSize 34.stdQSize 35.avgQEmpty 36.stdQEmpty 37. avgQDelay 38. stdQDelay
2 3.41162e+07 8090.72 0.998951 8.99996e-06 6.5e+07 0.00814392 0.000123683 2.5 0 0.000486556 2.82771e-06 1.76102e+07 3546.12 1.65049e+07 6350.27 3.4115e+07 9192.05 0.736312 0.0002327 0 0 221288 42.6951 896.758 5.02738 1.62089e+06 417.278 1.84308e+06 449.501 0.060519 8.23603e-06 997.348 4.94998 0.10101 0.33318 0.478049 0
#3 3.15815e+07 36852.4 0.998982 0.000128684 6.5e+07 0.00844001 0.000821652 1.72054 0.155027 0.0123236 2.97022e-05 1.02899e+07 5155.23 1.10014e+07 41041.2 3.15811e+07 36986.5 0.836786 0.000212445 0 0 255433 121.345 16789.3 49.2479 1.09015e+06 892.954 1.36237e+06 892.808 0.0707295 4.21166e-05 998.32 3.13484 0.0808081 0.27254 0.774587 0
4 3.01906e+07 44994.3 0.990406 0.000674584 6.5e+07 0.00825386 0.0012347 1.57071 0.295249 0.0258689 5.96691e-05 7.11912e+06 10208 8.83287e+06 55800.2 3.01902e+07 45059.7 0.882619 0.000198667 1.48232 2.84251 264092 361.683 29806.4 107.441 858307 1976.98 1.15221e+06 1984.15 0.070487 0.000120579 999.434 1.71652 0.121212 0.35598 1.08743 0
#5 2.90118e+07 73332.3 0.979875 0.00135403 6.5e+07 0.00821428 0.00225232 1.54949 0.367732 0.0389456 0.000109407 5.38704e+06 5824.45 7.46333e+06 74839.5 2.90115e+07 73438.4 0.909468 0.000237323 5.53131 4.25226 265897 279.331 40195.9 124.416 726013 1936.54 1.03211e+06 1914.33 0.0676097 0.000131925 999.586 1.14707 0.121212 0.326374 1.4241 0
#6 3.1027e+07 98147.3 0.973842 0.00143919 6.5e+07 0.0148586 0.00336667 2.17003 0.379748 0.0396297 0.000132234 4.57275e+06 7593.84 6.36768e+06 53062.1 3.10264e+07 98386.4 0.919176 0.0002526 7.47475 5.61311 228157 356.139 34986 119.395 619680 1715.49 882823 1663.15 0.056725 0.00012229 999.153 1.67583 0.111111 0.344917 1.60778 0
#7 2.98963e+07 86130.3 0.956719 0.00182338 6.5e+07 0.0146552 0.00331243 2.08514 0.36261 0.0515053 0.000162279 3.69696e+06 6406.31 5.70545e+06 46393.4 2.98957e+07 86006.9 0.933019 0.000197809 12.5758 5.96687 230014 377.99 42587.9 122.538 554264 1628.19 826866 1540.96 0.0551024 0.000131423 999.58 0.975282 0.141414 0.348448 1.97045 0
8 2.89929e+07 98806.6 0.939097 0.00276865 6.5e+07 0.0144871 0.0038638 2.2096 0.422993 0.0623089 0.00020993 3.09182e+06 5646.86 5.22063e+06 55313.7 2.89922e+07 98724.7 0.942961 0.000188355 19.9646 6.98151 230450 394.869 49018.4 164.57 507234 1342.59 786702 1361.77 0.0530138 0.000112318 999.697 0.850782 0.161616 0.394586 2.34786 0
#9 2.82544e+07 91678.9 0.92142 0.00306772 6.5e+07 0.014356 0.0040401 2.20763 0.362422 0.0722355 0.00023549 2.64979e+06 4374.7 4.85273e+06 51118.4 2.8254e+07 91762 0.950406 0.000157445 27.523 6.62887 230137 357.1 54606.6 148.777 471211 1571.71 755955 1485.3 0.0508484 0.000124803 999.646 0.799282 0.141414 0.376322 2.73698 0
#10 2.93402e+07 115682 0.913667 0.00299417 6.5e+07 0.0206112 0.00555812 2.46869 0.340127 0.0729207 0.00025549 2.34431e+06 4828.2 4.30984e+06 42336 2.93397e+07 115712 0.953567 0.000177562 27.9919 8.42936 205268 392.552 49069.4 155.002 418579 1217.16 672917 1172.45 0.0459798 0.00010962 999.601 0.818905 0.121212 0.383306 2.96532 0
#11 2.86043e+07 114651 0.89483 0.00342106 6.5e+07 0.0204494 0.00647368 2.52066 0.34691 0.0821373 0.000289767 2.05507e+06 4669.55 4.05444e+06 41497.8 2.86039e+07 114855 0.958689 0.000159867 36.303 8.36484 205345 439.929 53636 163.136 394025 1392.93 653006 1284.62 0.0445321 0.000119773 999.714 0.696421 0.171717 0.403029 3.38372 0
12 2.79659e+07 120059 0.876743 0.00365167 6.5e+07 0.020324 0.00750726 2.5968 0.309707 0.090746 0.00029404 1.82644e+06 3726.43 3.84247e+06 41095.1 2.79654e+07 120277 0.962829 0.000152268 45.5623 8.38784 205071 401.395 57788.3 150.285 373958 1304.33 636817 1315.4 0.0430744 0.000103397 999.746 0.62375 0.141414 0.348448 3.81216 0
#13 2.74249e+07 107227 0.859136 0.00397682 6.5e+07 0.0202336 0.00690491 2.57343 0.300075 0.0987022 0.00027241 1.6422e+06 3251.62 3.66742e+06 39273.9 2.74243e+07 107422 0.966217 0.00012363 52.92 7.56495 204674 379.303 61482.3 166.906 356752 1238.87 622909 1240.73 0.0416682 9.56369e-05 999.794 0.51056 0.131313 0.366431 4.24761 0
#14 2.81434e+07 123866 0.852855 0.00368003 6.5e+07 0.0263045 0.00835526 2.80447 0.302975 0.0993674 0.000277954 1.48269e+06 3293.1 3.32892e+06 33329.6 2.81426e+07 123676 0.967747 0.000134879 52.943 7.545 186089 382.96 56215.3 149.73 323429 1180.23 565734 1159.08 0.0388256 9.46558e-05 999.738 0.603049 0.0909091 0.28748 4.52768 0
#15 2.76116e+07 105892 0.835098 0.00359282 6.5e+07 0.0261778 0.00864112 2.7064 0.279316 0.10696 0.0003627 1.348e+06 2977.72 3.19572e+06 29180.1 2.76109e+07 105948 0.970341 0.000105806 62.938 7.79326 185898 381.098 59451.3 180.441 310477 1158.42 555827 1178.39 0.0377722 9.66238e-05 999.828 0.450617 0.0909091 0.28748 4.99125 0
16 2.71252e+07 114948 0.818301 0.0040542 6.5e+07 0.0261091 0.00922053 2.81313 0.281687 0.114081 0.000310858 1.23453e+06 2575.03 3.07757e+06 31325.3 2.71246e+07 114874 0.972574 0.000106847 66.7487 8.60102 185551 358.708 62438.5 150.541 299331 1084.14 547321 1134.51 0.0367305 8.45536e-05 999.763 0.498174 0.151515 0.35855 5.46375 0
#17 2.66839e+07 125036 0.802531 0.0043941 6.5e+07 0.026079 0.0110639 2.85502 0.278593 0.120929 0.000325999 1.13816e+06 2383.86 2.97181e+06 32688.5 2.66833e+07 125095 0.974495 0.000112132 76.9263 8.19591 185165 366.912 65239.9 166.067 289085 1032.71 539490 1098.33 0.035761 7.61786e-05 999.841 0.433304 0.181818 0.41105 5.9407 0
#18 2.71858e+07 129526 0.799151 0.0038612 6.5e+07 0.0321333 0.0114528 2.93883 0.237087 0.121537 0.000377559 1.04125e+06 2188.22 2.72973e+06 27136.8 2.7185e+07 129221 0.975409 0.000108817 75.4736 7.60217 170461 334.346 60333.4 160.935 265627 976.98 496421 1046.07 0.0338647 8.06978e-05 999.819 0.416987 0.10101 0.301342 6.27329 0
#19 2.67669e+07 126539 0.783029 0.00397367 6.5e+07 0.0320504 0.0136518 2.92451 0.318186 0.128174 0.000409353 966033 2236.42 2.64836e+06 26428.6 2.67663e+07 126572 0.976962 9.93718e-05 82.8123 9.52071 170160 370.296 62835.3 181.965 257243 1010.15 490238 1100.36 0.0331013 7.85697e-05 999.746 0.503748 0.040404 0.196905 6.77881 0
20 2.63375e+07 129874 0.768775 0.00422407 6.5e+07 0.0320907 0.0141367 2.94343 0.281827 0.134433 0.000405154 900298 1984.09 2.56647e+06 26992.3 2.63368e+07 129725 0.978369 9.67747e-05 88.7288 9.42184 169760 351.982 65175.1 171.842 249882 966.497 484817 1088.9 0.0323406 7.20056e-05 999.794 0.439748 0.111111 0.344917 7.29317 0
#21 2.60135e+07 112121 0.753484 0.00378404 6.5e+07 0.0320365 0.0167129 2.97451 0.250272 0.140464 0.000396578 843051 2106.14 2.50483e+06 22869.2 2.6013e+07 111861 0.979565 7.95941e-05 93.1265 8.24919 169451 403.138 67417.5 159.619 243096 837.63 479964 890.979 0.0316222 6.6189e-05 999.848 0.324815 0.10101 0.301342 7.80396 0
#22 2.64149e+07 139148 0.752069 0.00423843 6.5e+07 0.0380445 0.0158138 3.09596 0.255819 0.141079 0.000395368 778988 1846.95 2.32511e+06 24657.1 2.64145e+07 139159 0.980149 9.29658e-05 94.4233 8.90648 157484 342.402 62877.2 179.385 225329 803.158 445690 911.833 0.0302704 6.23924e-05 999.819 0.387076 0.171717 0.403029 8.18302 0
#23 2.60568e+07 157331 0.737262 0.00508683 6.5e+07 0.0380221 0.0154349 3.12077 0.286312 0.14686 0.000436723 731510 1703.2 2.2701e+06 28226.1 2.60562e+07 157267 0.981186 9.92813e-05 99.0764 7.8322 157015 326.985 64860.7 188.494 219776 888.072 441652 1035.61 0.0296482 6.84397e-05 999.832 0.343795 0.171717 0.403029 8.73144 0
24 2.56655e+07 121515 0.725838 0.00379233 6.5e+07 0.0381814 0.0162938 3.1229 0.265273 0.152505 0.000389653 690371 1414.92 2.20638e+06 20856 2.5665e+07 121695 0.982152 7.38847e-05 107.134 9.34495 156758 303.315 66794.7 173.159 214433 796.51 437986 884.187 0.0290857 5.91837e-05 999.849 0.355254 0.181818 0.385695 9.27529 0
#25 2.53588e+07 131882 0.712725 0.0042545 6.5e+07 0.0382261 0.0212728 3.13939 0.269342 0.158103 0.000440197 652847 1651.25 2.15898e+06 22529.2 2.5358e+07 131910 0.982993 7.69837e-05 111.961 9.09032 156374 374.647 68717.6 183.039 209547 819.407 434639 891.894 0.0285363 6.52094e-05 999.835 0.351879 0.121212 0.326374 9.82463 0
#26 2.56505e+07 130883 0.713554 0.00414535 6.5e+07 0.0443383 0.0243553 3.17327 0.225157 0.15868 0.000379308 607592 1758.83 2.01508e+06 20216.3 2.56498e+07 130727 0.983423 7.42095e-05 110.315 8.04399 146319 388.317 64507 172.436 195696 703.149 406522 846.789 0.0274993 6.14677e-05 999.824 0.322947 0.111111 0.31427 10.2532 0
#27 2.53324e+07 132470 0.701372 0.0036745 6.5e+07 0.0444242 0.0235633 3.17733 0.22435 0.163931 0.000432097 576460 1375.62 1.97178e+06 18839 2.53317e+07 132435 0.984158 7.0136e-05 116.684 8.9709 146018 335.223 66185.6 172.787 191538 732.221 403741 785.768 0.0270241 5.55574e-05 999.837 0.334531 0.0909091 0.28748 10.8266 0
28 2.50396e+07 146092 0.689361 0.00444833 6.5e+07 0.0445051 0.0223391 3.19589 0.226695 0.169073 0.000446978 548044 1333.32 1.93284e+06 21609.9 2.50388e+07 146099 0.984829 7.41436e-05 121.502 9.64814 145666 329.972 67807.6 178.234 187581 767.571 401055 932.434 0.0265636 5.56121e-05 999.83 0.337151 0.171717 0.377134 11.4033 0
#29 2.47516e+07 131500 0.678369 0.00409181 6.5e+07 0.0446374 0.026237 3.25009 0.22008 0.174133 0.000411975 522346 1398.01 1.89416e+06 19428.3 2.47507e+07 131604 0.985447 6.58559e-05 128.1 8.19728 145351 366.378 69392.9 185.414 183762 762.004 398506 898.24 0.0261305 5.52027e-05 999.912 0.220896 0.10101 0.301342 11.9791 0
#30 2.49845e+07 120259 0.680328 0.003667 6.5e+07 0.0508262 0.0292847 3.3229 0.220021 0.174781 0.000514586 488995 1339.37 1.77824e+06 16014 2.49838e+07 120220 0.985768 5.87299e-05 126.34 8.78637 136765 343.569 65512 189.795 172547 701.951 374824 762.934 0.0253177 6.35781e-05 999.87 0.265854 0.0909091 0.320697 12.4489 0
#31 2.46951e+07 128310 0.669439 0.00391654 6.5e+07 0.0509778 0.0257404 3.29684 0.236069 0.179608 0.000481004 466885 1228.87 1.7445e+06 17140.2 2.46944e+07 128047 0.98632 5.96535e-05 130.443 9.09834 136423 327.295 66949.9 173.196 169384 784.594 372758 886.084 0.024925 5.97347e-05 999.866 0.263898 0.111111 0.344917 13.0543 0
32 2.44322e+07 141763 0.659302 0.00431766 6.5e+07 0.0511344 0.0276901 3.32292 0.193608 0.184283 0.000485129 446997 1125.59 1.71293e+06 18753.8 2.44314e+07 141872 0.986823 6.40016e-05 135.125 7.64863 136199 311.629 68375.6 186.297 166462 699.745 371037 764.953 0.0245446 5.57133e-05 999.922 0.213143 0.151515 0.385695 13.6479 0
#33 2.41666e+07 133677 0.648889 0.00446071 6.5e+07 0.0513175 0.0347488 3.30885 0.204651 0.188997 0.000450912 427950 1345.63 1.68339e+06 18150.4 2.41659e+07 133765 0.987296 5.98735e-05 140.621 8.08348 135752 389.356 69709.5 202.507 163379 628.318 368840 799.819 0.0241867 5.10663e-05 999.883 0.255951 0.151515 0.385695 14.2624 0
#34 2.43787e+07 137444 0.651313 0.00385064 6.5e+07 0.0575311 0.0317298 3.36334 0.197778 0.189654 0.000429477 402625 1112.23 1.59026e+06 15998.4 2.4378e+07 137495 0.987534 5.8591e-05 138.573 8.04654 128347 324.897 66080.7 167.513 154000 631.98 348428 739.339 0.0235346 4.88727e-05 999.889 0.240408 0.0808081 0.27254 14.7669 0
#35 2.40996e+07 163414 0.642322 0.00448251 6.5e+07 0.057794 0.0340429 3.3671 0.223218 0.19418 0.000459107 386664 1035.72 1.56062e+06 18776.6 2.40989e+07 163416 0.987966 6.66724e-05 143.371 9.00542 128094 316.929 67381.4 174.163 151531 558.94 347006 604.822 0.023211 5.13113e-05 999.884 0.251388 0.111111 0.31427 15.3863 0
36 2.38391e+07 144426 0.633615 0.00439137 6.5e+07 0.0580755 0.037737 3.31902 0.221426 0.198687 0.000556418 371857 1123.65 1.53315e+06 17262.6 2.38385e+07 144335 0.988368 5.87897e-05 146.535 7.17657 127839 347.903 68664.4 216.532 149087 555.885 345591 638.52 0.0229048 5.29292e-05 999.902 0.227334 0.141414 0.348448 16.0054 0
#37 2.36154e+07 149979 0.624106 0.00420599 6.5e+07 0.0582692 0.0407426 3.39203 0.227146 0.203005 0.000518703 357787 1069.83 1.51074e+06 17091.3 2.36147e+07 149962 0.988731 5.97885e-05 150.607 8.18679 127492 356.721 69869.9 204.169 146818 582.237 344179 730.2 0.0225933 4.93059e-05 999.882 0.237698 0.0909091 0.28748 16.6313 0
#38 2.37668e+07 140485 0.627317 0.00386842 6.5e+07 0.0646543 0.0397306 3.41122 0.214593 0.203614 0.000492589 337752 1012.89 1.43093e+06 14750.2 2.37663e+07 140539 0.988929 5.32615e-05 149.507 8.94384 120915 331.94 66450 200.264 138987 638.193 326353 766.592 0.0220419 4.71223e-05 999.903 0.214184 0.0707071 0.256335 17.174 0
#39 2.35616e+07 150176 0.617957 0.00415507 6.5e+07 0.0647948 0.0434795 3.45325 0.196694 0.207904 0.000592394 325583 978.227 1.41189e+06 15761.3 2.35608e+07 150380 0.989251 5.46005e-05 154.181 9.07822 120660 331.053 67598.5 194.049 136886 712.72 325144 814.403 0.0217726 5.51268e-05 999.885 0.228883 0.151515 0.385695 17.8087 0
40 2.33199e+07 151268 0.609759 0.0041432 6.5e+07 0.0651199 0.0430529 3.42727 0.205483 0.212094 0.000463225 314120 931.739 1.38956e+06 15708.3 2.33192e+07 151163 0.989572 5.24445e-05 158.035 9.39498 120349 328.814 68675.9 199.307 134775 530.206 323800 741.909 0.0215123 4.09232e-05 999.945 0.146735 0.111111 0.31427 18.4525 0
#41 2.30945e+07 149370 0.602544 0.00395101 6.5e+07 0.0654553 0.0385558 3.41217 0.212022 0.216285 0.000561463 303817 721.706 1.36756e+06 15296.4 2.30939e+07 149345 0.98987 5.38545e-05 161.817 7.65336 120200 265.538 69790 189.625 132686 552.329 322677 666.769 0.0212724 4.42745e-05 999.899 0.213024 0.111111 0.31427 19.0741 0
#42 2.32223e+07 144229 0.605616 0.00369224 6.5e+07 0.0718935 0.0408926 3.46393 0.202551 0.216829 0.000510464 287521 733.511 1.30076e+06 13702.6 2.32215e+07 144015 0.99003 4.93387e-05 161.657 7.79935 114277 262.574 66600.1 193.991 126278 452.322 307155 631.132 0.0207888 3.38791e-05 999.886 0.218128 0.222222 0.41574 19.6483 0
#43 2.29976e+07 144637 0.598433 0.00396261 6.5e+07 0.0722775 0.0529066 3.49683 0.214687 0.220949 0.000571346 278372 935.715 1.28084e+06 13852.7 2.29971e+07 144707 0.990308 4.7751e-05 162.168 9.12426 114129 349.586 67642.7 186.508 124374 525.457 306146 621.353 0.0205717 4.46631e-05 999.888 0.200043 0.111111 0.344917 20.2871 0
44 2.2823e+07 141207 0.590049 0.00400404 6.5e+07 0.0724716 0.049402 3.47957 0.182777 0.224921 0.000548519 269483 827.687 1.26632e+06 13704.6 2.28225e+07 141250 0.99055 4.53433e-05 166.319 7.73733 113884 313.075 68652.2 196.789 122692 527.287 305229 621.954 0.0203437 4.53387e-05 999.896 0.193168 0.0606061 0.238606 20.9296 0
#45 2.25991e+07 145155 0.583099 0.00395879 6.5e+07 0.0728734 0.0475322 3.47205 0.18673 0.228893 0.000541201 261049 758.756 1.24753e+06 13725 2.25985e+07 145092 0.9908 4.55441e-05 169.715 7.35079 113596 302.671 69637 196.196 121001 480.225 304234 620.76 0.0201271 3.81367e-05 999.9 0.198103 0.131313 0.337742 21.5771 0
#46 2.26974e+07 138292 0.587434 0.00344957 6.5e+07 0.0795029 0.0548334 3.55709 0.187862 0.229576 0.000591836 248160 760.405 1.18827e+06 11854.2 2.26967e+07 138244 0.990935 4.27987e-05 169.338 7.50004 108451 306.896 66666.6 191.211 115273 525.695 290391 655.002 0.0197327 4.30857e-05 999.935 0.147151 0.0808081 0.27254 22.1503 0
#47 2.24852e+07 156594 0.580176 0.00376449 6.5e+07 0.0799134 0.0556597 3.52891 0.186075 0.23345 0.000576875 240532 733.677 1.17216e+06 13280.8 2.24845e+07 156465 0.991163 4.66841e-05 171.763 8.87079 108147 307.067 67591.5 198.315 113796 520.103 289534 703.494 0.0195302 4.13809e-05 999.895 0.205383 0.121212 0.326374 22.8149 0
48 2.2301e+07 147222 0.572965 0.00383226 6.5e+07 0.0802345 0.0629646 3.54335 0.190243 0.237238 0.000580555 233398 790.885 1.15816e+06 12794.3 2.23003e+07 147351 0.991372 4.26129e-05 174.246 7.81063 107884 334.093 68497.4 201.362 112348 505.587 288729 594.199 0.0193317 4.53233e-05 999.924 0.157886 0.10101 0.301342 23.47 0
#49 2.2115e+07 162353 0.566598 0.00407479 6.5e+07 0.0806067 0.0670901 3.51165 0.184422 0.240861 0.000567177 226905 767.667 1.14324e+06 13844.7 2.21144e+07 162394 0.991572 4.63245e-05 177.941 7.48781 107733 338.322 69412.4 208.779 111039 488.011 288184 648.723 0.0191403 3.83929e-05 999.929 0.174909 0.121212 0.326374 24.1074 0
#50 2.22271e+07 159932 0.570222 0.00379397 6.5e+07 0.0872584 0.0607165 3.51253 0.190959 0.241526 0.000553976 216146 678.055 1.09453e+06 12615.4 2.22263e+07 159699 0.99168 4.52521e-05 175.404 7.04119 103069 298.04 66588.9 184.996 106043 425.641 275700 592.664 0.0187924 3.62141e-05 999.916 0.178101 0.0707071 0.256335 24.6836 0
#51 2.1991e+07 163964 0.564528 0.00397968 6.5e+07 0.087831 0.0615578 3.54407 0.171919 0.245323 0.000556354 210091 653.521 1.07746e+06 13042.2 2.19905e+07 164045 0.991878 4.38687e-05 180.457 8.28571 102812 291.073 67448.9 198.079 104678 458.233 274939 649.608 0.0186206 3.51661e-05 999.908 0.170103 0.10101 0.301342 25.3466 0
52 2.1833e+07 137680 0.557624 0.00330838 6.5e+07 0.0881417 0.0630892 3.57751 0.191655 0.249016 0.000583149 204341 612.426 1.06638e+06 10751.3 2.18322e+07 137699 0.992049 3.75364e-05 183.318 7.03744 102584 288.001 68293.3 188.958 103376 505.136 274253 636.696 0.0184532 3.64148e-05 999.923 0.16651 0.0909091 0.28748 25.9859 0
#53 2.16731e+07 128313 0.551285 0.00293394 6.5e+07 0.0885381 0.058454 3.55327 0.162481 0.252497 0.000609887 198983 530.485 1.05485e+06 9893.56 2.16724e+07 128524 0.992217 3.49652e-05 183.635 6.91434 102405 259.946 69107.5 190.971 102184 502.599 273697 623.593 0.0182857 3.71847e-05 999.926 0.142071 0.111111 0.31427 26.6281 0
#54 2.17351e+07 145632 0.555838 0.00344637 6.5e+07 0.0954351 0.0668863 3.56678 0.183698 0.253212 0.00060506 190014 607.522 1.00956e+06 10825.8 2.17344e+07 145666 0.992316 3.7507e-05 183.69 7.67039 98185.9 283.652 66458.8 185.675 97819.2 519.01 262464 671.842 0.0179792 3.89724e-05 999.909 0.16921 0.0909091 0.28748 27.2045 0
#55 2.15413e+07 146434 0.550119 0.00361716 6.5e+07 0.0959287 0.0633565 3.56676 0.176526 0.256784 0.000589777 185080 643.295 996598 10912.6 2.15407e+07 146533 0.992479 3.58745e-05 186.268 7.50274 97967.4 308.323 67267.7 198.963 96727.1 513.763 261962 682.085 0.0178238 4.06003e-05 999.937 0.155305 0.0808081 0.27254 27.8553 0
56 2.13784e+07 151659 0.543872 0.00392975 6.5e+07 0.0963677 0.0633342 3.59903 0.179476 0.260293 0.000595767 180279 565.766 986151 11527 2.13778e+07 151662 0.992629 3.59658e-05 188.507 7.86402 97708.9 266.628 68014.2 208.143 95576 444.621 261299 620.824 0.017671 3.55219e-05 999.912 0.163223 0.0909091 0.28748 28.502 0
#57 2.1219e+07 129218 0.537987 0.00312983 6.5e+07 0.0968063 0.0727756 3.57505 0.176526 0.26361 0.00056698 175789 532.538 975666 9459.51 2.12182e+07 129073 0.992772 3.11513e-05 191.348 7.21068 97497.1 272.809 68764.7 189.268 94596.5 517.41 260858 660.584 0.0175177 3.9423e-05 999.936 0.135015 0.131313 0.337742 29.1347 0
#58 2.12703e+07 148558 0.54281 0.00332792 6.5e+07 0.103867 0.0709063 3.59579 0.176837 0.264376 0.000588718 168345 542.422 935385 10077.4 2.12696e+07 148569 0.99286 3.6146e-05 188.724 7.28055 93731.3 279.823 66280.5 191.88 90693.8 470.658 250706 634.62 0.0172524 3.26673e-05 999.962 0.101304 0.121212 0.326374 29.6725 0
#59 2.11143e+07 148289 0.537041 0.00335954 6.5e+07 0.104324 0.0799872 3.58466 0.17777 0.267687 0.000600822 164268 548.37 925725 10195.1 2.11137e+07 148255 0.992993 3.48122e-05 191.495 7.5655 93541.8 284.561 66996.6 199.541 89741.8 408.93 250280 610.076 0.0171117 3.36769e-05 999.93 0.141827 0.0909091 0.28748 30.3051 0
60 2.09643e+07 129043 0.531019 0.0029779 6.5e+07 0.104767 0.074492 3.58771 0.175708 0.270984 0.00058879 160234 534.805 916878 8872.19 2.09637e+07 129241 0.993121 2.88494e-05 193.253 7.38341 93279.1 285.01 67677.7 190.304 88791.3 409.1 249748 597.52 0.0169716 3.29641e-05 999.942 0.134854 0.0808081 0.27254 30.9425 0
#61 2.08035e+07 126652 0.52602 0.00306027 6.5e+07 0.105296 0.0749674 3.55108 0.185188 0.274396 0.000546104 156554 535.468 906758 8733.68 2.08029e+07 126682 0.993247 2.7951e-05 195.154 6.41221 93111.7 290.316 68421.5 195.152 87820.3 430.218 249354 633.255 0.0168452 3.24455e-05 999.924 0.144948 0.0808081 0.27254 31.5583 0
#62 2.08435e+07 153716 0.530525 0.00348684 6.5e+07 0.112455 0.0753049 3.6103 0.168224 0.274935 0.000598444 150071 505.363 871233 10001.3 2.0843e+07 153794 0.993322 3.38505e-05 194.909 6.69938 89600.6 269.744 66017.5 179.611 84503 410.917 240121 570.666 0.0165926 3.28272e-05 999.912 0.158278 0.161616 0.368098 32.0851 0
#63 2.06809e+07 150047 0.525416 0.00331411 6.5e+07 0.11301 0.0852119 3.6075 0.193917 0.278473 0.000672798 146634 549.082 861779 9650.44 2.06802e+07 150145 0.993441 3.18796e-05 196.842 7.8765 89403.2 305.599 66711.1 198.611 83446 397.053 239560 568.8 0.0164817 3.3256e-05 999.936 0.144097 0.0909091 0.28748 32.6933 0
64 2.054e+07 156791 0.519882 0.00358623 6.5e+07 0.113501 0.0756685 3.58838 0.164899 0.281646 0.000627862 143258 498.125 853947 10181.7 2.05395e+07 156938 0.993551 3.35798e-05 199.066 7.23642 89167 278.03 67360 190.115 82639.1 437.169 239166 598.866 0.0163575 3.30776e-05 999.965 0.0942134 0.131313 0.337742 33.3008 0
#65 2.03865e+07 140199 0.514909 0.00354112 6.5e+07 0.114094 0.0837657 3.646 0.170273 0.284755 0.000544974 140057 515.777 845198 9404.03 2.03859e+07 140330 0.993662 3.01587e-05 200.582 7.19881 88946.8 286.186 67994.9 207.142 81842.5 396.151 238784 617.35 0.0162326 3.05603e-05 999.932 0.131738 0.151515 0.35855 33.8952 0
#66 2.04172e+07 165767 0.519887 0.00357025 6.5e+07 0.121407 0.089649 3.64769 0.172301 0.285398 0.000608506 134669 488.305 812821 10015.8 2.04167e+07 165699 0.993729 3.44552e-05 199.899 7.16761 85837.3 282.113 65751.7 208.421 78797.5 404.073 230387 635.4 0.0160162 3.04482e-05 999.937 0.131886 0.131313 0.337742 34.3547 0
#67 2.02699e+07 140012 0.514994 0.0031463 6.5e+07 0.121947 0.0844442 3.64873 0.179785 0.288571 0.00062507 131723 477.509 804893 8537.95 2.02693e+07 140054 0.993831 2.87737e-05 201.758 6.56139 85631.3 279.493 66368.3 199.924 77989.9 385.751 229990 627.255 0.0159052 2.91515e-05 999.96 0.0975024 0.0909091 0.28748 34.9443 0
68 2.01235e+07 153341 0.51027 0.00343043 6.5e+07 0.122531 0.0834898 3.63577 0.176295 0.291798 0.000658106 128947 470.358 796866 9301.96 2.0123e+07 153213 0.99393 3.03024e-05 203.903 7.2591 85458.5 281.968 67019.1 219.957 77198.6 388.538 229676 566.13 0.0157999 3.3474e-05 999.933 0.13267 0.0909091 0.28748 35.504 0
#69 1.99602e+07 142062 0.5058 0.00318848 6.5e+07 0.123255 0.086796 3.62802 0.180416 0.295027 0.000629676 126168 398.754 788171 8561.99 1.99597e+07 142300 0.99403 2.97639e-05 205.467 5.65056 85212.5 246.446 67639.4 195.395 76413.3 369.662 229265 563.471 0.0156929 2.85605e-05 999.957 0.0960197 0.0808081 0.27254 36.0887 0
#70 2.00266e+07 154431 0.509935 0.003264 6.5e+07 0.130463 0.0883775 3.64242 0.153278 0.295616 0.000667691 121454 427.514 761681 8865.75 2.00259e+07 154563 0.99408 2.89996e-05 204.739 6.74175 82338.5 259.874 65484.8 195.951 73696.4 377.235 221520 552.917 0.0154925 2.81639e-05 999.956 0.103098 0.0808081 0.27254 36.481 0
