#1 Nodes,                 #2 AvgThroughput,               #4 totalBKThroughput, 
#6 totalBEThroughput,       #8 totalVIThroughput,           #10 totalVOThroughput,
#12 totalCollisions,        #14 totalBKCollisions,          #16 totalBECollisions,
#18 totalVICollisions,      #20 TotalVOCollisions,          #22 totalInternalCollisions,    
#24 totalBKIntCol,          #26 totalBEIntCol,              #28 totalVIIntCol,
#30 totalVOIntCol,          #32 overallFairness,            #34 BKFairness,
#36 BEFairness,             #38 VIFairness,                 #40 VOFairness,
#42 avgTimeBtSxTxBK,        #44 avgTimeBtSxTxBE,            #46 avgTimeBtSxTxVI,
#48 avgTimeBtSxTxVO,        #50 qEmptyBK,                   #52 qEmptyBE,
#54 qEmptyVI,               #56 qEmptyVO                    #58 totalDropped,
#60 droppedBK,              #62 droppedBE                   #64 droppedVI,
#66 droppedVO               #68 channelErrors               #70 stickiness
#72 totalThroughputUnsat    #74 totalThroughputSat          #76 totalThroughputEDCA
#78 totalBKthroughputEDCA   #80 totalBEthroughputEDCA       #82 totalVIthroughputEDCA
#84 totalVOthroughputEDCA   #86 totalThroughputECA          #88 totalBKthroughputECA
#90 totalBEthroughputECA    #92 totalVIthroughputECA        #94 totalVOthroughputECA
#96 avgTimeBtSxTxBkEDCA     #98 avgTimeBtSxTxBeEDCA         #100 avgTimeBtSxTxViEDCA
#102 avgTimeBtSxTxVoEDCA    #104 avgTimeBtSxTxBkECA         #106 avgTimeBtSxTxBeECA
#108 avgTimeBtSxTxViECA     #110 avgTimeBtSxTxVoECA         #112 BKCollisionsEDCA
#114 BECollisionsEDCA       #116 VICollisionsEDCA           #118 VOCollisionsEDCA
#120 BKCollisionsECA        #122 BECollisionsECA            #124 VICollisionsECA
#126 VOCollisionsEDCA       #128 lastCollision              #130 avgQueuingDelayBK
#132 avgQueuingDelayBE      #134 avgQueuingDelayVI          #136 avgQueuingDelayVO
5 4986880 27440 4986880 27440 0 0 0 0 0 0 700 11 0.1069655 0.0010545 0 0 0 0 0 0 0 0 0 0 0 0 0 0 0 0 0.99944 0.000205000000000011 0.99944 0.000205000000000011 0 0 0 0 0 0 0.0004088075 2.00849999999999e-06 0 0 0 0 0 0 5769.5 32.5 0 0 0 0 0 0 0 0 0 0 0 0 0 0 0 0 0.1 0 1 0 4986880 27440 0 0 0 0 0 0 0 0 0 0 0 0 4986880 27440 4986880 27440 0 0 0 0 0 0 0 0 0 0 0 0 0 0 0.0004088075 2.00849999999999e-06 0 0 0 0 0 0 0 0 0 0 0 0 0 0 0.1069655 0.0010545 nan nan nan nan nan nan 9.9759 0.0148699999999993 0.000446824 2.05600000000001e-06 0 0 0 0 0 0 
10 9908635 2865 9908635 2865 0 0 0 0 0 0 1543 26 0.127119 0.00221900000000001 0 0 0 0 0 0 0 0 0 0 0 0 0 0 0 0 0.999365 3.89999999999557e-05 0.999365 3.89999999999557e-05 0 0 0 0 0 0 0.0004900515 5.68650000000001e-06 0 0 0 0 0 0 11304 23 0 0 0 0 0 0 0 0 0 0 0 0 0 0 0 0 0.1 0 1 0 9908635 2865 0 0 0 0 0 0 0 0 0 0 0 0 9908635 2865 9908635 2865 0 0 0 0 0 0 0 0 0 0 0 0 0 0 0.0004900515 5.68650000000001e-06 0 0 0 0 0 0 0 0 0 0 0 0 0 0 0.127119 0.00221900000000001 nan nan nan nan nan nan 9.9983 0.00156000000000045 0.000569388 7.92700000000002e-06 0 0 0 0 0 0 
15 14991350 33550 14991350 33550 0 0 0 0 0 0 2748 33 0.1616215 0.0028025 0 0 0 0 0 0 0 0 0 0 0 0 0 0 0 0 0.999302 9.5999999999985e-05 0.999302 9.5999999999985e-05 0 0 0 0 0 0 0.0006808 4.71299999999999e-06 0 0 0 0 0 0 16603.5 55.5 0 0 0 0 0 0 1 0 1 0 0 0 0 0 0 0 0.1 0 1 0 14991350 33550 0 0 0 0 0 0 0 0 0 0 0 0 14991350 33550 14991350 33550 0 0 0 0 0 0 0 0 0 0 0 0 0 0 0.0006808 4.71299999999999e-06 0 0 0 0 0 0 0 0 0 0 0 0 0 0 0.1616215 0.0028025 nan nan nan nan nan nan 9.99935 0.000440000000000218 0.0008625545 9.50149999999998e-06 0 0 0 0 0 0 
20 19459700 21700 19459700 21700 0 0 0 0 0 0 3974.5 30.5 0.1849155 0.00251549999999999 0 0 0 0 0 0 0 0 0 0 0 0 0 0 0 0 0.9979315 7.55000000000061e-05 0.9979315 7.55000000000061e-05 0 0 0 0 0 0 0.00332398 0.00020482 0 0 0 0 0 0 14937 576 0 0 0 0 0 0 0.5 0.5 0.5 0.5 0 0 0 0 0 0 0.1 0 1 0 19459700 21700 0 0 0 0 0 0 0 0 0 0 0 0 19459700 21700 19459700 21700 0 0 0 0 0 0 0 0 0 0 0 0 0 0 0.00332398 0.00020482 0 0 0 0 0 0 0 0 0 0 0 0 0 0 0.1849155 0.00251549999999999 nan nan nan nan nan nan 9.99449 0.00483000000000011 0.131894 0.018369 0 0 0 0 0 0 
25 21009600 16800 21009600 16800 0 0 0 0 0 0 3914 49 0.1611775 0.0018485 0 0 0 0 0 0 0 0 0 0 0 0 0 0 0 0 0.9933125 0.000873500000000027 0.9933125 0.000873500000000027 0 0 0 0 0 0 0.007869325 4.97250000000005e-05 0 0 0 0 0 0 6530 61 0 0 0 0 0 0 1.5 0.5 1.5 0.5 0 0 0 0 0 0 0.1 0 1 0 21009600 16800 0 0 0 0 0 0 0 0 0 0 0 0 21009600 16800 21009600 16800 0 0 0 0 0 0 0 0 0 0 0 0 0 0 0.007869325 4.97250000000005e-05 0 0 0 0 0 0 0 0 0 0 0 0 0 0 0.1611775 0.0018485 nan nan nan nan nan nan 9.99438 0.00556000000000001 0.801675 0.023741 0 0 0 0 0 0 
30 21954600 4100 21954600 4100 0 0 0 0 0 0 3964 145 0.1543945 0.00674950000000001 0 0 0 0 0 0 0 0 0 0 0 0 0 0 0 0 0.9888055 0.0069515 0.9888055 0.0069515 0 0 0 0 0 0 0.01021275 0.00017935 0 0 0 0 0 0 4026 1143 0 0 0 0 0 0 3 1 3 1 0 0 0 0 0 0 0.1 0 1 0 21954600 4100 0 0 0 0 0 0 0 0 0 0 0 0 21954600 4100 21954600 4100 0 0 0 0 0 0 0 0 0 0 0 0 0 0 0.01021275 0.00017935 0 0 0 0 0 0 0 0 0 0 0 0 0 0 0.1543945 0.00674950000000001 nan nan nan nan nan nan 9.99755 0.00154000000000032 1.348785 0.000125000000000042 0 0 0 0 0 0 
35 22616050 50350 22616050 50350 0 0 0 0 0 0 4065 11 0.155109 0.00106200000000001 0 0 0 0 0 0 0 0 0 0 0 0 0 0 0 0 0.9901145 0.00461049999999996 0.9901145 0.00461049999999996 0 0 0 0 0 0 0.01209295 5.00499999999994e-05 0 0 0 0 0 0 2623.5 396.5 0 0 0 0 0 0 3 1 3 1 0 0 0 0 0 0 0.1 0 1 0 22616050 50350 0 0 0 0 0 0 0 0 0 0 0 0 22616050 50350 22616050 50350 0 0 0 0 0 0 0 0 0 0 0 0 0 0 0.01209295 5.00499999999994e-05 0 0 0 0 0 0 0 0 0 0 0 0 0 0 0.155109 0.00106200000000001 nan nan nan nan nan nan 9.997845 0.00186500000000045 1.80703 0.01756 0 0 0 0 0 0 
40 23175550 74950 23175550 74950 0 0 0 0 0 0 4040 126 0.150091 0.00637799999999999 0 0 0 0 0 0 0 0 0 0 0 0 0 0 0 0 0.9969085 0.00183650000000002 0.9969085 0.00183650000000002 0 0 0 0 0 0 0.0138925 3.3e-05 0 0 0 0 0 0 1058.5 379.5 0 0 0 0 0 0 6.5 2.5 6.5 2.5 0 0 0 0 0 0 0.1 0 1 0 23175550 74950 0 0 0 0 0 0 0 0 0 0 0 0 23175550 74950 23175550 74950 0 0 0 0 0 0 0 0 0 0 0 0 0 0 0.0138925 3.3e-05 0 0 0 0 0 0 0 0 0 0 0 0 0 0 0.150091 0.00637799999999999 nan nan nan nan nan nan 9.999165 0.000515000000000043 2.11344 0.00625999999999993 0 0 0 0 0 0 
45 23575800 25400 23575800 25400 0 0 0 0 0 0 4271.5 37.5 0.1580365 0.000761499999999998 0 0 0 0 0 0 0 0 0 0 0 0 0 0 0 0 0.986689 0.00673399999999996 0.986689 0.00673399999999996 0 0 0 0 0 0 0.0154009 0.0001217 0 0 0 0 0 0 1591 36 0 0 0 0 0 0 4 1 4 1 0 0 0 0 0 0 0.1 0 1 0 23575800 25400 0 0 0 0 0 0 0 0 0 0 0 0 23575800 25400 23575800 25400 0 0 0 0 0 0 0 0 0 0 0 0 0 0 0.0154009 0.0001217 0 0 0 0 0 0 0 0 0 0 0 0 0 0 0.1580365 0.000761499999999998 nan nan nan nan nan nan 9.99878 0.000370000000000203 2.40609 0.02016 0 0 0 0 0 0 
50 23889950 83950 23889950 83950 0 0 0 0 0 0 4391 118 0.1608555 0.00503550000000001 0 0 0 0 0 0 0 0 0 0 0 0 0 0 0 0 0.9932005 0.0015715 0.9932005 0.0015715 0 0 0 0 0 0 0.0169855 4.41999999999994e-05 0 0 0 0 0 0 1039.5 172.5 0 0 0 0 0 0 8 3 8 3 0 0 0 0 0 0 0.1 0 1 0 23889950 83950 0 0 0 0 0 0 0 0 0 0 0 0 23889950 83950 23889950 83950 0 0 0 0 0 0 0 0 0 0 0 0 0 0 0.0169855 4.41999999999994e-05 0 0 0 0 0 0 0 0 0 0 0 0 0 0 0.1608555 0.00503550000000001 nan nan nan nan nan nan 9.99655 0.00108000000000086 2.649625 0.016535 0 0 0 0 0 0 
55 24177850 27850 24177850 27850 0 0 0 0 0 0 4413 35 0.160358 0.000984000000000013 0 0 0 0 0 0 0 0 0 0 0 0 0 0 0 0 0.9993685 9.44999999999974e-05 0.9993685 9.44999999999974e-05 0 0 0 0 0 0 0.0185655 2.30000000000005e-05 0 0 0 0 0 0 247.5 9.5 0 0 0 0 0 0 11.5 5.5 11.5 5.5 0 0 0 0 0 0 0.1 0 1 0 24177850 27850 0 0 0 0 0 0 0 0 0 0 0 0 24177850 27850 24177850 27850 0 0 0 0 0 0 0 0 0 0 0 0 0 0 0.0185655 2.30000000000005e-05 0 0 0 0 0 0 0 0 0 0 0 0 0 0 0.160358 0.000984000000000013 nan nan nan nan nan nan 9.995895 0.00159500000000001 2.825855 0.00730499999999989 0 0 0 0 0 0 
60 24331900 64700 24331900 64700 0 0 0 0 0 0 4613 83 0.168652 0.003484 0 0 0 0 0 0 0 0 0 0 0 0 0 0 0 0 0.9992475 0.000204499999999996 0.9992475 0.000204499999999996 0 0 0 0 0 0 0.0201581 4.36999999999989e-05 0 0 0 0 0 0 145 59 0 0 0 0 0 0 17.5 3.5 17.5 3.5 0 0 0 0 0 0 0.1 0 1 0 24331900 64700 0 0 0 0 0 0 0 0 0 0 0 0 24331900 64700 24331900 64700 0 0 0 0 0 0 0 0 0 0 0 0 0 0 0.0201581 4.36999999999989e-05 0 0 0 0 0 0 0 0 0 0 0 0 0 0 0.168652 0.003484 nan nan nan nan nan nan 9.997635 0.00236500000000017 2.986405 0.015625 0 0 0 0 0 0 
65 24431850 40150 24431850 40150 0 0 0 0 0 0 4821.5 50.5 0.177023 0.003205 0 0 0 0 0 0 0 0 0 0 0 0 0 0 0 0 0.9990875 0.000305500000000014 0.9990875 0.000305500000000014 0 0 0 0 0 0 0.0217609 2.80999999999997e-05 0 0 0 0 0 0 120.5 55.5 0 0 0 0 0 0 20 2 20 2 0 0 0 0 0 0 0.1 0 1 0 24431850 40150 0 0 0 0 0 0 0 0 0 0 0 0 24431850 40150 24431850 40150 0 0 0 0 0 0 0 0 0 0 0 0 0 0 0.0217609 2.80999999999997e-05 0 0 0 0 0 0 0 0 0 0 0 0 0 0 0.177023 0.003205 nan nan nan nan nan nan 9.997325 0.00229500000000016 3.13976 0.00188999999999995 0 0 0 0 0 0 
70 24600550 6550 24600550 6550 0 0 0 0 0 0 4918.5 7.5 0.181009 0.000183000000000003 0 0 0 0 0 0 0 0 0 0 0 0 0 0 0 0 0.99907 9.10000000000077e-05 0.99907 9.10000000000077e-05 0 0 0 0 0 0 0.0232835 8.00000000000453e-07 0 0 0 0 0 0 88.5 9.5 0 0 0 0 0 0 22.5 4.5 22.5 4.5 0 0 0 0 0 0 0.1 0 1 0 24600550 6550 0 0 0 0 0 0 0 0 0 0 0 0 24600550 6550 24600550 6550 0 0 0 0 0 0 0 0 0 0 0 0 0 0 0.0232835 8.00000000000453e-07 0 0 0 0 0 0 0 0 0 0 0 0 0 0 0.181009 0.000183000000000003 nan nan nan nan nan nan 9.99797 0.00164999999999971 3.26531 0.00174999999999992 0 0 0 0 0 0 
