#1 Nodes,                 #2 AvgThroughput,               #4 totalBKThroughput, 
#6 totalBEThroughput,       #8 totalVIThroughput,           #10 totalVOThroughput,
#12 totalCollisions,        #14 totalBKCollisions,          #16 totalBECollisions,
#18 totalVICollisions,      #20 TotalVOCollisions,          #22 totalInternalCollisions,    
#24 totalBKIntCol,          #26 totalBEIntCol,              #28 totalVIIntCol,
#30 totalVOIntCol,          #32 overallFairness,            #34 BKFairness,
#36 BEFairness,             #38 VIFairness,                 #40 VOFairness,
#42 avgTimeBtSxTxBK,        #44 avgTimeBtSxTxBE,            #46 avgTimeBtSxTxVI,
#48 avgTimeBtSxTxVO,        #50 qEmptyBK,                   #52 qEmptyBE,
#54 qEmptyVI,               #56 qEmptyVO                    #58 totalDropped,
#60 droppedBK,              #62 droppedBE                   #64 droppedVI,
#66 droppedVO               #68 channelErrors               #70 stickiness
#72 totalThroughputUnsat    #74 totalThroughputSat          #76 totalThroughputEDCA
#78 totalBKthroughputEDCA   #80 totalBEthroughputEDCA       #82 totalVIthroughputEDCA
#84 totalVOthroughputEDCA   #86 totalThroughputECA          #88 totalBKthroughputECA
#90 totalBEthroughputECA    #92 totalVIthroughputECA        #94 totalVOthroughputECA
#96 avgTimeBtSxTxBkEDCA     #98 avgTimeBtSxTxBeEDCA         #100 avgTimeBtSxTxViEDCA
#102 avgTimeBtSxTxVoEDCA    #104 avgTimeBtSxTxBkECA         #106 avgTimeBtSxTxBeECA
#108 avgTimeBtSxTxViECA     #110 avgTimeBtSxTxVoECA         #112 BKCollisionsEDCA
#114 BECollisionsEDCA       #116 VICollisionsEDCA           #118 VOCollisionsEDCA
#120 BKCollisionsECA        #122 BECollisionsECA            #124 VICollisionsECA
#126 VOCollisionsEDCA       #128 lastCollision              #130 avgQueuingDelayBK
#132 avgQueuingDelayBE      #134 avgQueuingDelayVI          #136 avgQueuingDelayVO
5 4964765 5325 4964765 5325 0 0 0 0 0 0 678 9 0.1050885 0.0010665 0 0 0 0 0 0 0 0 0 0 0 0 0 0 0 0 0.9992115 0.000472499999999987 0.9992115 0.000472499999999987 0 0 0 0 0 0 0.000408907 1.36e-06 0 0 0 0 0 0 5759 5 0 0 0 0 0 0 0 0 0 0 0 0 0 0 0 0 0.1 0 1 0 4964765 5325 0 0 0 0 0 0 0 0 0 0 0 0 4964765 5325 4964765 5325 0 0 0 0 0 0 0 0 0 0 0 0 0 0 0.000408907 1.36e-06 0 0 0 0 0 0 0 0 0 0 0 0 0 0 0.1050885 0.0010665 nan nan nan nan nan nan 9.99488 0.00276000000000032 0.000446414 1.21999999999999e-06 0 0 0 0 0 0 
10 10063450 40550 10063450 40550 0 0 0 0 0 0 1575 26 0.1266155 0.00139350000000001 0 0 0 0 0 0 0 0 0 0 0 0 0 0 0 0 0.999379 0.000259000000000009 0.999379 0.000259000000000009 0 0 0 0 0 0 0.0004916625 3.71850000000003e-06 0 0 0 0 0 0 11455 38 0 0 0 0 0 0 0 0 0 0 0 0 0 0 0 0 0.1 0 1 0 10063450 40550 0 0 0 0 0 0 0 0 0 0 0 0 10063450 40550 10063450 40550 0 0 0 0 0 0 0 0 0 0 0 0 0 0 0.0004916625 3.71850000000003e-06 0 0 0 0 0 0 0 0 0 0 0 0 0 0 0.1266155 0.00139350000000001 nan nan nan nan nan nan 9.99648 0.00301999999999936 0.0005723775 5.35449999999996e-06 0 0 0 0 0 0 
15 15058550 208050 15058550 208050 0 0 0 0 0 0 2748.5 121.5 0.159726 0.005827 0 0 0 0 0 0 0 0 0 0 0 0 0 0 0 0 0.999416 0.000138000000000027 0.999416 0.000138000000000027 0 0 0 0 0 0 0.0006960665 2.72455e-05 0 0 0 0 0 0 16643.5 156.5 0 0 0 0 0 0 1.5 0.5 1.5 0.5 0 0 0 0 0 0 0.1 0 1 0 15058550 208050 0 0 0 0 0 0 0 0 0 0 0 0 15058550 208050 15058550 208050 0 0 0 0 0 0 0 0 0 0 0 0 0 0 0.0006960665 2.72455e-05 0 0 0 0 0 0 0 0 0 0 0 0 0 0 0.159726 0.005827 nan nan nan nan nan nan 9.996105 0.00248500000000007 0.000914663 3.2528e-05 0 0 0 0 0 0 
20 20033150 176550 20033150 176550 0 0 0 0 0 0 4756.5 81.5 0.2219035 0.000748499999999999 0 0 0 0 0 0 0 0 0 0 0 0 0 0 0 0 0.999249 0.000162000000000051 0.999249 0.000162000000000051 0 0 0 0 0 0 0.001732945 6.7165e-05 0 0 0 0 0 0 19006.5 112.5 0 0 0 0 0 0 3.5 0.5 3.5 0.5 0 0 0 0 0 0 0.1 0 1 0 20033150 176550 0 0 0 0 0 0 0 0 0 0 0 0 20033150 176550 20033150 176550 0 0 0 0 0 0 0 0 0 0 0 0 0 0 0.001732945 6.7165e-05 0 0 0 0 0 0 0 0 0 0 0 0 0 0 0.2219035 0.000748499999999999 nan nan nan nan nan nan 9.99398 0.00185000000000013 0.0049332 0.00063625 0 0 0 0 0 0 
25 23784250 98750 23784250 98750 0 0 0 0 0 0 4835 79 0.184233 0.004582 0 0 0 0 0 0 0 0 0 0 0 0 0 0 0 0 0.9986735 0.000167499999999987 0.9986735 0.000167499999999987 0 0 0 0 0 0 0.007507515 0.000144905 0 0 0 0 0 0 3790 591 0 0 0 0 0 0 6.5 0.5 6.5 0.5 0 0 0 0 0 0 0.1 0 1 0 23784250 98750 0 0 0 0 0 0 0 0 0 0 0 0 23784250 98750 23784250 98750 0 0 0 0 0 0 0 0 0 0 0 0 0 0 0.007507515 0.000144905 0 0 0 0 0 0 0 0 0 0 0 0 0 0 0.184233 0.004582 nan nan nan nan nan nan 9.99944 0.000489999999999213 0.3147395 0.0177165 0 0 0 0 0 0 
30 24730000 58200 24730000 58200 0 0 0 0 0 0 4684.5 49.5 0.1683455 0.0011955 0 0 0 0 0 0 0 0 0 0 0 0 0 0 0 0 0.9969475 2.65000000000404e-05 0.9969475 2.65000000000404e-05 0 0 0 0 0 0 0.009742305 6.56049999999998e-05 0 0 0 0 0 0 796 142 0 0 0 0 0 0 12.5 0.5 12.5 0.5 0 0 0 0 0 0 0.1 0 1 0 24730000 58200 0 0 0 0 0 0 0 0 0 0 0 0 24730000 58200 24730000 58200 0 0 0 0 0 0 0 0 0 0 0 0 0 0 0.009742305 6.56049999999998e-05 0 0 0 0 0 0 0 0 0 0 0 0 0 0 0.1683455 0.0011955 nan nan nan nan nan nan 9.99765 0.00103000000000009 0.931554 0.019052 0 0 0 0 0 0 
35 24888900 26200 24888900 26200 0 0 0 0 0 0 4976 10 0.181294 0.000664999999999999 0 0 0 0 0 0 0 0 0 0 0 0 0 0 0 0 0.9964045 0.000778500000000015 0.9964045 0.000778500000000015 0 0 0 0 0 0 0.01142795 3.74999999999941e-06 0 0 0 0 0 0 474 10 0 0 0 0 0 0 22 4 22 4 0 0 0 0 0 0 0.1 0 1 0 24888900 26200 0 0 0 0 0 0 0 0 0 0 0 0 24888900 26200 24888900 26200 0 0 0 0 0 0 0 0 0 0 0 0 0 0 0.01142795 3.74999999999941e-06 0 0 0 0 0 0 0 0 0 0 0 0 0 0 0.181294 0.000664999999999999 nan nan nan nan nan nan 9.99891 0.00100000000000033 1.451615 0.027265 0 0 0 0 0 0 
40 24910650 70850 24910650 70850 0 0 0 0 0 0 5294 61 0.195773 0.00239800000000001 0 0 0 0 0 0 0 0 0 0 0 0 0 0 0 0 0.9965435 0.000371500000000025 0.9965435 0.000371500000000025 0 0 0 0 0 0 0.01307305 5.48499999999995e-05 0 0 0 0 0 0 394 73 0 0 0 0 0 0 34.5 2.5 34.5 2.5 0 0 0 0 0 0 0.1 0 1 0 24910650 70850 0 0 0 0 0 0 0 0 0 0 0 0 24910650 70850 24910650 70850 0 0 0 0 0 0 0 0 0 0 0 0 0 0 0.01307305 5.48499999999995e-05 0 0 0 0 0 0 0 0 0 0 0 0 0 0 0.195773 0.00239800000000001 nan nan nan nan nan nan 9.99872 0.00103999999999971 1.88415 0.00329000000000002 0 0 0 0 0 0 
45 24801300 39300 24801300 39300 0 0 0 0 0 0 5663.5 45.5 0.2125405 0.0021645 0 0 0 0 0 0 0 0 0 0 0 0 0 0 0 0 0.9956185 0.000186500000000034 0.9956185 0.000186500000000034 0 0 0 0 0 0 0.0148646 2.01000000000003e-05 0 0 0 0 0 0 178 19 0 0 0 0 0 0 45.5 3.5 45.5 3.5 0 0 0 0 0 0 0.1 0 1 0 24801300 39300 0 0 0 0 0 0 0 0 0 0 0 0 24801300 39300 24801300 39300 0 0 0 0 0 0 0 0 0 0 0 0 0 0 0.0148646 2.01000000000003e-05 0 0 0 0 0 0 0 0 0 0 0 0 0 0 0.2125405 0.0021645 nan nan nan nan nan nan 9.99506 0.00427999999999962 2.24648 0.01993 0 0 0 0 0 0 
50 24598900 90100 24598900 90100 0 0 0 0 0 0 6081.5 81.5 0.232791 0.003638 0 0 0 0 0 0 0 0 0 0 0 0 0 0 0 0 0.9929255 0.000197499999999962 0.9929255 0.000197499999999962 0 0 0 0 0 0 0.0167226 5.55e-05 0 0 0 0 0 0 142.5 5.5 0 0 0 0 0 0 57 4 57 4 0 0 0 0 0 0 0.1 0 1 0 24598900 90100 0 0 0 0 0 0 0 0 0 0 0 0 24598900 90100 24598900 90100 0 0 0 0 0 0 0 0 0 0 0 0 0 0 0.0167226 5.55e-05 0 0 0 0 0 0 0 0 0 0 0 0 0 0 0.232791 0.003638 nan nan nan nan nan nan 9.99937 0.000140000000000029 2.54657 0.0148000000000001 0 0 0 0 0 0 
55 24312200 77000 24312200 77000 0 0 0 0 0 0 6575 73 0.254619 0.00384000000000001 0 0 0 0 0 0 0 0 0 0 0 0 0 0 0 0 0.993779 0.00028499999999998 0.993779 0.00028499999999998 0 0 0 0 0 0 0.0185878 3.78999999999987e-05 0 0 0 0 0 0 159 52 0 0 0 0 0 0 81.5 3.5 81.5 3.5 0 0 0 0 0 0 0.1 0 1 0 24312200 77000 0 0 0 0 0 0 0 0 0 0 0 0 24312200 77000 24312200 77000 0 0 0 0 0 0 0 0 0 0 0 0 0 0 0.0185878 3.78999999999987e-05 0 0 0 0 0 0 0 0 0 0 0 0 0 0 0.254619 0.00384000000000001 nan nan nan nan nan nan 9.997455 2.49999999999417e-05 2.78267 0.01989 0 0 0 0 0 0 
60 24179950 49550 24179950 49550 0 0 0 0 0 0 6892 58 0.267782 0.00106700000000001 0 0 0 0 0 0 0 0 0 0 0 0 0 0 0 0 0.9929935 0.000406499999999976 0.9929935 0.000406499999999976 0 0 0 0 0 0 0.0204235 5.73999999999991e-05 0 0 0 0 0 0 101 23 0 0 0 0 0 0 95.5 2.5 95.5 2.5 0 0 0 0 0 0 0.1 0 1 0 24179950 49550 0 0 0 0 0 0 0 0 0 0 0 0 24179950 49550 24179950 49550 0 0 0 0 0 0 0 0 0 0 0 0 0 0 0.0204235 5.73999999999991e-05 0 0 0 0 0 0 0 0 0 0 0 0 0 0 0.267782 0.00106700000000001 nan nan nan nan nan nan 9.997695 0.00112500000000004 2.992525 0.00774500000000011 0 0 0 0 0 0 
65 23934950 24150 23934950 24150 0 0 0 0 0 0 7308.5 18.5 0.285687 0.000967999999999997 0 0 0 0 0 0 0 0 0 0 0 0 0 0 0 0 0.994903 0.000568000000000013 0.994903 0.000568000000000013 0 0 0 0 0 0 0.02232565 3.80499999999995e-05 0 0 0 0 0 0 72.5 14.5 0 0 0 0 0 0 118.5 3.5 118.5 3.5 0 0 0 0 0 0 0.1 0 1 0 23934950 24150 0 0 0 0 0 0 0 0 0 0 0 0 23934950 24150 23934950 24150 0 0 0 0 0 0 0 0 0 0 0 0 0 0 0.02232565 3.80499999999995e-05 0 0 0 0 0 0 0 0 0 0 0 0 0 0 0.285687 0.000967999999999997 nan nan nan nan nan nan 9.99895 0.000609999999999999 3.167995 0.0205949999999999 0 0 0 0 0 0 
70 23560600 22500 23560600 22500 0 0 0 0 0 0 7818 31 0.3096935 0.000140499999999988 0 0 0 0 0 0 0 0 0 0 0 0 0 0 0 0 0.9897115 0.000588499999999992 0.9897115 0.000588499999999992 0 0 0 0 0 0 0.02454835 2.395e-05 0 0 0 0 0 0 73.5 8.5 0 0 0 0 0 0 158.5 4.5 158.5 4.5 0 0 0 0 0 0 0.1 0 1 0 23560600 22500 0 0 0 0 0 0 0 0 0 0 0 0 23560600 22500 23560600 22500 0 0 0 0 0 0 0 0 0 0 0 0 0 0 0.02454835 2.395e-05 0 0 0 0 0 0 0 0 0 0 0 0 0 0 0.3096935 0.000140499999999988 nan nan nan nan nan nan 9.999255 0.000745000000000218 3.330985 0.00896499999999989 0 0 0 0 0 0 
