#1 Nodes,                 #2 AvgThroughput,               #4 totalBKThroughput, 
#6 totalBEThroughput,       #8 totalVIThroughput,           #10 totalVOThroughput,
#12 totalCollisions,        #14 totalBKCollisions,          #16 totalBECollisions,
#18 totalVICollisions,      #20 TotalVOCollisions,          #22 totalInternalCollisions,    
#24 totalBKIntCol,          #26 totalBEIntCol,              #28 totalVIIntCol,
#30 totalVOIntCol,          #32 overallFairness,            #34 BKFairness,
#36 BEFairness,             #38 VIFairness,                 #40 VOFairness,
#42 avgTimeBtSxTxBK,        #44 avgTimeBtSxTxBE,            #46 avgTimeBtSxTxVI,
#48 avgTimeBtSxTxVO,        #50 qEmptyBK,                   #52 qEmptyBE,
#54 qEmptyVI,               #56 qEmptyVO                    #58 totalDropped,
#60 droppedBK,              #62 droppedBE                   #64 droppedVI,
#66 droppedVO               #68 channelErrors               #70 stickiness
#72 totalThroughputUnsat    #74 totalThroughputSat          #76 totalThroughputEDCA
#78 totalBKthroughputEDCA   #80 totalBEthroughputEDCA       #82 totalVIthroughputEDCA
#84 totalVOthroughputEDCA   #86 totalThroughputECA          #88 totalBKthroughputECA
#90 totalBEthroughputECA    #92 totalVIthroughputECA        #94 totalVOthroughputECA
#96 avgTimeBtSxTxBkEDCA     #98 avgTimeBtSxTxBeEDCA         #100 avgTimeBtSxTxViEDCA
#102 avgTimeBtSxTxVoEDCA    #104 avgTimeBtSxTxBkECA         #106 avgTimeBtSxTxBeECA
#108 avgTimeBtSxTxViECA     #110 avgTimeBtSxTxVoECA         #112 BKCollisionsEDCA
#114 BECollisionsEDCA       #116 VICollisionsEDCA           #118 VOCollisionsEDCA
#120 BKCollisionsECA        #122 BECollisionsECA            #124 VICollisionsECA
#126 VOCollisionsEDCA       #128 lastCollision              #130 avgQueuingDelayBK
#132 avgQueuingDelayBE      #134 avgQueuingDelayVI          #136 avgQueuingDelayVO
5 19242700 50700 19242700 50700 0 0 0 0 0 0 28150 160 0.114392 0.000457000000000006 0 0 0 0 0 0 0 0 0 0 0 0 0 0 0 0 0.9997955 1.75000000000036e-05 0.9997955 1.75000000000036e-05 0 0 0 0 0 0 0.00212905 5.64999999999984e-06 0 0 0 0 0 0 0 0 0 0 0 0 0 0 1 0 1 0 0 0 0 0 0 0 0.1 0 1 0 0 0 19242700 50700 0 0 0 0 0 0 0 0 0 0 19242700 50700 19242700 50700 0 0 0 0 0 0 0 0 0 0 0 0 0 0 0.00212905 5.64999999999984e-06 0 0 0 0 0 0 0 0 0 0 0 0 0 0 0.114392 0.000457000000000006 nan nan nan nan nan nan 99.9957 0.00390000000000157 2.10604 0.00540000000000007 0 0 0 0 0 0 
10 21499250 9250 21499250 9250 0 0 0 0 0 0 31811.5 96.5 0.116102 0.000685999999999999 0 0 0 0 0 0 0 0 0 0 0 0 0 0 0 0 0.999913 5.30000000000252e-05 0.999913 5.30000000000252e-05 0 0 0 0 0 0 0.00381069 1.4399999999999e-06 0 0 0 0 0 0 0 0 0 0 0 0 0 0 5 0 5 0 0 0 0 0 0 0 0.1 0 1 0 0 0 21499250 9250 0 0 0 0 0 0 0 0 0 0 21499250 9250 21499250 9250 0 0 0 0 0 0 0 0 0 0 0 0 0 0 0.00381069 1.4399999999999e-06 0 0 0 0 0 0 0 0 0 0 0 0 0 0 0.116102 0.000685999999999999 nan nan nan nan nan nan 99.9981 0.00150000000000006 3.73687 0.00134999999999996 0 0 0 0 0 0 
15 23186150 11750 23186150 11750 0 0 0 0 0 0 35562.5 111.5 0.1234205 0.000415499999999999 0 0 0 0 0 0 0 0 0 0 0 0 0 0 0 0 0.999896 1.49999999999872e-05 0.999896 1.49999999999872e-05 0 0 0 0 0 0 0.00530025 2.77000000000003e-06 0 0 0 0 0 0 0 0 0 0 0 0 0 0 10.5 4.5 10.5 4.5 0 0 0 0 0 0 0.1 0 1 0 0 0 23186150 11750 0 0 0 0 0 0 0 0 0 0 23186150 11750 23186150 11750 0 0 0 0 0 0 0 0 0 0 0 0 0 0 0.00530025 2.77000000000003e-06 0 0 0 0 0 0 0 0 0 0 0 0 0 0 0.1234205 0.000415499999999999 nan nan nan nan nan nan 99.9954 0.00260000000000105 5.15854 0.00387000000000004 0 0 0 0 0 0 
20 24126350 2650 24126350 2650 0 0 0 0 0 0 38919 23 0.1329675 9.54999999999984e-05 0 0 0 0 0 0 0 0 0 0 0 0 0 0 0 0 0.999856 4.10000000000132e-05 0.999856 4.10000000000132e-05 0 0 0 0 0 0 0.00679188 4.4999999999993e-07 0 0 0 0 0 0 0 0 0 0 0 0 0 0 36.5 1.5 36.5 1.5 0 0 0 0 0 0 0.1 0 1 0 0 0 24126350 2650 0 0 0 0 0 0 0 0 0 0 24126350 2650 24126350 2650 0 0 0 0 0 0 0 0 0 0 0 0 0 0 0.00679188 4.4999999999993e-07 0 0 0 0 0 0 0 0 0 0 0 0 0 0 0.1329675 9.54999999999984e-05 nan nan nan nan nan nan 99.99795 0.000650000000000261 6.556195 0.00130499999999989 0 0 0 0 0 0 
25 24601900 18400 24601900 18400 0 0 0 0 0 0 42256 108 0.146283 0.000421000000000005 0 0 0 0 0 0 0 0 0 0 0 0 0 0 0 0 0.9998005 3.15000000000176e-05 0.9998005 3.15000000000176e-05 0 0 0 0 0 0 0.008326195 5.94500000000026e-06 0 0 0 0 0 0 0 0 0 0 0 0 0 0 53.5 3.5 53.5 3.5 0 0 0 0 0 0 0.1 0 1 0 0 0 24601900 18400 0 0 0 0 0 0 0 0 0 0 24601900 18400 24601900 18400 0 0 0 0 0 0 0 0 0 0 0 0 0 0 0.008326195 5.94500000000026e-06 0 0 0 0 0 0 0 0 0 0 0 0 0 0 0.146283 0.000421000000000005 nan nan nan nan nan nan 99.9993 0.000199999999999534 7.97759 0.00517000000000012 0 0 0 0 0 0 
30 24831850 13250 24831850 13250 0 0 0 0 0 0 45770.5 112.5 0.16067 0.000633999999999996 0 0 0 0 0 0 0 0 0 0 0 0 0 0 0 0 0.99972 7.99999999995249e-06 0.99972 7.99999999995249e-06 0 0 0 0 0 0 0.00989972 5.19999999999948e-06 0 0 0 0 0 0 0 0 0 0 0 0 0 0 117.5 8.5 117.5 8.5 0 0 0 0 0 0 0.1 0 1 0 0 0 24831850 13250 0 0 0 0 0 0 0 0 0 0 24831850 13250 24831850 13250 0 0 0 0 0 0 0 0 0 0 0 0 0 0 0.00989972 5.19999999999948e-06 0 0 0 0 0 0 0 0 0 0 0 0 0 0 0.16067 0.000633999999999996 nan nan nan nan nan nan 99.99285 0.00394999999999612 9.403065 0.00428499999999943 0 0 0 0 0 0 
35 24913850 350 24913850 350 0 0 0 0 0 0 49173 13 0.176055 0.000183000000000003 0 0 0 0 0 0 0 0 0 0 0 0 0 0 0 0 0.999818 2.4000000000024e-05 0.999818 2.4000000000024e-05 0 0 0 0 0 0 0.0115105 9.99999999994061e-08 0 0 0 0 0 0 0 0 0 0 0 0 0 0 196.5 2.5 196.5 2.5 0 0 0 0 0 0 0.1 0 1 0 0 0 24913850 350 0 0 0 0 0 0 0 0 0 0 24913850 350 24913850 350 0 0 0 0 0 0 0 0 0 0 0 0 0 0 0.0115105 9.99999999994061e-08 0 0 0 0 0 0 0 0 0 0 0 0 0 0 0.176055 0.000183000000000003 nan nan nan nan nan nan 99.9989 0.000300000000002854 10.83715 0.00095000000000045 0 0 0 0 0 0 
40 24916150 8450 24916150 8450 0 0 0 0 0 0 52583 70 0.1915475 0.000401499999999999 0 0 0 0 0 0 0 0 0 0 0 0 0 0 0 0 0.999664 2.29999999999952e-05 0.999664 2.29999999999952e-05 0 0 0 0 0 0 0.01315565 4.24999999999991e-06 0 0 0 0 0 0 0 0 0 0 0 0 0 0 286.5 22.5 286.5 22.5 0 0 0 0 0 0 0.1 0 1 0 0 0 24916150 8450 0 0 0 0 0 0 0 0 0 0 24916150 8450 24916150 8450 0 0 0 0 0 0 0 0 0 0 0 0 0 0 0.01315565 4.24999999999991e-06 0 0 0 0 0 0 0 0 0 0 0 0 0 0 0.1915475 0.000401499999999999 nan nan nan nan nan nan 99.9981 0.000499999999995282 12.27555 0.00495000000000001 0 0 0 0 0 0 
45 24773200 1000 24773200 1000 0 0 0 0 0 0 56684.5 3.5 0.2103875 9.75000000000004e-05 0 0 0 0 0 0 0 0 0 0 0 0 0 0 0 0 0.9995545 5.25000000000109e-05 0.9995545 5.25000000000109e-05 0 0 0 0 0 0 0.0148871 2.99999999999953e-07 0 0 0 0 0 0 0 0 0 0 0 0 0 0 429.5 17.5 429.5 17.5 0 0 0 0 0 0 0.1 0 1 0 0 0 24773200 1000 0 0 0 0 0 0 0 0 0 0 24773200 1000 24773200 1000 0 0 0 0 0 0 0 0 0 0 0 0 0 0 0.0148871 2.99999999999953e-07 0 0 0 0 0 0 0 0 0 0 0 0 0 0 0.2103875 9.75000000000004e-05 nan nan nan nan nan nan 99.99825 0.000849999999999795 13.75675 0.000350000000000072 0 0 0 0 0 0 
50 24630750 15050 24630750 15050 0 0 0 0 0 0 60453 146 0.2277825 0.000522500000000009 0 0 0 0 0 0 0 0 0 0 0 0 0 0 0 0 0.999456 1.79999999999625e-05 0.999456 1.79999999999625e-05 0 0 0 0 0 0 0.01663855 9.85000000000048e-06 0 0 0 0 0 0 0 0 0 0 0 0 0 0 605.5 9.5 605.5 9.5 0 0 0 0 0 0 0.1 0 1 0 0 0 24630750 15050 0 0 0 0 0 0 0 0 0 0 24630750 15050 24630750 15050 0 0 0 0 0 0 0 0 0 0 0 0 0 0 0.01663855 9.85000000000048e-06 0 0 0 0 0 0 0 0 0 0 0 0 0 0 0.2277825 0.000522500000000009 nan nan nan nan nan nan 99.99875 0.000749999999996476 15.21815 0.0125500000000001 0 0 0 0 0 0 
55 24467200 13800 24467200 13800 0 0 0 0 0 0 64094.5 122.5 0.2447945 0.000469500000000012 0 0 0 0 0 0 0 0 0 0 0 0 0 0 0 0 0.999416 3.50000000000072e-05 0.999416 3.50000000000072e-05 0 0 0 0 0 0 0.01842545 1.10500000000003e-05 0 0 0 0 0 0 0 0 0 0 0 0 0 0 765 3 765 3 0 0 0 0 0 0 0.1 0 1 0 0 0 24467200 13800 0 0 0 0 0 0 0 0 0 0 24467200 13800 24467200 13800 0 0 0 0 0 0 0 0 0 0 0 0 0 0 0.01842545 1.10500000000003e-05 0 0 0 0 0 0 0 0 0 0 0 0 0 0 0.2447945 0.000469500000000012 nan nan nan nan nan nan 99.9991 0.000699999999994816 16.67945 0.00384999999999991 0 0 0 0 0 0 
60 24213600 25500 24213600 25500 0 0 0 0 0 0 68381 252 0.264163 0.00086 0 0 0 0 0 0 0 0 0 0 0 0 0 0 0 0 0.999279 4.90000000000212e-05 0.999279 4.90000000000212e-05 0 0 0 0 0 0 0.0203139 2.25e-05 0 0 0 0 0 0 0 0 0 0 0 0 0 0 962 14 962 14 0 0 0 0 0 0 0.1 0 1 0 0 0 24213600 25500 0 0 0 0 0 0 0 0 0 0 24213600 25500 24213600 25500 0 0 0 0 0 0 0 0 0 0 0 0 0 0 0.0203139 2.25e-05 0 0 0 0 0 0 0 0 0 0 0 0 0 0 0.264163 0.00086 nan nan nan nan nan nan 99.9989 0.000800000000005241 18.1894 0.00839999999999996 0 0 0 0 0 0 
65 23941700 13200 23941700 13200 0 0 0 0 0 0 72718.5 123.5 0.2833795 0.000368499999999994 0 0 0 0 0 0 0 0 0 0 0 0 0 0 0 0 0.999141 5.70000000000292e-05 0.999141 5.70000000000292e-05 0 0 0 0 0 0 0.0222596 1.34000000000002e-05 0 0 0 0 0 0 0 0 0 0 0 0 0 0 1199.5 1.5 1199.5 1.5 0 0 0 0 0 0 0.1 0 1 0 0 0 23941700 13200 0 0 0 0 0 0 0 0 0 0 23941700 13200 23941700 13200 0 0 0 0 0 0 0 0 0 0 0 0 0 0 0.0222596 1.34000000000002e-05 0 0 0 0 0 0 0 0 0 0 0 0 0 0 0.2833795 0.000368499999999994 nan nan nan nan nan nan 99.9987 0 19.7001 0.0167000000000002 0 0 0 0 0 0 
70 23668650 5450 23668650 5450 0 0 0 0 0 0 76944.5 54.5 0.3017965 0.000173500000000021 0 0 0 0 0 0 0 0 0 0 0 0 0 0 0 0 0.9992975 9.54999999999706e-05 0.9992975 9.54999999999706e-05 0 0 0 0 0 0 0.02424425 7.95000000000136e-06 0 0 0 0 0 0 0 0 0 0 0 0 0 0 1437.5 64.5 1437.5 64.5 0 0 0 0 0 0 0.1 0 1 0 0 0 23668650 5450 0 0 0 0 0 0 0 0 0 0 23668650 5450 23668650 5450 0 0 0 0 0 0 0 0 0 0 0 0 0 0 0.02424425 7.95000000000136e-06 0 0 0 0 0 0 0 0 0 0 0 0 0 0 0.3017965 0.000173500000000021 nan nan nan nan nan nan 99.99895 0.000149999999997874 21.1966 0.00250000000000128 0 0 0 0 0 0 
