#1 Nodes,                 #2 AvgThroughput,               #4 totalBKThroughput, 
#6 totalBEThroughput,       #8 totalVIThroughput,           #10 totalVOThroughput,
#12 totalCollisions,        #14 totalBKCollisions,          #16 totalBECollisions,
#18 totalVICollisions,      #20 TotalVOCollisions,          #22 totalInternalCollisions,    
#24 totalBKIntCol,          #26 totalBEIntCol,              #28 totalVIIntCol,
#30 totalVOIntCol,          #32 overallFairness,            #34 BKFairness,
#36 BEFairness,             #38 VIFairness,                 #40 VOFairness,
#42 avgTimeBtSxTxBK,        #44 avgTimeBtSxTxBE,            #46 avgTimeBtSxTxVI,
#48 avgTimeBtSxTxVO,        #50 qEmptyBK,                   #52 qEmptyBE,
#54 qEmptyVI,               #56 qEmptyVO                    #58 totalDropped,
#60 droppedBK,              #62 droppedBE                   #64 droppedVI,
#66 droppedVO               #68 channelErrors               #70 stickiness
#72 totalThroughputUnsat    #74 totalThroughputSat          #76 totalThroughputEDCA
#78 totalBKthroughputEDCA   #80 totalBEthroughputEDCA       #82 totalVIthroughputEDCA
#84 totalVOthroughputEDCA   #86 totalThroughputECA          #88 totalBKthroughputECA
#90 totalBEthroughputECA    #92 totalVIthroughputECA        #94 totalVOthroughputECA
#96 avgTimeBtSxTxBkEDCA     #98 avgTimeBtSxTxBeEDCA         #100 avgTimeBtSxTxViEDCA
#102 avgTimeBtSxTxVoEDCA    #104 avgTimeBtSxTxBkECA         #106 avgTimeBtSxTxBeECA
#108 avgTimeBtSxTxViECA     #110 avgTimeBtSxTxVoECA         #112 BKCollisionsEDCA
#114 BECollisionsEDCA       #116 VICollisionsEDCA           #118 VOCollisionsEDCA
#120 BKCollisionsECA        #122 BECollisionsECA            #124 VICollisionsECA
#126 VOCollisionsEDCA       #128 lastCollision
5 5016085 3805 5016085 3805 0 0 0 0 0 0 6922.5 78.5 0.1058975 0.0011125 0 0 0 0 0 0 0 0 0 0 0 0 0 0 0 0 0.999848 0.000120000000000009 0.999848 0.000120000000000009 0 0 0 0 0 0 0.0004081495 6.21500000000001e-07 0 0 0 0 0 0 58033 88 0 0 0 0 0 0 0 0 0 0 0 0 0 0 0 0 0.1 0 1 0 5016085 3805 0 0 0 0 0 0 0 0 0 0 0 0 5016085 3805 5016085 3805 0 0 0 0 0 0 0 0 0 0 0 0 0 0 0.0004081495 6.21500000000001e-07 0 0 0 0 0 0 0 0 0 0 0 0 0 0 0.1058975 0.0011125 nan nan nan nan nan nan 99.99025 0.0067499999999967 0.000444173 6.91999999999999e-07 0 0 0 0 0 0 
10 9984860 3400 9984860 3400 0 0 0 0 0 0 15038.5 21.5 0.1233395 0.0002635 0 0 0 0 0 0 0 0 0 0 0 0 0 0 0 0 0.999932 3.70000000000092e-05 0.999932 3.70000000000092e-05 0 0 0 0 0 0 0.0004783255 1.70500000000001e-07 0 0 0 0 0 0 114235 28 0 0 0 0 0 0 0 0 0 0 0 0 0 0 0 0 0.1 0 1 0 9984860 3400 0 0 0 0 0 0 0 0 0 0 0 0 9984860 3400 9984860 3400 0 0 0 0 0 0 0 0 0 0 0 0 0 0 0.0004783255 1.70500000000001e-07 0 0 0 0 0 0 0 0 0 0 0 0 0 0 0.1233395 0.0002635 nan nan nan nan nan nan 99.9925 0.00630000000000308 0.0005477245 3.05499999999985e-07 0 0 0 0 0 0 
15 15011700 20300 15011700 20300 0 0 0 0 0 0 26667 101 0.15952 0.000703999999999996 0 0 0 0 0 0 0 0 0 0 0 0 0 0 0 0 0.999943 2.6000000000026e-05 0.999943 2.6000000000026e-05 0 0 0 0 0 0 0.0006444485 2.45249999999996e-06 0 0 0 0 0 0 167300.5 261.5 0 0 0 0 0 0 0.5 0.5 0.5 0.5 0 0 0 0 0 0 0.1 0 1 0 15011700 20300 0 0 0 0 0 0 0 0 0 0 0 0 15011700 20300 15011700 20300 0 0 0 0 0 0 0 0 0 0 0 0 0 0 0.0006444485 2.45249999999996e-06 0 0 0 0 0 0 0 0 0 0 0 0 0 0 0.15952 0.000703999999999996 nan nan nan nan nan nan 99.9984 0.000399999999999068 0.0007717745 3.56050000000001e-06 0 0 0 0 0 0 
20 20047550 14150 20047550 14150 0 0 0 0 0 0 46011 3 0.233522 0.000187000000000007 0 0 0 0 0 0 0 0 0 0 0 0 0 0 0 0 0.999902 1.89999999999912e-05 0.999902 1.89999999999912e-05 0 0 0 0 0 0 0.00119014 3.92999999999997e-06 0 0 0 0 0 0 207739 190 0 0 0 0 0 0 11.5 3.5 11.5 3.5 0 0 0 0 0 0 0.1 0 1 0 20047550 14150 0 0 0 0 0 0 0 0 0 0 0 0 20047550 14150 20047550 14150 0 0 0 0 0 0 0 0 0 0 0 0 0 0 0.00119014 3.92999999999997e-06 0 0 0 0 0 0 0 0 0 0 0 0 0 0 0.233522 0.000187000000000007 nan nan nan nan nan nan 99.99645 0.00224999999999653 0.00154786 8.12999999999996e-06 0 0 0 0 0 0 
25 24955700 40300 24955700 40300 0 0 0 0 0 0 72145 135 0.37053 0.000314000000000009 0 0 0 0 0 0 0 0 0 0 0 0 0 0 0 0 0.9999315 3.55000000000216e-05 0.9999315 3.55000000000216e-05 0 0 0 0 0 0 0.00408765 4.74400000000002e-05 0 0 0 0 0 0 186508 547 0 0 0 0 0 0 324 14 324 14 0 0 0 0 0 0 0.1 0 1 0 24955700 40300 0 0 0 0 0 0 0 0 0 0 0 0 24955700 40300 24955700 40300 0 0 0 0 0 0 0 0 0 0 0 0 0 0 0.00408765 4.74400000000002e-05 0 0 0 0 0 0 0 0 0 0 0 0 0 0 0.37053 0.000314000000000009 nan nan nan nan nan nan 99.9972 0.00259999999999394 0.007640775 0.000150335 0 0 0 0 0 0 
30 29820850 52050 29820850 52050 0 0 0 0 0 0 60291.5 585.5 0.428989 0.000107999999999997 0 0 0 0 0 0 0 0 0 0 0 0 0 0 0 0 0.9999145 1.14999999999976e-05 0.9999145 1.14999999999976e-05 0 0 0 0 0 0 0.012767 0.0002114 0 0 0 0 0 0 110965 1517 0 0 0 0 0 0 1519.5 88.5 1519.5 88.5 0 0 0 0 0 0 0.1 0 1 0 29820850 52050 0 0 0 0 0 0 0 0 0 0 0 0 29820850 52050 29820850 52050 0 0 0 0 0 0 0 0 0 0 0 0 0 0 0.012767 0.0002114 0 0 0 0 0 0 0 0 0 0 0 0 0 0 0.428989 0.000107999999999997 nan nan nan nan nan nan 99.9987 0.00100000000000477 0.03249105 0.000591250000000001 0 0 0 0 0 0 
35 34854450 28850 34854450 28850 0 0 0 0 0 0 36057 557 0.4122345 0.0020925 0 0 0 0 0 0 0 0 0 0 0 0 0 0 0 0 0.999914 2.99999999997524e-06 0.999914 2.99999999997524e-06 0 0 0 0 0 0 0.02923635 0.00028475 0 0 0 0 0 0 55711.5 759.5 0 0 0 0 0 0 1855.5 281.5 1855.5 281.5 0 0 0 0 0 0 0.1 0 1 0 34854450 28850 0 0 0 0 0 0 0 0 0 0 0 0 34854450 28850 34854450 28850 0 0 0 0 0 0 0 0 0 0 0 0 0 0 0.02923635 0.00028475 0 0 0 0 0 0 0 0 0 0 0 0 0 0 0.4122345 0.0020925 nan nan nan nan nan nan 99.9964 0.00169999999999959 0.0775985 0.000711500000000004 0 0 0 0 0 0 
40 39883700 13600 39883700 13600 0 0 0 0 0 0 18081.5 171.5 0.355907 0.000463999999999992 0 0 0 0 0 0 0 0 0 0 0 0 0 0 0 0 0.9999025 1.55000000000016e-05 0.9999025 1.55000000000016e-05 0 0 0 0 0 0 0.05901825 0.000569649999999998 0 0 0 0 0 0 23132 278 0 0 0 0 0 0 998.5 58.5 998.5 58.5 0 0 0 0 0 0 0.1 0 1 0 39883700 13600 0 0 0 0 0 0 0 0 0 0 0 0 39883700 13600 39883700 13600 0 0 0 0 0 0 0 0 0 0 0 0 0 0 0.05901825 0.000569649999999998 0 0 0 0 0 0 0 0 0 0 0 0 0 0 0.355907 0.000463999999999992 nan nan nan nan nan nan 99.99535 0.00124999999999886 0.158644 0.000661999999999996 0 0 0 0 0 0 
45 44755350 28950 44755350 28950 0 0 0 0 0 0 6745 152 0.243168 0.003928 0 0 0 0 0 0 0 0 0 0 0 0 0 0 0 0 0.999885 2.000000000002e-06 0.999885 2.000000000002e-06 0 0 0 0 0 0 0.108313 0.000545999999999998 0 0 0 0 0 0 4722.5 217.5 0 0 0 0 0 0 236.5 18.5 236.5 18.5 0 0 0 0 0 0 0.1 0 1 0 44755350 28950 0 0 0 0 0 0 0 0 0 0 0 0 44755350 28950 44755350 28950 0 0 0 0 0 0 0 0 0 0 0 0 0 0 0.108313 0.000545999999999998 0 0 0 0 0 0 0 0 0 0 0 0 0 0 0.243168 0.003928 nan nan nan nan nan nan 99.9898 0.00919999999999987 0.487657 0.026053 0 0 0 0 0 0 
50 46194100 21700 46194100 21700 0 0 0 0 0 0 3573.5 43.5 0.130273 0.002054 0 0 0 0 0 0 0 0 0 0 0 0 0 0 0 0 0.9989885 0.00012249999999997 0.9989885 0.00012249999999997 0 0 0 0 0 0 0.1029195 0.000436499999999999 0 0 0 0 0 0 462 17 0 0 0 0 0 0 805.5 47.5 805.5 47.5 0 0 0 0 0 0 0.1 0 1 0 46194100 21700 0 0 0 0 0 0 0 0 0 0 0 0 46194100 21700 46194100 21700 0 0 0 0 0 0 0 0 0 0 0 0 0 0 0.1029195 0.000436499999999999 0 0 0 0 0 0 0 0 0 0 0 0 0 0 0.130273 0.002054 nan nan nan nan nan nan 99.9685 0.0270999999999972 3.732305 0.0196050000000001 0 0 0 0 0 0 
55 45661900 95700 45661900 95700 0 0 0 0 0 0 3858 33 0.1519895 0.00286149999999999 0 0 0 0 0 0 0 0 0 0 0 0 0 0 0 0 0.998871 4.50000000000172e-05 0.998871 4.50000000000172e-05 0 0 0 0 0 0 0.1239715 0.0018355 0 0 0 0 0 0 211.5 8.5 0 0 0 0 0 0 801.5 105.5 801.5 105.5 0 0 0 0 0 0 0.1 0 1 0 45661900 95700 0 0 0 0 0 0 0 0 0 0 0 0 45661900 95700 45661900 95700 0 0 0 0 0 0 0 0 0 0 0 0 0 0 0.1239715 0.0018355 0 0 0 0 0 0 0 0 0 0 0 0 0 0 0.1519895 0.00286149999999999 nan nan nan nan nan nan 99.98695 0.0090499999999949 6.82687 0.01729 0 0 0 0 0 0 
60 45336700 40800 45336700 40800 0 0 0 0 0 0 4189.5 13.5 0.1770105 0.000772499999999995 0 0 0 0 0 0 0 0 0 0 0 0 0 0 0 0 0.9988465 2.50000000001638e-06 0.9988465 2.50000000001638e-06 0 0 0 0 0 0 0.14953 9.000000000009e-06 0 0 0 0 0 0 122.5 15.5 0 0 0 0 0 0 813 102 813 102 0 0 0 0 0 0 0.1 0 1 0 45336700 40800 0 0 0 0 0 0 0 0 0 0 0 0 45336700 40800 45336700 40800 0 0 0 0 0 0 0 0 0 0 0 0 0 0 0.14953 9.000000000009e-06 0 0 0 0 0 0 0 0 0 0 0 0 0 0 0.1770105 0.000772499999999995 nan nan nan nan nan nan 99.97225 0.00184999999999746 8.30581 0.00125999999999937 0 0 0 0 0 0 
65 44949550 135750 44949550 135750 0 0 0 0 0 0 4458 81 0.1982165 0.00602850000000001 0 0 0 0 0 0 0 0 0 0 0 0 0 0 0 0 0.998482 4.000000000004e-06 0.998482 4.000000000004e-06 0 0 0 0 0 0 0.1738555 0.00318650000000001 0 0 0 0 0 0 91.5 6.5 0 0 0 0 0 0 1119.5 209.5 1119.5 209.5 0 0 0 0 0 0 0.1 0 1 0 44949550 135750 0 0 0 0 0 0 0 0 0 0 0 0 44949550 135750 44949550 135750 0 0 0 0 0 0 0 0 0 0 0 0 0 0 0.1738555 0.00318650000000001 0 0 0 0 0 0 0 0 0 0 0 0 0 0 0.1982165 0.00602850000000001 nan nan nan nan nan nan 99.95 0.0489000000000033 9.43024 0.03139 0 0 0 0 0 0 
70 44464350 24450 44464350 24450 0 0 0 0 0 0 4759 6 0.222816 0.000387000000000012 0 0 0 0 0 0 0 0 0 0 0 0 0 0 0 0 0.9977445 0.00030150000000001 0.9977445 0.00030150000000001 0 0 0 0 0 0 0.202921 0.000135999999999997 0 0 0 0 0 0 67.5 2.5 0 0 0 0 0 0 1027.5 35.5 1027.5 35.5 0 0 0 0 0 0 0.1 0 1 0 44464350 24450 0 0 0 0 0 0 0 0 0 0 0 0 44464350 24450 44464350 24450 0 0 0 0 0 0 0 0 0 0 0 0 0 0 0.202921 0.000135999999999997 0 0 0 0 0 0 0 0 0 0 0 0 0 0 0.222816 0.000387000000000012 nan nan nan nan nan nan 99.98095 0.0116499999999959 10.4901 0.0312999999999999 0 0 0 0 0 0 
