#1-sta 2-avgThroughput 3-stdThroughput 4-JFI 5-stdJFI 6-Bandwidth 7-avgDelay 8-stdDelay 9-avgBackoffStage 10-stdBackoffStage 11-totalFractionOfCollisionSlots 12.stdCollidingSlots 13.avgThroughputDCF 14. stdThroughputDCF 15.avgThroughputECA 16.stdThroughputECA 17.Sum of 15 and 16 18. std of 17 19. AvgBlockingProb 20. StdBlockingProb 21. AvgDroppedPackets 22.StdDropped 23.SxSlots 24.stdSxSlots 25.ColSlots 26.StdColSlots 27.EmptySlots 28.stdEmpty 29.totalSlots 30.stdTotalSlots 31.averageTAU 32.stdTAU 33.avgQSize 34.stdQSize 35.avgQEmpty 36.stdQEmpty 37. avgQDelay 38. stdQDelay
1 26089125 43.3012701892219 0 0 1 0 200000000 0 0.000314 0 0 0 0 0 26089100 0 26089100 0 0.86918495 8.5576559290497e-05 0 0 318471.25 0.433012701892219 0 0 2229308.5 5.7227615711298 2547779.5 4.9749371855331 0.12499925 4.33012701892652e-07 999.85 0.357071421427143 0 0 0.3133925 3.29393381839499e-06
2 2.99081e+07 1.73412e+06 1 0 6.5e+07 0.000576363 0.0261144 0.0606061 0.238606 3.37875e-08 1.33022e-07 0 0 1.4954e+07 867048 2.9908e+07 1.7341e+06 0.768671 0.0133535 0 0 351500 32330.5 0.0606061 0.238606 1.10887e+06 117007 1.46037e+06 84676.5 0.121211 0.0149127 999.717 0.34202 0.10101 0.33318 0.547241 0
3 3.21858e+07 2.51471e+06 1 0 6.5e+07 0.000900308 0.053312 0.188552 0.342177 2.37054e-07 4.21687e-07 0 0 1.07286e+07 838247 3.21857e+07 2.51469e+06 0.833685 0.012878 0 0 351851 43686.7 0.282828 0.513267 695880 125550 1.04773e+06 81864.4 0.11353 0.0203805 999.791 0.230103 0.0808081 0.27254 0.764076 0
4 3.57982e+07 3.70165e+06 1 0 6.5e+07 0.0015631 0.0918946 0.59596 0.533839 1.23503e-06 1.04409e-06 0 0 8.9495e+06 925397 3.5798e+07 3.70158e+06 0.861053 0.0142232 0 0 312687 62364.6 1.17172 1.06402 561312 152745 874000 90383.9 0.0921708 0.0265212 999.79 0.229479 0.111111 0.344917 0.919729 0
5 3.79436e+07 4.06937e+06 1 0 6.5e+07 0.00238187 0.115239 0.850505 0.604591 2.60418e-06 1.70784e-06 0 0 7.58868e+06 813850 3.79434e+07 4.06927e+06 0.881992 0.0125229 0 0 291645 67178.5 2.06061 1.48268 449465 146668 741112 79492.2 0.0815574 0.0267233 999.83 0.256414 0.131313 0.337742 1.08492 0
6 4.02609e+07 4.50464e+06 1 0 6.5e+07 0.00345932 0.141207 1.12458 0.67725 4.77466e-06 2.57785e-06 0 0 6.7101e+06 750752 4.02606e+07 4.50451e+06 0.895507 0.0115419 0 0 264253 73183.5 3.31313 2.02333 391066 146517 655323 73336.7 0.0702474 0.0273416 999.835 0.273738 0.111111 0.344917 1.22787 0
7 4.41523e+07 3.75431e+06 1 0 6.5e+07 0.00590213 0.115497 1.70563 0.638494 9.22755e-06 2.96729e-06 0 0 6.30743e+06 536312 4.4152e+07 3.75418e+06 0.901701 0.00825491 0 0 209221 60659.1 5.82828 2.26542 406793 113057 616020 52401.5 0.0501473 0.0192598 999.768 0.43532 0.141414 0.348448 1.29876 0
8 4.62215e+07 3.50232e+06 1 0 6.5e+07 0.00782435 0.112383 1.98359 0.637042 1.33612e-05 3.67492e-06 0 0 5.77763e+06 437764 4.6221e+07 3.50212e+06 0.909853 0.00673023 0.00378788 0.0214275 182485 56239.1 7.68687 2.57277 381802 99018.8 564295 42783.2 0.0416666 0.0164542 999.711 0.437598 0.161616 0.394586 1.41483 0
9 4.75303e+07 3.01068e+06 1 1.01323e-07 6.5e+07 0.00988345 0.0995408 2.17396 0.596612 1.79472e-05 4.43622e-06 0 0 5.28109e+06 334492 4.75298e+07 3.01043e+06 0.917492 0.00514549 0.00673401 0.0565416 166881 48037.2 9.39394 2.83847 348933 80742.9 515823 32709.4 0.0367715 0.0129762 999.72 0.48708 0.131313 0.366431 1.54387 0
10 4.82247e+07 2.76727e+06 1 0 6.5e+07 0.0106008 0.0990007 2.21616 0.554815 2.22192e-05 4.90005e-06 0 0 4.82243e+06 276707 4.82243e+07 2.76707e+06 0.924548 0.00425811 0.0040404 0.0315242 160121 43949.6 10.5859 2.86395 310893 71005.3 471024 27059.2 0.0346656 0.0116434 999.744 0.375035 0.121212 0.383306 1.6883 0
11 4.94561e+07 2.45831e+06 1 0 6.5e+07 0.0133624 0.0927484 2.42241 0.511707 2.87353e-05 5.41669e-06 0 0 4.49596e+06 223458 4.94555e+07 2.45804e+06 0.929571 0.00343682 0.00275482 0.0155836 144207 38840.7 12.7273 2.93986 294938 60695.5 439157 21858.1 0.0303501 0.00991942 999.721 0.37405 0.171717 0.403029 1.80828 0
12 5.01279e+07 2.2043e+06 1 1.73696e-07 6.5e+07 0.0151863 0.0862247 2.51768 0.494963 3.44357e-05 6.19391e-06 0 0 4.17727e+06 183662 5.01272e+07 2.20395e+06 0.934474 0.00282399 0.000841751 0.0083329 136732 34618.1 14.1515 3.10868 271295 52590.9 408041 17976.2 0.0283019 0.00844301 999.694 0.413209 0.141414 0.348448 1.94374 0
13 5.09211e+07 2.1759e+06 1 1.9952e-07 6.5e+07 0.0169552 0.0909546 2.63015 0.477662 4.0967e-05 6.92274e-06 0 0 3.91695e+06 167364 5.09204e+07 2.17574e+06 0.938478 0.0025745 0.008547 0.0462429 126857 34081.7 15.7778 3.23976 255754 50457.7 382627 16379.5 0.0258622 0.00824269 999.735 0.390373 0.131313 0.366431 2.07142 0
14 5.16497e+07 1.6746e+06 1 1.9952e-07 6.5e+07 0.0199052 0.0705929 2.76335 0.431884 4.91481e-05 7.2654e-06 0 0 3.68921e+06 119592 5.1649e+07 1.67428e+06 0.941982 0.00183619 0.000721501 0.0071425 117763 26078.2 17.7879 3.18542 242613 37795 360393 11720.3 0.0235398 0.00591089 999.753 0.318543 0.0909091 0.28748 2.19604 0
15 5.2297e+07 1.73473e+06 1 3.90816e-07 6.5e+07 0.0237254 0.0788051 2.9165 0.445992 5.93469e-05 8.75987e-06 0 0 3.48641e+06 115639 5.22962e+07 1.73458e+06 0.945102 0.00178122 0.0013468 0.00937939 109736 26998.4 20.303 3.56882 230853 38329.2 340610 11334.6 0.0216924 0.00618093 999.768 0.266052 0.0909091 0.28748 2.32242 0
16 5.302e+07 1.81254e+06 1 4.07611e-07 6.5e+07 0.0273915 0.0846569 3.06439 0.478751 6.91129e-05 1.08519e-05 0 0 3.31369e+06 113265 5.30191e+07 1.81223e+06 0.94776 0.00174322 0.00315657 0.0136865 100244 28043.5 22.4848 4.21245 223487 39148 323754 11108.8 0.0195742 0.00620722 999.73 0.394973 0.151515 0.35855 2.44208 0
17 5.33819e+07 1.46736e+06 1 3.18443e-07 6.5e+07 0.0294139 0.0720833 3.11527 0.387758 7.77138e-05 1.0262e-05 0 0 3.14006e+06 86298.7 5.3381e+07 1.46707e+06 0.95043 0.00132956 0.00594178 0.0283467 96238.8 22696.5 23.9192 3.71368 210534 31160.3 306797 8467.49 0.0186001 0.00498697 999.646 0.470346 0.181818 0.41105 2.57432 0
18 5.38343e+07 1.38375e+06 1 4.27922e-07 6.5e+07 0.0336291 0.069839 3.2284 0.411358 9.06029e-05 1.31526e-05 0 0 2.99074e+06 76868.7 5.38333e+07 1.38363e+06 0.952727 0.00118252 0.00729518 0.0257649 90627.4 21252.5 26.5657 4.46346 201579 28805.2 292233 7557.07 0.0173573 0.00452999 999.742 0.313759 0.10101 0.301342 2.70076 0
19 5.41694e+07 1.28902e+06 1 4.9511e-07 6.5e+07 0.036227 0.0680629 3.28921 0.38059 0.000101328 1.28146e-05 0 0 2.85097e+06 67830.8 5.41685e+07 1.2888e+06 0.954878 0.00104399 0.00956938 0.0369245 86770.5 19789.3 28.303 4.15229 191789 26454.5 278588 6669.13 0.0165053 0.00419306 999.594 0.466322 0.040404 0.196905 2.831 0
20 5.44439e+07 1.24379e+06 1 5.35367e-07 6.5e+07 0.0390784 0.0685987 3.34091 0.380813 0.000112677 1.43884e-05 0 0 2.72214e+06 62181.9 5.44428e+07 1.24363e+06 0.956861 0.000956049 0.0111111 0.0515201 83695.9 19037.2 30.0505 4.42987 182289 25157.3 266015 6124.3 0.0158365 0.00401034 999.709 0.394792 0.111111 0.344917 2.96283 0
21 5.48219e+07 1.10593e+06 0.999999 7.62304e-07 6.5e+07 0.0419667 0.0628008 3.41318 0.348604 0.000125609 1.49774e-05 0 0 2.61051e+06 52656.9 5.48207e+07 1.1058e+06 0.958578 0.000810626 0.017797 0.0868309 78946.9 16912.7 32.1111 4.38982 176144 22098.2 255123 5189.62 0.0148203 0.00349372 999.706 0.357004 0.10101 0.301342 3.08717 0
22 5.48073e+07 1.0732e+06 1 6.25452e-07 6.5e+07 0.0441757 0.0636817 3.40404 0.340634 0.000136889 1.5847e-05 0 0 2.49119e+06 48772.9 5.48063e+07 1.07301e+06 0.960414 0.000749627 0.00918273 0.0387528 80110.3 16365.7 33.3939 4.43771 163317 21171.1 243461 4809.58 0.0150379 0.00338372 999.733 0.364258 0.171717 0.403029 3.23253 0
23 5.5315e+07 971965 0.999999 6.49227e-07 6.5e+07 0.0495816 0.059204 3.53887 0.338693 0.000154114 1.80742e-05 0 0 2.40495e+06 42247.3 5.53139e+07 971682 0.96174 0.00065035 0.0158103 0.0581205 73239.6 14809.6 36.2929 4.83099 161785 18983.6 235061 4178.44 0.0136155 0.00299542 999.713 0.365961 0.171717 0.403029 3.34616 0
24 5.55169e+07 866445 0.999999 8.58963e-07 6.5e+07 0.0529669 0.0546386 3.58796 0.304342 0.000169674 1.90194e-05 0 0 2.31316e+06 36090.3 5.55158e+07 866152 0.963152 0.000554706 0.0176768 0.07769 70952.4 13192.3 38.4242 4.83692 155122 16767.4 226113 3579.6 0.0131331 0.00265345 999.692 0.344639 0.181818 0.385695 3.47636 0
25 5.58187e+07 881346 0.999999 7.34966e-07 6.5e+07 0.0571985 0.057342 3.66343 0.300142 0.000185629 1.94825e-05 0 0 2.2327e+06 35246.9 5.58176e+07 881166 0.96439 0.000540507 0.0121212 0.028684 67108.1 13399.6 40.5758 4.81809 151113 16884.5 218261 3489.38 0.0123588 0.00268012 999.687 0.341375 0.121212 0.326374 3.59931 0
26 5.60343e+07 808920 0.999999 8.73759e-07 6.5e+07 0.0603586 0.0541634 3.70746 0.302591 0.000202243 2.11396e-05 0 0 2.15511e+06 31105.3 5.6033e+07 808740 0.965584 0.000478516 0.0120435 0.0335418 64519.4 12289.1 42.6667 5.0111 146124 15378.6 210687 3094.15 0.011832 0.00242038 999.678 0.379745 0.111111 0.31427 3.72625 0
27 5.612e+07 729294 0.999999 8.44836e-07 6.5e+07 0.0644028 0.0507796 3.74224 0.274342 0.000216643 2.14223e-05 0 0 2.07847e+06 27005.1 5.61187e+07 729127 0.966763 0.000415477 0.0142162 0.0469982 63856.4 11083.2 44.0707 4.85185 139304 13764.6 203204 2685.82 0.0116867 0.00218663 999.734 0.321631 0.0909091 0.28748 3.86076 0
28 5.63183e+07 703024 0.999999 8.57552e-07 6.5e+07 0.0678238 0.0501241 3.78608 0.266803 0.000235815 2.4131e-05 0 0 2.01132e+06 25096.8 5.63169e+07 702706 0.967796 0.000386901 0.0220058 0.0553067 61429.5 10672.5 46.4242 5.23796 135185 13168.1 196661 2500.11 0.0112022 0.00208272 999.704 0.26894 0.171717 0.377134 3.98695 0
29 5.65111e+07 707230 0.999998 1.42273e-06 6.5e+07 0.0717442 0.0518573 3.83699 0.275331 0.00025583 2.86903e-05 0 0 1.94861e+06 24374.9 5.65097e+07 706877 0.968761 0.00037546 0.0442355 0.13671 59037.2 10747.7 48.8081 6.04641 131464 13182.7 190550 2440.52 0.0107313 0.00208208 999.734 0.306496 0.10101 0.301342 4.11251 0
30 5.66819e+07 646186 0.999998 1.13391e-06 6.5e+07 0.0765223 0.0490854 3.89057 0.247912 0.000274267 2.35882e-05 0 0 1.88935e+06 21537.3 5.66805e+07 646131 0.969673 0.000330722 0.0212121 0.0639961 56975.3 9796.71 50.7172 4.84307 127739 11940.6 184765 2148.29 0.0103229 0.00190734 999.731 0.280506 0.0909091 0.320697 4.23855 0
31 5.68252e+07 661270 0.999998 1.21028e-06 6.5e+07 0.0816405 0.0512475 3.94265 0.250817 0.000293912 2.61982e-05 0 0 1.83302e+06 21321.9 5.68237e+07 660993 0.970539 0.000326623 0.0257413 0.0538572 55282.6 10032.1 52.7374 5.2254 123938 12161 179273 2133.62 0.00999337 0.00193226 999.765 0.284501 0.111111 0.344917 4.36585 0
32 5.68931e+07 565300 0.999998 9.03485e-07 6.5e+07 0.0846504 0.0453617 3.95328 0.228277 0.000311143 2.54576e-05 0 0 1.77787e+06 17662.8 5.68917e+07 565208 0.971388 0.000271254 0.03125 0.0543993 54700.1 8570.66 54.1414 4.87005 119139 10332.6 173893 1766.21 0.00987047 0.00164881 999.713 0.300684 0.151515 0.385695 4.49799 0
33 5.70372e+07 547212 0.999998 9.60352e-07 6.5e+07 0.0891016 0.0450371 3.99725 0.226853 0.000334594 2.79404e-05 0 0 1.72836e+06 16579.2 5.70358e+07 547121 0.97215 0.000254159 0.0306091 0.077107 52941.9 8299.95 56.6061 5.1812 116068 9957.61 169066 1662.21 0.00952947 0.0015854 999.743 0.284665 0.151515 0.385695 4.62369 0
34 5.7227e+07 579425 0.999997 1.2819e-06 6.5e+07 0.0950175 0.0489599 4.06566 0.241048 0.000361628 3.33942e-05 0 0 1.6831e+06 17034.6 5.72252e+07 579170 0.972846 0.00026204 0.0276293 0.0499587 50443.6 8816.18 59.596 6.02003 114161 10531.6 164665 1720.87 0.0090536 0.00168124 999.718 0.28791 0.0808081 0.27254 4.74497 0
35 5.72993e+07 437356 0.999997 1.24833e-06 6.5e+07 0.097919 0.0379186 4.07619 0.192028 0.000378323 3.11538e-05 0 0 1.63708e+06 12491.1 5.72977e+07 437207 0.973554 0.000191481 0.0164502 0.0327634 49739.4 6657.59 60.6263 5.38908 110366 7919.43 160166 1266.54 0.00890949 0.00125807 999.729 0.280146 0.111111 0.31427 4.87476 0
36 5.74138e+07 510491 0.999997 1.51593e-06 6.5e+07 0.103021 0.0452234 4.11813 0.22213 0.000404072 3.66105e-05 0 0 1.59479e+06 14174.6 5.74122e+07 510302 0.974205 0.000217858 0.0367565 0.0785504 48351.8 7771.35 63.101 6.2223 107636 9207.83 156051 1442.12 0.0086482 0.0014637 999.705 0.276744 0.141414 0.348448 5.00075 0
37 5.74501e+07 521139 0.999997 1.53845e-06 6.5e+07 0.106367 0.0476152 4.12503 0.226013 0.000424209 3.48635e-05 0 0 1.55266e+06 14076 5.74483e+07 520795 0.974853 0.000216205 0.036855 0.0888908 48141.9 7916.7 64.4949 5.81251 103729 9340.99 151936 1429.58 0.00860637 0.00150127 999.784 0.257258 0.0909091 0.28748 5.13279 0
38 5.76017e+07 442417 0.999997 1.62567e-06 6.5e+07 0.112129 0.041221 4.17943 0.197828 0.000454365 4.18869e-05 0 0 1.51579e+06 11639.7 5.75999e+07 442327 0.97542 0.000179239 0.0366826 0.0643319 46147.1 6747.91 67.4444 6.64728 102136 7929.17 148350 1186.99 0.00822601 0.00126562 999.756 0.255322 0.0707071 0.256335 5.25407 0
39 5.75953e+07 434910 0.999997 1.48721e-06 6.5e+07 0.115069 0.0416201 4.17483 0.196847 0.000474814 3.84224e-05 0 0 1.47676e+06 11147.3 5.75936e+07 434744 0.97602 0.000171502 0.046102 0.0830248 46532.7 6627.16 68.6667 6.00841 97939.6 7759.13 144541 1137.39 0.00829505 0.00124263 999.747 0.245299 0.151515 0.385695 5.38899 0
40 5.7731e+07 441312 0.999996 1.84983e-06 6.5e+07 0.119962 0.0434559 4.21515 0.211202 0.000500798 4.42291e-05 0 0 1.44323e+06 11032.5 5.77293e+07 441276 0.976536 0.000169148 0.0444444 0.0797372 44786.7 6742.12 70.7879 6.74241 96407.2 7870.41 141265 1134.47 0.00796768 0.00125908 999.72 0.237444 0.111111 0.31427 5.51057 0
41 5.78118e+07 384869 0.999996 1.97829e-06 6.5e+07 0.124174 0.038611 4.24021 0.181673 0.000529865 4.24597e-05 0 0 1.41e+06 9380.25 5.78099e+07 384582 0.977047 0.000143749 0.0507514 0.105188 43798.7 5888.86 73.1717 6.28135 94161.3 6847.47 138033 964.138 0.00777957 0.00109673 999.818 0.231129 0.111111 0.31427 5.63649 0
42 5.79261e+07 396750 0.999996 1.66422e-06 6.5e+07 0.130131 0.0406007 4.28427 0.18501 0.000555954 4.29118e-05 0 0 1.37915e+06 9441.92 5.79244e+07 396564 0.977522 0.000144723 0.036556 0.061691 42347.5 6051.62 75.101 6.2223 92601.6 7013.43 135024 967.385 0.00750909 0.00112828 999.758 0.232658 0.222222 0.41574 5.75875 0
43 5.79605e+07 366873 0.999996 1.81944e-06 6.5e+07 0.134889 0.0383111 4.30256 0.17266 0.000584402 4.47723e-05 0 0 1.34788e+06 8524.44 5.79587e+07 366556 0.978003 0.000130873 0.0352361 0.0716879 42046.2 5612.06 77.1616 6.33526 89856.8 6489.79 131980 883.386 0.00745056 0.00104101 999.8 0.206569 0.111111 0.344917 5.88816 0
44 5.80598e+07 331357 0.999995 1.96561e-06 6.5e+07 0.141026 0.0353652 4.34412 0.160121 0.000625322 4.8015e-05 0 0 1.3195e+06 7524.51 5.80579e+07 331071 0.97844 0.000116176 0.0661157 0.0993599 40722.1 5085.72 80.8384 6.61908 88421.5 5860.11 129224 780.561 0.00720383 0.000937895 999.764 0.222487 0.0606061 0.238606 6.01072 0
45 5.80819e+07 372366 0.999995 2.1559e-06 6.5e+07 0.143333 0.0408447 4.34074 0.186914 0.000650235 5.21672e-05 0 0 1.29067e+06 8273.16 5.808e+07 372275 0.978883 0.00012697 0.0608305 0.0805633 40624.8 5724.79 82.2323 7.08794 85698.5 6578.49 126406 860.359 0.00718591 0.0010556 999.751 0.241955 0.131313 0.337742 6.14068 0
46 5.81505e+07 344944 0.999994 2.52086e-06 6.5e+07 0.148155 0.038501 4.36451 0.172669 0.000683553 5.93154e-05 0 0 1.2641e+06 7494.72 5.81486e+07 344752 0.979292 0.000115615 0.065437 0.0839679 39790.7 5319.92 84.6768 7.79644 83944.8 6097.33 123820 784.67 0.0070303 0.000979094 999.745 0.232382 0.0808081 0.27254 6.26543 0
47 5.82205e+07 314424 0.999994 2.8697e-06 6.5e+07 0.15421 0.0358877 4.39781 0.159232 0.000713936 6.09433e-05 0 0 1.23869e+06 6687.61 5.82186e+07 314329 0.979683 0.00010339 0.0554481 0.0842868 38916.6 4861.51 86.6667 7.79407 82342.9 5564.84 121346 710.015 0.00686791 0.000893949 999.748 0.218019 0.121212 0.326374 6.38953 0
48 5.82919e+07 283456 0.999993 2.59523e-06 6.5e+07 0.15966 0.033148 4.42635 0.148362 0.00075067 5.78548e-05 0 0 1.21437e+06 5901.56 5.82899e+07 283272 0.980057 9.15542e-05 0.0683923 0.102962 38006.7 4398.09 89.3434 7.27131 80883.1 5013.91 118979 622.398 0.00669952 0.000805061 999.781 0.190615 0.10101 0.301342 6.51302 0
49 5.82984e+07 343464 0.999994 2.60465e-06 6.5e+07 0.163223 0.0406204 4.42651 0.175617 0.000775752 6.76223e-05 0 0 1.18972e+06 7006.02 5.82964e+07 343287 0.980436 0.000107654 0.0519481 0.0737981 38091.8 5316.84 90.4747 8.37305 78391.4 6052.73 116574 743.535 0.00671599 0.000974016 999.778 0.220814 0.121212 0.326374 6.64326 0
50 5.83582e+07 261435 0.999993 2.47245e-06 6.5e+07 0.167494 0.0316768 4.44404 0.137274 0.000806754 5.27191e-05 0 0 1.16713e+06 5225.71 5.83563e+07 261284 0.980784 8.01869e-05 0.0668687 0.0850507 37356 4061.92 92.2929 6.3901 76922.4 4616.97 114371 560.813 0.00657819 0.000741844 999.749 0.210917 0.0707071 0.256335 6.76715 0
51 5.8438e+07 322221 0.999992 3.46942e-06 6.5e+07 0.174224 0.0397607 4.48208 0.171504 0.000851563 7.59311e-05 0 0 1.1458e+06 6315.64 5.8436e+07 322107 0.981112 9.71658e-05 0.0693207 0.130073 36285.5 5025.64 95.6768 9.01271 75920.8 5697.95 112302 680.681 0.00638454 0.000917721 999.778 0.192778 0.10101 0.301342 6.8885 0
52 5.85054e+07 272897 0.999991 3.80761e-06 6.5e+07 0.180517 0.0348086 4.51535 0.154524 0.000897916 7.78555e-05 0 0 1.12506e+06 5246.27 5.85033e+07 272825 0.981431 8.01365e-05 0.0767288 0.093074 35370.8 4288.86 99.0707 9.03445 74821.1 4855.41 110291 575.111 0.00621655 0.000780388 999.825 0.187419 0.0909091 0.28748 7.01065 0
53 5.84949e+07 273339 0.999991 3.95001e-06 6.5e+07 0.182587 0.0351847 4.50105 0.152017 0.000923002 7.49808e-05 0 0 1.10364e+06 5153.48 5.84929e+07 273164 0.98176 7.93458e-05 0.0708977 0.0975844 35703.7 4293.39 99.899 8.56643 72389.5 4846.41 108193 561.3 0.00627599 0.000781168 999.761 0.194272 0.111111 0.31427 7.14158 0
54 5.85803e+07 216759 0.999991 3.03396e-06 6.5e+07 0.190645 0.0282791 4.54695 0.119008 0.00096805 6.97433e-05 0 0 1.08478e+06 4010.81 5.85781e+07 216593 0.98205 6.21193e-05 0.0832398 0.098603 34504 3407.3 102.99 7.74922 71757.6 3840.01 106365 439.519 0.00605696 0.000617189 999.787 0.207156 0.0909091 0.28748 7.2608 0
55 5.85944e+07 221339 0.999991 3.5607e-06 6.5e+07 0.194656 0.0293618 4.55041 0.121097 0.00100489 6.95278e-05 0 0 1.06532e+06 4021.99 5.85924e+07 221221 0.98235 6.17717e-05 0.0787879 0.0949163 34452.2 3479 105 7.61179 69908.1 3914.06 104465 441.977 0.00604693 0.000630655 999.764 0.193625 0.0808081 0.27254 7.38823 0
56 5.86128e+07 245285 0.99999 4.02076e-06 6.5e+07 0.197635 0.0330303 4.55087 0.134935 0.00104101 8.48055e-05 0 0 1.04662e+06 4381.35 5.86106e+07 245343 0.982638 6.79354e-05 0.0883838 0.114704 34282.6 3891.88 106.889 9.16833 68253.1 4372.79 102643 489.833 0.00601665 0.000704113 999.795 0.181646 0.0909091 0.28748 7.51491 0
57 5.86798e+07 206368 0.99999 3.6696e-06 6.5e+07 0.204463 0.028469 4.5832 0.116695 0.00108242 7.37532e-05 0 0 1.02943e+06 3617.22 5.86777e+07 206181 0.982902 5.5754e-05 0.0822258 0.0993572 33391.1 3246.02 109.313 7.78842 67467.8 3639.16 100968 400.149 0.00585441 0.000586429 999.774 0.176741 0.131313 0.337742 7.63517 0
58 5.87196e+07 202304 0.999989 3.91484e-06 6.5e+07 0.209247 0.0287676 4.59753 0.120532 0.00112232 8.14713e-05 0 0 1.01237e+06 3486.38 5.87175e+07 202188 0.983164 5.40244e-05 0.0891676 0.0878472 32889.4 3214.07 111.485 8.43318 66311.2 3597.46 99312.1 390.99 0.00576354 0.000579177 999.771 0.192221 0.121212 0.326374 7.75846 0
59 5.87478e+07 182683 0.999989 3.19343e-06 6.5e+07 0.214175 0.0260976 4.60983 0.104815 0.00116061 7.40365e-05 0 0 995693 3094.02 5.87459e+07 182540 0.983421 4.78007e-05 0.0881699 0.0786169 32571.6 2874.85 113.394 7.52346 65001.2 3210.35 97686.2 342.005 0.00570554 0.000517936 999.792 0.176669 0.0909091 0.28748 7.88286 0
60 5.87336e+07 194700 0.999988 4.25465e-06 6.5e+07 0.216063 0.0282865 4.59579 0.11255 0.00118572 7.44799e-05 0 0 978858 3242.32 5.87315e+07 194542 0.98368 4.97017e-05 0.0829966 0.0960201 32898.7 3082.36 113.899 7.5042 63027.6 3438.99 96040.2 364.062 0.00576436 0.00055552 999.797 0.186931 0.0808081 0.27254 8.01259 0
61 5.87551e+07 200790 0.999988 3.83334e-06 6.5e+07 0.221023 0.0299398 4.60623 0.122167 0.0012319 0.000100298 0 0 963164 3290.03 5.8753e+07 200688 0.983921 5.07199e-05 0.0803113 0.0996083 32679.8 3239.46 116.465 9.89267 61717.5 3611.05 94513.7 381.363 0.00572489 0.00058269 999.815 0.177334 0.0808081 0.27254 8.13739 0
62 5.88036e+07 179990 0.999987 4.68783e-06 6.5e+07 0.226836 0.0273051 4.62822 0.110453 0.00128149 0.000101716 0 0 948409 2899.1 5.88014e+07 179746 0.984149 4.52288e-05 0.0941674 0.111409 32010.4 2923.75 119.313 9.85003 60952.1 3250.3 93081.7 336.026 0.00560408 0.00052483 999.785 0.172187 0.161616 0.368098 8.25831 0
63 5.88345e+07 174637 0.999987 4.84154e-06 6.5e+07 0.232471 0.026856 4.6447 0.10689 0.00132378 9.67822e-05 0 0 933845 2771.33 5.88322e+07 174591 0.984373 4.22519e-05 0.098605 0.100523 31603.6 2819.59 121.374 9.21745 59943.8 3131.5 91668.8 320.515 0.00553095 0.000505083 999.806 0.17347 0.0909091 0.28748 8.38124 0
64 5.88852e+07 157179 0.999985 5.95253e-06 6.5e+07 0.239078 0.0245656 4.6714 0.0972481 0.00139282 0.000100602 0 0 920048 2455.31 5.88831e+07 157139 0.984585 3.78534e-05 0.110322 0.117994 30861.5 2559.69 125.848 9.41883 59351.3 2843.53 90338.7 292.716 0.00539778 0.000457924 999.811 0.166237 0.131313 0.337742 8.50113 0
65 5.88925e+07 157436 0.999986 4.64676e-06 6.5e+07 0.243058 0.0250478 4.67195 0.0983963 0.00141663 0.000100611 0 0 906005 2421.21 5.88903e+07 157378 0.984801 3.73907e-05 0.0999223 0.0966939 30899.4 2554.59 126.051 9.28926 57937.2 2832.15 88962.7 286.49 0.005404 0.000457212 999.812 0.156345 0.151515 0.35855 8.62668 0
66 5.89407e+07 135420 0.999984 5.87997e-06 6.5e+07 0.250213 0.0220248 4.70049 0.0882646 0.00148451 0.000112553 0 0 893007 2048.22 5.89385e+07 135187 0.985001 3.12104e-05 0.115702 0.10667 30158 2273.51 130.232 10.2157 57422.4 2520.6 87710.7 257.385 0.0052718 0.00040494 999.822 0.16286 0.131313 0.337742 8.74626 0
67 5.89449e+07 162212 0.999984 5.71775e-06 6.5e+07 0.254173 0.02629 4.70074 0.100613 0.00152422 0.000119445 0 0 879742 2419.21 5.89427e+07 162086 0.985205 3.72836e-05 0.114579 0.106151 30165 2666.82 131.747 10.7039 56120.2 2952.01 86416.9 295.665 0.00527359 0.000476334 999.788 0.158954 0.0909091 0.28748 8.87179 0
68 5.89769e+07 120415 0.999982 6.39129e-06 6.5e+07 0.259923 0.0204141 4.71747 0.0811225 0.00158596 0.000117587 0 0 867276 1769.82 5.89748e+07 120347 0.985397 2.74335e-05 0.139632 0.130003 29708.6 2036.97 135.162 10.3159 55366.5 2257.99 85210.3 231.147 0.00519173 0.000363185 999.827 0.150939 0.0909091 0.28748 8.99301 0
69 5.89852e+07 156003 0.999982 7.43495e-06 6.5e+07 0.263286 0.026373 4.71585 0.101289 0.00161835 0.000132791 0 0 854826 2259.02 5.8983e+07 155870 0.985588 3.45587e-05 0.145952 0.132704 29696.3 2594.79 135.96 11.5382 54160.1 2866.13 83992.4 282.581 0.00518983 0.000462924 999.828 0.159811 0.0808081 0.27254 9.11745 0
70 5.90155e+07 142948 0.999981 5.99974e-06 6.5e+07 0.26925 0.0244501 4.73218 0.0924777 0.00167273 0.000128074 0 0 843045 2040.6 5.90132e+07 142843 0.985769 3.17112e-05 0.124242 0.115657 29261.9 2395.65 138.616 10.9625 53451.6 2639.7 82852.1 254.66 0.00511241 0.000426197 999.82 0.143814 0.0808081 0.27254 9.23843 0
