#1-sta 2-avgThroughput 3-stdThroughput 4-JFI 5-stdJFI 6-Bandwidth 7-avgDelay 8-stdDelay 9-avgBackoffStage 10-stdBackoffStage 11-totalFractionOfCollisionSlots 12.stdCollidingSlots 13.avgThroughputDCF 14. stdThroughputDCF 15.avgThroughputECA 16.stdThroughputECA 17.Sum of 15 and 16 18. std of 17 19. AvgBlockingProb 20. StdBlockingProb 21. AvgDroppedPackets 22.StdDropped 23.SxSlots 24.stdSxSlots 25.ColSlots 26.StdColSlots 27.EmptySlots 28.stdEmpty 29.totalSlots 30.stdTotalSlots 31.averageTAU 32.stdTAU 33.avgQSize 34.stdQSize 35.avgQEmpty 36.stdQEmpty 37. avgQDelay 38. stdQDelay
2 5.55131e+07 5225.75 0.999998 6.16902e-07 6.5e+07 0.00944433 0.00590798 0 0 0.0114025 1.2876e-05 2.77552e+07 2588.63 0 0 5.55104e+07 5229.33 0.0243902 2.42861e-17 0 0 21176.5 1.99126 1315.46 1.97619 92874.1 43.7627 115366 43.7487 0.103182 3.07175e-05 1000 0 0 0 50.0327 0
3 5.3332e+07 15063.9 0.999444 5.1006e-05 6.5e+07 0.0147527 0.0122017 0.542088 0.353231 0.0247272 4.50514e-05 1.77766e+07 4983.03 0 0 5.33298e+07 14958.7 0.0243902 2.42861e-17 0 0 20344.5 5.74775 2238.65 5.40915 67950.4 111.722 90533.5 111.336 0.0916889 9.87082e-05 1000 0 0 0 49.971 0
4 5.16007e+07 76653.9 0.999396 0.000387568 6.5e+07 0.020326 0.0329615 0.613636 0.518926 0.0382529 0.00027201 1.28996e+07 19168.5 0 0 5.15985e+07 76647.3 0.0243902 2.42861e-17 8.08081 8.77056 19684.1 29.2427 2948.55 28.1239 54447.4 429.179 77080 427.555 0.0835889 0.000410982 1000 0 0 0 49.9792 0
5 5.02954e+07 87334.3 0.999058 0.00083007 6.5e+07 0.0260675 0.0557254 1.06667 0.51718 0.0500988 0.000553658 1.00587e+07 17483.2 0 0 5.02933e+07 87445.2 0.0243902 2.42861e-17 18.7475 10.9632 19186.2 33.315 3474.79 32.594 46701.6 612.904 69362.5 610.689 0.0762033 0.000658211 1000 0 0 0 49.9986 0
6 4.9189e+07 103457 0.998437 0.000997507 6.5e+07 0.0319914 0.0637948 1.14647 0.541371 0.0607981 0.000714211 8.19782e+06 17223.9 0 0 4.91869e+07 103348 0.0243902 2.42861e-17 29.899 12.0769 18764.1 39.4652 3915.02 39.0421 41718.3 560.034 64397.5 558.02 0.0698716 0.000601632 1000 0 0 0 50.0181 0
7 4.82529e+07 106146 0.997733 0.00124917 6.5e+07 0.0380575 0.0589877 1.43001 0.420802 0.0707944 0.000819939 6.89293e+06 15172.8 0 0 4.82505e+07 106210 0.0243902 2.42861e-17 45.2063 12.8954 18407 40.4908 4286.27 40.3186 37855.3 463.665 60548.5 461.922 0.0648479 0.00050988 1000 0 0 0 50 0
8 4.73789e+07 116061 0.997222 0.00156867 6.5e+07 0.0442921 0.0708705 1.51768 0.43119 0.0800536 0.000928533 5.9221e+06 14505.5 0 0 4.73768e+07 116055 0.0243902 2.42861e-17 59.3131 14.0997 18073.6 44.2727 4629.54 43.8038 35130.9 513.113 57834 511.229 0.0603898 0.000536293 1000 0 0 0 50.015 0
9 4.66464e+07 108402 0.996695 0.00164156 6.5e+07 0.0506048 0.0765193 1.73401 0.39381 0.0887531 0.000885227 5.1827e+06 12051.4 0 0 4.66443e+07 108463 0.0243902 2.42861e-17 72.7273 14.9939 17794.2 41.3528 4917.89 41.1101 32700.9 380.378 55413 378.962 0.0568221 0.000399852 1000 0 0 0 50.0107 0
10 4.59739e+07 122477 0.996246 0.00164671 6.5e+07 0.0570437 0.0750004 1.78889 0.420651 0.0967695 0.00109008 4.59722e+06 12268.9 0 0 4.59722e+07 122689 0.0243902 2.42861e-17 87.499 15.5519 17537.7 46.7193 5181.27 46.4992 30826.4 428.047 53545.4 426.458 0.0536044 0.000441408 1000 0 0 0 50.0361 0
11 4.5364e+07 103062 0.995524 0.00174556 6.5e+07 0.063586 0.0818057 1.92378 0.401747 0.104309 0.000997697 4.12382e+06 9358.1 0 0 4.53621e+07 102942 0.0243902 2.42861e-17 105.344 14.319 17305 39.3157 5419.7 39.0781 29236 391.093 51960.7 389.711 0.0508081 0.00039278 1000 0 0 0 50.0437 0
12 4.47889e+07 101400 0.995157 0.00189108 6.5e+07 0.0702329 0.0726291 1.98737 0.400505 0.111766 0.00113267 3.73225e+06 8455.32 0 0 4.4787e+07 101468 0.0243902 2.42861e-17 115.125 15.4707 17085.6 38.6804 5644.51 38.5993 27775.8 389.942 50505.9 388.461 0.0484602 0.000387183 1000 0 0 0 50.0494 0
13 4.42458e+07 118118 0.994438 0.00223013 6.5e+07 0.0770137 0.0933637 2.07848 0.385931 0.118547 0.00124434 3.40338e+06 9077.51 0 0 4.42439e+07 118006 0.0243902 2.42861e-17 131.879 16.8522 16878.4 45.0562 5855.71 44.9905 26664.1 373.257 49398.2 371.899 0.0462119 0.000364007 1000 0 0 0 50.0285 0
14 4.37681e+07 113904 0.994137 0.00213901 6.5e+07 0.0837866 0.0866855 2.16234 0.401864 0.12496 0.00126218 3.12615e+06 8150.28 0 0 4.37661e+07 114100 0.0243902 2.42861e-17 144.392 15.9456 16696.2 43.451 6041.85 43.4431 25614.8 346.805 48352.8 345.55 0.044244 0.000329707 1000 0 0 0 50.0335 0
15 4.32893e+07 132618 0.993939 0.00243926 6.5e+07 0.0907256 0.091021 2.23434 0.39073 0.131609 0.00120231 2.88583e+06 8852.51 0 0 4.32874e+07 132788 0.0243902 2.42861e-17 155.82 15.0481 16513.6 50.5881 6228.17 50.1718 24583.2 353.679 47324.9 352.386 0.0425789 0.000308021 1000 0 0 0 50.0463 0
16 4.28723e+07 119779 0.993286 0.00245503 6.5e+07 0.0976628 0.0894031 2.28093 0.308161 0.137382 0.00116639 2.67941e+06 7481.3 0 0 4.28706e+07 119697 0.0243902 2.42861e-17 168.444 16.1021 16354.5 45.6923 6390.22 45.4194 23771.2 306.697 46515.9 305.579 0.0409467 0.000271968 1000 0 0 0 50.0559 0
17 4.24615e+07 113851 0.992625 0.00268309 6.5e+07 0.104754 0.0822874 2.39275 0.323255 0.14341 0.00131477 2.49761e+06 6695.98 0 0 4.24594e+07 113824 0.0243902 2.42861e-17 177.435 11.9218 16197.8 43.4295 6550.01 43.2849 22927.5 305.138 45675.3 303.996 0.0395651 0.000284838 1000 0 0 0 50.0568 0
18 4.20563e+07 103790 0.992383 0.0026034 6.5e+07 0.111877 0.0893746 2.45006 0.328101 0.149052 0.00118659 2.33636e+06 5772.43 0 0 4.20545e+07 103912 0.0243902 2.42861e-17 189.217 13.4781 16043.2 39.5921 6707.04 39.4838 22249.2 268.141 44999.5 267.2 0.0382303 0.000241103 1000 0 0 0 50.0665 0
19 4.16784e+07 116396 0.991386 0.0025608 6.5e+07 0.119181 0.0786691 2.51781 0.310942 0.15472 0.00133448 2.1935e+06 6125.91 0 0 4.16766e+07 116386 0.0243902 2.42861e-17 198.499 16.1136 15899.1 44.4021 6853.82 44.2758 21547.2 296.791 44300.1 295.708 0.0370678 0.000256586 1000 0 0 0 50.073 0
20 4.13421e+07 112145 0.991446 0.00257343 6.5e+07 0.126351 0.100684 2.55 0.290332 0.15986 0.00142778 2.06701e+06 5603.75 0 0 4.13403e+07 112082 0.0243902 2.42861e-17 207.451 14.9423 15770.8 42.7806 6984.26 42.814 20936.8 281.735 43691.8 280.705 0.0359388 0.00024416 1000 0 0 0 50.0812 0
21 4.09999e+07 116552 0.991104 0.00287579 6.5e+07 0.133624 0.095863 2.55892 0.314603 0.164729 0.00136404 1.95231e+06 5544.12 0 0 4.09984e+07 116424 0.0243902 2.42861e-17 222.445 16.0433 15640.2 44.4606 7116.62 44.3019 20446.7 274.413 43203.6 273.415 0.0348495 0.000237123 1000 0 0 0 50.077 0
22 4.0662e+07 110720 0.990366 0.00320621 6.5e+07 0.141095 0.113697 2.56382 0.29429 0.169917 0.00117869 1.84819e+06 5025.35 0 0 4.06602e+07 110564 0.0243902 2.42861e-17 229.363 13.5026 15511.3 42.2373 7247.55 41.8671 19895.7 268.704 42654.5 267.749 0.0339216 0.000210434 1000 0 0 0 50.0983 0
23 4.03302e+07 106627 0.990284 0.00290926 6.5e+07 0.148604 0.100428 2.63548 0.332542 0.17484 0.00135349 1.75341e+06 4639.31 0 0 4.03284e+07 106702 0.0243902 2.42861e-17 237.548 13.7584 15384.7 40.6772 7375.79 40.3203 19427 302.688 42187.6 301.567 0.0330148 0.000236595 1000 0 0 0 50.0811 0
24 4.00456e+07 111219 0.989983 0.00303824 6.5e+07 0.156006 0.0952488 2.72517 0.322581 0.17959 0.00142167 1.6685e+06 4621.29 0 0 4.0044e+07 110901 0.0243902 2.42861e-17 244.956 13.4367 15276.2 42.4271 7486.25 42.3209 18924.4 260.172 41686.8 259.211 0.0322082 0.00020558 1000 0 0 0 50.0958 0
25 3.97319e+07 114968 0.990041 0.00292264 6.5e+07 0.163572 0.10066 2.75394 0.265535 0.184446 0.0014612 1.5892e+06 4591.38 0 0 3.97301e+07 114786 0.0243902 2.42861e-17 254.099 13.6477 15156.5 43.8552 7607.58 43.6286 18483.1 285.29 41247.2 284.24 0.0314459 0.000230304 1000 0 0 0 50.073 0
26 3.9435e+07 107069 0.989617 0.00264835 6.5e+07 0.171328 0.0998508 2.70862 0.303688 0.188885 0.00144239 1.51667e+06 4116.57 0 0 3.94333e+07 107032 0.0243902 2.42861e-17 260.513 13.7621 15043.3 40.844 7722.11 40.6299 18118.8 279.865 40884.2 278.847 0.0306765 0.000202988 1000 0 0 0 50.0877 0
27 3.91645e+07 112289 0.988732 0.00328936 6.5e+07 0.179069 0.0959159 2.70745 0.269067 0.193527 0.00141141 1.45047e+06 4152.92 0 0 3.91627e+07 112108 0.0243902 2.42861e-17 269.683 14.2374 14940.1 42.8369 7826.86 42.478 17677.7 271.225 40444.7 270.232 0.0300379 0.000196752 1000 0 0 0 50.099 0
28 3.88951e+07 117120 0.988322 0.00238364 6.5e+07 0.186809 0.0947599 2.82179 0.278521 0.197844 0.00159663 1.38905e+06 4174.94 0 0 3.88934e+07 116904 0.0243902 2.42861e-17 275.498 10.94 14837.3 44.6784 7930.96 44.4579 17320.3 284.393 40088.6 283.359 0.0293835 0.000203765 1000 0 0 0 50.1016 0
29 3.86411e+07 119110 0.988105 0.0031886 6.5e+07 0.194572 0.0951461 2.87217 0.27197 0.202169 0.00137056 1.33239e+06 4101.82 0 0 3.86393e+07 118958 0.0243902 2.42861e-17 281.223 13.5554 14740.4 45.4381 8029.3 45.2248 16947.1 231.867 39716.8 231.067 0.028793 0.000168016 1000 0 0 0 50.0992 0
30 3.83748e+07 119522 0.987681 0.00350254 6.5e+07 0.202432 0.0993338 2.83165 0.272758 0.206135 0.0014115 1.27911e+06 3983.39 0 0 3.83732e+07 119502 0.0243902 2.42861e-17 290.047 12.1729 14638.8 45.5948 8131.8 45.2542 16679.4 247.529 39450 246.593 0.0281556 0.000175785 1000 0 0 0 50.1083 0
31 3.81069e+07 97325.4 0.98833 0.00318573 6.5e+07 0.210259 0.109188 2.81167 0.265718 0.210623 0.00141663 1.2292e+06 3141.05 0 0 3.81052e+07 97374.4 0.0243902 2.42861e-17 296.727 13.826 14536.6 37.1268 8235.3 37.0041 16328.9 222.593 39100.8 221.749 0.027634 0.000165472 1000 0 0 0 50.1186 0
32 3.78676e+07 113985 0.987325 0.00349926 6.5e+07 0.218375 0.117887 2.85227 0.276878 0.214347 0.00147082 1.18331e+06 3566.9 0 0 3.78658e+07 114144 0.0243902 2.42861e-17 302.929 13.3085 14445.3 43.4841 8327.47 43.252 16078.7 231.307 38851.5 230.475 0.0270816 0.000168679 1000 0 0 0 50.1238 0
33 3.76276e+07 102598 0.986954 0.00297946 6.5e+07 0.226394 0.102718 2.91797 0.223564 0.218388 0.0014996 1.14018e+06 3108.07 0 0 3.76258e+07 102555 0.0243902 2.42861e-17 310.244 12.9196 14353.8 39.1395 8420.14 39.0159 15783 215.323 38556.9 214.505 0.0265958 0.00015875 1000 0 0 0 50.1322 0
34 3.73911e+07 116488 0.986705 0.00334928 6.5e+07 0.234365 0.0954668 3.02763 0.23699 0.222503 0.00149768 1.09969e+06 3420.45 0 0 3.73894e+07 116304 0.0243902 2.42861e-17 316.007 13.007 14263.6 44.4361 8511.43 44.1872 15479.1 224.005 38254.1 223.214 0.0261423 0.00015632 1000 0 0 0 50.135 0
35 3.71652e+07 120928 0.986146 0.00286663 6.5e+07 0.242513 0.101422 3.0101 0.253715 0.226221 0.00146116 1.06181e+06 3456.16 0 0 3.71635e+07 120961 0.0243902 2.42861e-17 324.294 11.9318 14177.4 46.1311 8598.53 45.8877 15234.4 219.544 38010.4 218.714 0.0256753 0.000144351 1000 0 0 0 50.1098 0
36 3.69293e+07 113792 0.986076 0.00342502 6.5e+07 0.25064 0.102344 2.96212 0.277144 0.23018 0.00149752 1.02576e+06 3157.38 0 0 3.69274e+07 113639 0.0243902 2.42861e-17 329.428 11.7523 14087.4 43.4071 8689.45 43.1821 14974.7 215.133 37751.6 214.374 0.0252517 0.000146189 1000 0 0 0 50.1333 0
37 3.66948e+07 127435 0.984914 0.00301316 6.5e+07 0.259221 0.101388 2.9484 0.249283 0.233914 0.0015196 991703 3443.57 0 0 3.6693e+07 127410 0.0243902 2.42861e-17 333.515 11.1461 13998 48.6135 8779.75 48.4323 14757.1 191.87 37534.8 191.149 0.0248264 0.000126481 1000 0 0 0 50.1627 0
38 3.65014e+07 97315.3 0.985505 0.00330959 6.5e+07 0.267075 0.115678 2.95667 0.265837 0.237827 0.00167216 960521 2559.23 0 0 3.64998e+07 97252.3 0.0243902 2.42861e-17 339.181 13.9335 13924.2 37.1233 8854.57 37.0217 14453.6 223.417 37232.3 222.573 0.024476 0.000161756 1000 0 0 0 50.1401 0
39 3.62954e+07 118773 0.985408 0.00339256 6.5e+07 0.275225 0.100426 2.99301 0.238366 0.241587 0.00146452 930608 3041.72 0 0 3.62937e+07 118623 0.0243902 2.42861e-17 344.922 12.4571 13845.6 45.3084 8934.11 45.1225 14201.9 192.19 36981.6 191.487 0.0241144 0.000127349 1000 0 0 0 50.1524 0
40 3.60799e+07 121424 0.985044 0.00353989 6.5e+07 0.283736 0.118127 3.07298 0.265282 0.245436 0.00132309 901963 3037.55 0 0 3.60785e+07 121506 0.0243902 2.42861e-17 348.057 11.4276 13763.4 46.3168 9017.21 45.961 13959.6 200.351 36740.2 199.608 0.023766 0.000133227 1000 0 0 0 50.1498 0
41 3.58729e+07 107792 0.98439 0.00274687 6.5e+07 0.292149 0.114058 3.06381 0.226309 0.248694 0.00146691 874908 2627.16 0 0 3.58712e+07 107716 0.0243902 2.42861e-17 354.152 12.0403 13684.4 41.119 9096.71 40.8701 13797.6 211.397 36578.7 210.61 0.0233938 0.000144262 1000 0 0 0 50.1552 0
42 3.5694e+07 108348 0.984385 0.00340913 6.5e+07 0.300303 0.105837 3.04305 0.220688 0.251804 0.00151605 849823 2578.9 0 0 3.56926e+07 108317 0.0243902 2.42861e-17 359.481 11.7722 13616.2 41.3304 9165.6 41.1003 13618.7 189.76 36400.5 189.058 0.0230291 0.000123414 1000 0 0 0 50.1585 0
43 3.55046e+07 118503 0.984101 0.0039481 6.5e+07 0.308785 0.108175 3.07635 0.219532 0.255291 0.00152992 825653 2755.93 0 0 3.55031e+07 118509 0.0243902 2.42861e-17 362.02 11.7453 13543.9 45.2038 9238.62 45.0669 13406.7 164.333 36189.2 163.706 0.0227244 0.000107823 1000 0 0 0 50.1853 0
44 3.52828e+07 114538 0.983965 0.00378435 6.5e+07 0.317398 0.103407 3.11547 0.196457 0.25899 0.00166153 801848 2598.78 0 0 3.52813e+07 114349 0.0243902 2.42861e-17 368.83 11.5284 13459.3 43.6922 9323.93 43.5271 13218.8 193.216 36002 192.522 0.022423 0.00012236 1000 0 0 0 50.1698 0
45 3.51132e+07 119366 0.983427 0.00297514 6.5e+07 0.325745 0.124279 3.0927 0.243433 0.262134 0.00147772 780263 2656.67 0 0 3.51118e+07 119544 0.0243902 2.42861e-17 374.368 12.2792 13394.6 45.5343 9389.3 45.2743 13035.4 187.063 35819.4 186.432 0.0221081 0.000116742 1000 0 0 0 50.1783 0
46 3.49191e+07 111442 0.984509 0.00306962 6.5e+07 0.334094 0.103944 3.04545 0.244648 0.265688 0.00145801 759075 2419.22 0 0 3.49174e+07 111290 0.0243902 2.42861e-17 376.2 10.5029 13320.6 42.5097 9464.06 42.3224 12836.9 170.456 35621.6 169.845 0.0218384 0.000115753 1000 0 0 0 50.148 0
47 3.47515e+07 111063 0.982373 0.00346016 6.5e+07 0.343136 0.101664 3.09435 0.22653 0.268714 0.0014614 739362 2362.44 0 0 3.475e+07 111038 0.0243902 2.42861e-17 379.475 11.4589 13256.6 42.3648 9528.64 42.1638 12675.5 171.769 35460.8 171.146 0.0215505 0.00010847 1000 0 0 0 50.1912 0
48 3.45364e+07 112563 0.982693 0.00386299 6.5e+07 0.351763 0.102396 3.16414 0.218768 0.272315 0.00167713 719474 2345.57 0 0 3.45348e+07 112592 0.0243902 2.42861e-17 385.084 11.5868 13174.6 42.9383 9611.23 42.8132 12509.5 185.043 35295.4 184.375 0.0212901 0.000110865 1000 0 0 0 50.1858 0
49 3.43791e+07 115533 0.983034 0.00330181 6.5e+07 0.360018 0.110277 3.1509 0.223877 0.275117 0.00168377 701583 2360.1 0 0 3.43776e+07 115650 0.0243902 2.42861e-17 389.099 11.2183 13114.6 44.0713 9671.79 43.8423 12369.7 197.78 35156.1 197.043 0.0210164 0.000121645 1000 0 0 0 50.1843 0
50 3.41963e+07 113416 0.982167 0.00343672 6.5e+07 0.368977 0.0972456 3.15131 0.21802 0.278674 0.00156857 683895 2267.87 0 0 3.41948e+07 113396 0.0243902 2.42861e-17 393.716 10.2175 13044.9 43.263 9742.22 43.0155 12172.8 186.439 34959.9 185.769 0.020783 0.000110779 1000 0 0 0 50.2045 0
51 3.40178e+07 99541.2 0.982233 0.00348673 6.5e+07 0.377737 0.102019 3.16399 0.227207 0.281996 0.00177204 666987 1957.4 0 0 3.40163e+07 99826.7 0.0243902 2.42861e-17 396.093 9.84317 12976.8 37.9737 9810.99 37.9509 12004.5 188.024 34792.2 187.337 0.0205606 0.000114359 1000 0 0 0 50.1948 0
52 3.38651e+07 125490 0.982425 0.00318701 6.5e+07 0.386062 0.109693 3.14491 0.235072 0.284872 0.00174903 651229 2415 0 0 3.38639e+07 125583 0.0243902 2.42861e-17 401.56 10.2513 12918.5 47.8696 9869.72 47.7214 11858.7 182.769 34646.9 182.122 0.020317 0.000113091 1000 0 0 0 50.2216 0
53 3.36807e+07 106468 0.981173 0.00358367 6.5e+07 0.395339 0.10403 3.15952 0.197621 0.287843 0.00153671 635457 2013.82 0 0 3.36792e+07 106730 0.0243902 2.42861e-17 406.212 11.2109 12848.2 40.6151 9940.48 40.4314 11746.3 161.593 34534.9 161.019 0.0200779 9.6274e-05 1000 0 0 0 50.2243 0
54 3.35131e+07 112799 0.981324 0.00344797 6.5e+07 0.404036 0.105348 3.18369 0.230737 0.29132 0.00162751 620589 2087.56 0 0 3.35118e+07 112724 0.0243902 2.42861e-17 408.386 10.6401 12784.2 43.0285 10005.1 42.8026 11555.3 175.058 34344.6 174.448 0.0198875 0.000106422 1000 0 0 0 50.218 0
55 3.33536e+07 124959 0.981018 0.00386747 6.5e+07 0.413017 0.0991238 3.19963 0.229097 0.2944 0.0015595 606398 2268.21 0 0 3.33519e+07 124750 0.0243902 2.42861e-17 410.617 10.4126 12723.4 47.6694 10066.5 47.4681 11403.9 156.501 34193.8 155.917 0.0196743 8.81948e-05 1000 0 0 0 50.2105 0
56 3.32091e+07 118655 0.981657 0.00310739 6.5e+07 0.421312 0.0986761 3.1719 0.223765 0.297001 0.00180667 592993 2118.15 0 0 3.32076e+07 118614 0.0243902 2.42861e-17 415.446 10.1054 12668.3 45.2621 10122 45.1664 11291.2 170.923 34081.5 170.3 0.0194497 9.95747e-05 1000 0 0 0 50.2251 0
57 3.30339e+07 112161 0.98109 0.00342105 6.5e+07 0.430201 0.106182 3.21655 0.20249 0.299962 0.00175131 579519 1971.2 0 0 3.30326e+07 112359 0.0243902 2.42861e-17 421.688 11.3724 12601.4 42.7885 10189.3 42.7262 11178.6 156.796 33969.3 156.19 0.019247 9.58371e-05 1000 0 0 0 50.1997 0
58 3.28659e+07 118041 0.980916 0.00293964 6.5e+07 0.439442 0.108512 3.19906 0.192636 0.303054 0.00168041 566630 2028.13 0 0 3.28645e+07 117636 0.0243902 2.42861e-17 422.476 10.5316 12537.4 45.0285 10253.9 44.8884 11044.4 159.361 33835.6 158.787 0.0190533 9.67509e-05 1000 0 0 0 50.2203 0
59 3.27328e+07 123180 0.980258 0.00359554 6.5e+07 0.448293 0.0963334 3.2277 0.220926 0.305784 0.00176566 554771 2088.2 0 0 3.27315e+07 123205 0.0243902 2.42861e-17 426.42 9.28 12486.6 46.9896 10305.1 46.7986 10909.6 163.926 33701.3 163.34 0.0188638 9.43763e-05 1000 0 0 0 50.2538 0
60 3.2571e+07 104172 0.980222 0.00347695 6.5e+07 0.457067 0.10094 3.24141 0.177909 0.308761 0.00151453 542823 1738.66 0 0 3.25693e+07 104322 0.0243902 2.42861e-17 430.987 9.49882 12424.8 39.7385 10367.3 39.5272 10785.5 158.621 33577.7 158.041 0.0186801 8.94064e-05 1000 0 0 0 50.2316 0
61 3.2418e+07 116065 0.980105 0.00379354 6.5e+07 0.46634 0.108045 3.2007 0.196999 0.31172 0.00165623 531417 1903.56 0 0 3.24164e+07 116115 0.0243902 2.42861e-17 431.976 10.0536 12366.5 44.2752 10426.2 44.1734 10655 147.53 33447.7 146.961 0.0185051 8.35549e-05 1000 0 0 0 50.2602 0
62 3.22586e+07 111553 0.980187 0.00321831 6.5e+07 0.475416 0.107963 3.18133 0.188961 0.314738 0.00151007 520278 1799.37 0 0 3.22572e+07 111562 0.0243902 2.42861e-17 434.117 9.07417 12305.7 42.5561 10487.5 42.3962 10528.5 153.792 33321.6 153.206 0.0183342 8.72706e-05 1000 0 0 0 50.2556 0
63 3.2109e+07 107743 0.979882 0.00369506 6.5e+07 0.484258 0.123163 3.29309 0.208397 0.317424 0.00154571 509648 1709.68 0 0 3.21078e+07 107719 0.0243902 2.42861e-17 438.011 10.6358 12248.6 41.0987 10544.9 40.9054 10427.1 154.328 33220.6 153.739 0.0181598 8.86335e-05 1000 0 0 0 50.261 0
64 3.19647e+07 126457 0.979828 0.00357146 6.5e+07 0.493274 0.111576 3.2732 0.202905 0.320212 0.00190443 499427 1973.07 0 0 3.19633e+07 126281 0.0243902 2.42861e-17 440.652 10.0711 12193.6 48.2393 10600.3 48.1027 10310.8 167.88 33104.7 167.338 0.0179949 9.01644e-05 1000 0 0 0 50.2515 0
65 3.18317e+07 111605 0.979537 0.0033681 6.5e+07 0.502187 0.102874 3.2704 0.211284 0.323139 0.00159021 489695 1714.44 0 0 3.18302e+07 111436 0.0243902 2.42861e-17 444.415 8.07524 12142.8 42.5742 10651.6 42.3721 10168.9 147.835 32963.3 147.258 0.0178505 8.16351e-05 1000 0 0 0 50.2538 0
66 3.16512e+07 119219 0.979089 0.00360019 6.5e+07 0.511956 0.101697 3.27242 0.197609 0.326279 0.00167035 479541 1808.08 0 0 3.16497e+07 119333 0.0243902 2.42861e-17 446.981 7.54547 12074 45.4803 10720.7 45.3058 10063.4 148.108 32858.1 147.56 0.0176913 8.12274e-05 1000 0 0 0 50.2592 0
67 3.15139e+07 105315 0.97914 0.00294218 6.5e+07 0.521017 0.108975 3.267 0.187583 0.328782 0.0017526 470335 1573.2 0 0 3.15125e+07 105402 0.0243902 2.42861e-17 449.467 8.64548 12021.6 40.1744 10773.5 39.9751 9973.46 165.759 32768.5 165.166 0.0175303 8.43605e-05 1000 0 0 0 50.2467 0
68 3.14018e+07 106564 0.978278 0.00386379 6.5e+07 0.530028 0.0983111 3.26961 0.180666 0.331162 0.00174809 461771 1564.22 0 0 3.14005e+07 106366 0.0243902 2.42861e-17 451.884 9.5861 11978.8 40.6515 10816.7 40.5667 9867.83 150.047 32663.3 149.56 0.0173817 8.39319e-05 1000 0 0 0 50.2604 0
69 3.12365e+07 108468 0.978378 0.00367402 6.5e+07 0.539365 0.11501 3.2777 0.190692 0.334186 0.00176472 452684 1574.27 0 0 3.12352e+07 108626 0.0243902 2.42861e-17 455.523 7.62094 11915.8 41.3765 10880.1 41.2672 9761.72 147.925 32557.6 147.353 0.0172535 8.26932e-05 1000 0 0 0 50.2994 0
70 3.1113e+07 119720 0.978442 0.00348967 6.5e+07 0.548251 0.112995 3.26248 0.200449 0.336343 0.00167889 444449 1713.25 0 0 3.11114e+07 119926 0.0243902 2.42861e-17 459.276 9.08454 11868.7 45.669 10927.5 45.6186 9693.36 134.409 32489.5 133.98 0.0170851 7.52454e-05 1000 0 0 0 50.2853 0
