#1-sta 2-avgThroughput 3-stdThroughput 4-JFI 5-stdJFI 6-Bandwidth 7-avgDelay 8-stdDelay 9-avgBackoffStage 10-stdBackoffStage 11-totalFractionOfCollisionSlots 12.stdCollidingSlots 13.avgThroughputDCF 14. stdThroughputDCF 15.avgThroughputECA 16.stdThroughputECA 17.Sum of 15 and 16 18. std of 17 19. AvgBlockingProb 20. StdBlockingProb 21. AvgDroppedPackets 22.StdDropped 23.SxSlots 24.stdSxSlots 25.ColSlots 26.StdColSlots 27.EmptySlots 28.stdEmpty 29.totalSlots 30.stdTotalSlots 31.averageTAU 32.stdTAU 33.avgQSize 34.stdQSize 35.avgQEmpty 36.stdQEmpty 37. avgQDelay 38. stdQDelay
2 2.40091e+07 344.47 1 0 6.5e+07 0.000682407 0.000738231 0.106061 0.204405 0.0116665 1.00151e-06 0 0 1.20045e+07 149.931 2.4009e+07 326.064 0.0243902 2.42861e-17 0 0 293080 4.33174 18406.5 1.97619 1.26623e+06 36.8827 1.57771e+06 33.2727 0.104548 2.30865e-06 1000 0 0 0 50.056 0
3 2.43303e+07 788.373 0.999978 7.31e-07 6.5e+07 0.0010101 0.00164594 1.50168 0.326097 0.0252263 2.55542e-06 0 0 8.11008e+06 261.116 2.43302e+07 783.344 0.0243902 2.42861e-17 0 0 297001 9.54545 32850.7 4.51968 972387 92.4569 1.30224e+06 86.41 0.0931393 6.68957e-06 1000 0 0 0 50.0332 0
4 2.42185e+07 5274.8 0.999984 6.19939e-06 6.5e+07 0.00135289 0.0101662 1.56313 0.671708 0.038205 3.16697e-05 0 0 6.0546e+06 1315.6 2.42184e+07 5266.34 0.0243902 2.42861e-17 4.5303 0.404009 295636 64.2986 44092 21.2788 814362 921.121 1.15409e+06 863.926 0.0837585 6.99745e-05 1000 0 0 0 50.0175 0
5 2.39835e+07 12894.9 0.99991 4.61876e-05 6.5e+07 0.00170768 0.0164162 0.840404 0.441284 0.0501966 0.000165218 0 0 4.79669e+06 2578.49 2.39835e+07 12892.7 0.0243902 2.42861e-17 9.07677 1.25841 292768 157.428 53218.7 114.871 714224 2253.68 1.06021e+06 2112.3 0.0761543 0.000185185 1000 0 0 0 49.9926 0
6 2.37329e+07 17422.5 0.999904 5.60926e-05 6.5e+07 0.00207052 0.0215642 1.10606 0.482845 0.0610267 0.000199693 0 0 3.95547e+06 2904.58 2.37328e+07 17422.8 0.0243902 2.42861e-17 14.8165 1.59272 289708 212.685 60675.6 162.498 643866 2101.52 994250 1970.1 0.0699475 0.00016165 1000 0 0 0 50.0149 0
7 2.34782e+07 13295.1 0.999852 8.82611e-05 6.5e+07 0.00244128 0.0201614 1.50794 0.443102 0.0710014 0.000207906 0 0 3.35402e+06 1900.83 2.34782e+07 13299 0.0243902 2.42861e-17 21.8369 1.81907 286599 162.327 67081.5 145.124 591113 1643.67 944794 1540.97 0.0648181 0.000128441 1000 0 0 0 50.0224 0
8 2.3231e+07 15859.2 0.999825 0.000109426 6.5e+07 0.00281898 0.0195613 1.58333 0.447002 0.0801973 0.00025522 0 0 2.90386e+06 1982.95 2.32309e+07 15866 0.0243902 2.42861e-17 29.1957 1.64974 283581 193.635 72673.6 179.916 549934 1623.83 906188 1522.35 0.0604886 0.000124273 1000 0 0 0 50.0439 0
9 2.29938e+07 16409.5 0.99981 9.03638e-05 6.5e+07 0.00320291 0.0213433 1.70258 0.424886 0.0887515 0.000230632 0 0 2.55486e+06 1823.44 2.29937e+07 16410.1 0.0243902 2.42861e-17 36.9573 1.61029 280686 200.364 77652.2 161.702 516604 1654.89 874942 1551.42 0.0567901 0.000116045 1000 0 0 0 50.0544 0
10 2.27638e+07 14901 0.999739 0.00011958 6.5e+07 0.00359344 0.0202739 1.88081 0.454756 0.0968784 0.000270882 0 0 2.27637e+06 1490.37 2.27637e+07 14903.7 0.0243902 2.42861e-17 44.4909 2.04772 277878 181.909 82213.7 168.789 488538 1493.29 848630 1400.01 0.0536248 0.000107317 1000 0 0 0 50.0804 0
11 2.25496e+07 15723.6 0.999706 0.000117766 6.5e+07 0.00398842 0.0206049 1.97704 0.425489 0.104348 0.000275032 0 0 2.04996e+06 1428.61 2.25496e+07 15720.9 0.0243902 2.42861e-17 52.449 1.82665 275264 191.9 86279.9 174.128 465307 1418.67 826851 1330.01 0.0508101 9.90611e-05 1000 0 0 0 50.1077 0
12 2.23404e+07 15350.1 0.99969 0.000115581 6.5e+07 0.00438958 0.0214789 2.09091 0.393032 0.111658 0.000288497 0 0 1.8617e+06 1278.97 2.23404e+07 15347.7 0.0243902 2.42861e-17 58.8813 1.90458 272710 187.404 90138.6 177.227 444424 1286.14 807273 1205.7 0.0483955 8.79939e-05 1000 0 0 0 50.1296 0
13 2.21452e+07 15640.9 0.999644 0.000154909 6.5e+07 0.00479464 0.0208494 2.15851 0.38264 0.118495 0.000285533 0 0 1.70347e+06 1203.35 2.21451e+07 15640.5 0.0243902 2.42861e-17 66.1026 1.7684 270327 190.936 93651 171.165 426363 1335.09 790341 1251.7 0.0462261 8.52655e-05 1000 0 0 0 50.163 0
14 2.19583e+07 16423.5 0.999612 0.00015529 6.5e+07 0.00520427 0.0196055 2.22006 0.394467 0.125021 0.000283713 0 0 1.56844e+06 1174.05 2.19582e+07 16431.3 0.0243902 2.42861e-17 72.8427 1.97255 268045 200.496 96933.2 171.798 410357 1359.68 775335 1274.71 0.0442816 8.27028e-05 1000 0 0 0 50.1863 0
15 2.17761e+07 17135.4 0.999601 0.000155108 6.5e+07 0.0056188 0.0241988 2.22896 0.365783 0.131315 0.00032669 0 0 1.45174e+06 1142.33 2.17761e+07 17138.3 0.0243902 2.42861e-17 79.5367 2.06523 265822 209.161 100051 184.921 396046 1427.22 761919 1337.98 0.0425321 8.53312e-05 1000 0 0 0 50.2279 0
16 2.16063e+07 15238.2 0.999568 0.000161653 6.5e+07 0.0060363 0.0231525 2.4072 0.303515 0.137379 0.00032209 0 0 1.35039e+06 952.127 2.16063e+07 15234.4 0.0243902 2.42861e-17 85.6768 2.11845 263749 185.997 102956 175.511 382726 1196.53 749431 1121.77 0.0409674 7.2326e-05 1000 0 0 0 50.2655 0
17 2.1436e+07 16044.4 0.99955 0.000157537 6.5e+07 0.00645978 0.0208402 2.45692 0.345619 0.143338 0.000307529 0 0 1.26094e+06 943.063 2.14359e+07 16039.9 0.0243902 2.42861e-17 91.4421 1.969 261669 195.802 105793 176.456 370605 1164.31 738068 1091.55 0.0395474 6.79061e-05 1000 0 0 0 50.3002 0
18 2.12773e+07 16151.5 0.999503 0.000176837 6.5e+07 0.0068855 0.0250148 2.51235 0.367544 0.148895 0.000305536 0 0 1.18207e+06 897.261 2.12773e+07 16153.3 0.0243902 2.42861e-17 97.2256 1.98501 259733 197.114 108399 172.543 359895 1191.43 728027 1117 0.0382177 6.7928e-05 1000 0 0 0 50.3369 0
19 2.11235e+07 16856.7 0.999471 0.000167796 6.5e+07 0.0073153 0.022848 2.52206 0.331834 0.154329 0.000324013 0 0 1.11176e+06 887.19 2.11234e+07 16859.9 0.0243902 2.42861e-17 102.495 2.02036 257855 205.81 110904 179.11 349865 1237.43 718624 1160.1 0.0370088 6.69149e-05 1000 0 0 0 50.3837 0
20 2.09723e+07 14989.6 0.999438 0.000185179 6.5e+07 0.00774933 0.0218364 2.56616 0.292484 0.159676 0.000319436 0 0 1.04861e+06 749.857 2.09723e+07 14986.9 0.0243902 2.42861e-17 107.765 1.96988 256010 183.03 113338 162.916 340449 1143.48 709797 1072.06 0.0358998 6.20679e-05 1000 0 0 0 50.4209 0
21 2.08263e+07 16497.3 0.999442 0.000192877 6.5e+07 0.00818622 0.023039 2.60558 0.318256 0.164779 0.000360322 0 0 991725 786.183 2.08262e+07 16506.1 0.0243902 2.42861e-17 113.007 2.02407 254227 201.402 115650 184.64 331973 1168.95 701850 1095.93 0.0348581 6.09777e-05 1000 0 0 0 50.4642 0
22 2.0685e+07 14921.8 0.999415 0.000183617 6.5e+07 0.00862681 0.0235828 2.55418 0.308266 0.169838 0.000311158 0 0 940223 678.103 2.06849e+07 14919.7 0.0243902 2.42861e-17 117.913 1.82565 252502 182.179 117890 159.156 323739 1082.83 694131 1015.21 0.0339104 5.74208e-05 1000 0 0 0 50.513 0
23 2.05452e+07 13153.4 0.999401 0.000191451 6.5e+07 0.00907165 0.0260301 2.69521 0.343545 0.174787 0.000345925 0 0 893266 572.07 2.05451e+07 13153.3 0.0243902 2.42861e-17 122.412 1.8837 250796 160.608 120073 151.112 316104 1055.61 686973 989.669 0.0330242 5.68529e-05 1000 0 0 0 50.5605 0
24 2.04146e+07 16798.5 0.999367 0.000214761 6.5e+07 0.00951745 0.0253096 2.77778 0.298472 0.179563 0.000397941 0 0 850607 700.257 2.04146e+07 16804.7 0.0243902 2.42861e-17 126.826 1.92289 249202 205.094 122124 195.697 308794 1076.92 680120 1009.61 0.0321965 5.53422e-05 1000 0 0 0 50.6099 0
25 2.02843e+07 16031.7 0.999356 0.000190986 6.5e+07 0.00996765 0.0237564 2.69939 0.277674 0.184184 0.000320707 0 0 811369 640.726 2.02842e+07 16022.6 0.0243902 2.42861e-17 131.201 1.69461 247611 195.64 124128 174.045 302196 973.83 673934 912.947 0.0314103 4.76057e-05 1000 0 0 0 50.6585 0
26 2.01585e+07 15277.8 0.999371 0.0001829 6.5e+07 0.0104198 0.0243493 2.73504 0.281143 0.188657 0.000337792 0 0 775323 587.584 2.01584e+07 15279.1 0.0243902 2.42861e-17 135.523 1.85391 246075 186.508 126050 169.912 296019 957.816 668144 897.945 0.0306668 4.71525e-05 1000 0 0 0 50.7162 0
27 2.00362e+07 15671.6 0.999342 0.000185202 6.5e+07 0.0108751 0.025527 2.77254 0.263106 0.193182 0.000339351 0 0 742081 580.146 2.00362e+07 15663.1 0.0243902 2.42861e-17 139.572 1.74335 244583 191.27 127934 166.856 289731 1042.47 662249 977.309 0.029991 5.01943e-05 1000 0 0 0 50.7648 0
28 1.99154e+07 15818.6 0.999313 0.0001798 6.5e+07 0.011334 0.0266188 2.81133 0.281033 0.197518 0.000342099 0 0 711264 565.091 1.99154e+07 15823 0.0243902 2.42861e-17 143.388 1.6238 243108 193.117 129761 169.417 284093 1015.8 656962 952.28 0.0293384 4.8338e-05 1000 0 0 0 50.8169 0
29 1.97946e+07 15756.1 0.999279 0.000176205 6.5e+07 0.0117969 0.0264949 2.83943 0.314637 0.201821 0.000380128 0 0 682572 543.307 1.97946e+07 15761.7 0.0243902 2.42861e-17 147.446 1.58786 241634 192.301 131572 179.391 278721 959.032 651926 899.122 0.0287245 4.66386e-05 1000 0 0 0 50.8786 0
30 1.96803e+07 14864.2 0.99924 0.000196738 6.5e+07 0.0122606 0.0271273 2.8697 0.240094 0.205982 0.000337349 0 0 656009 495.278 1.96803e+07 14862.8 0.0243902 2.42861e-17 151.295 1.61484 240238 181.438 133289 168.481 273566 820.489 647094 769.16 0.0281385 3.84893e-05 1000 0 0 0 50.9335 0
31 1.9568e+07 16837.4 0.999255 0.000180319 6.5e+07 0.0127267 0.0256812 2.90714 0.252851 0.210159 0.000421836 0 0 631226 542.978 1.9568e+07 16832.2 0.0243902 2.42861e-17 154.706 1.75387 238868 205.533 134981 195.195 268432 972.927 642280 912.132 0.0275981 4.68072e-05 1000 0 0 0 50.9914 0
32 1.94557e+07 15691.8 0.999189 0.000201348 6.5e+07 0.0131977 0.0252548 2.89931 0.221531 0.214267 0.000361255 0 0 607990 490.189 1.94557e+07 15683.4 0.0243902 2.42861e-17 158.354 1.58016 237497 191.525 136652 177.057 263620 857.116 637769 803.58 0.0270794 4.01639e-05 1000 0 0 0 51.0533 0
33 1.93487e+07 14832.4 0.999184 0.000201036 6.5e+07 0.013669 0.0263554 2.88736 0.249032 0.218197 0.000315413 0 0 586322 449.596 1.93486e+07 14835.4 0.0243902 2.42861e-17 161.439 1.70364 236190 181.053 138240 166.096 259128 733.252 633558 687.396 0.0265794 3.35833e-05 1000 0 0 0 51.1137 0
34 1.92412e+07 13640.8 0.999161 0.000224949 6.5e+07 0.0141435 0.0292367 2.96405 0.245812 0.222164 0.000371619 0 0 565917 401.277 1.92412e+07 13645.1 0.0243902 2.42861e-17 165.004 1.56804 234878 166.568 139829 160.128 254689 800.583 629397 750.58 0.0261113 3.60715e-05 1000 0 0 0 51.1737 0
35 1.91348e+07 15054.6 0.999119 0.00020078 6.5e+07 0.014623 0.0263767 2.95988 0.262425 0.226079 0.000348523 0 0 546706 430.141 1.91347e+07 15051.5 0.0243902 2.42861e-17 167.823 1.56572 233579 183.759 141394 168.581 250448 799.519 625420 749.495 0.0256635 3.42495e-05 1000 0 0 0 51.2327 0
36 1.90326e+07 13559 0.999143 0.000222124 6.5e+07 0.015101 0.0290716 2.98288 0.275939 0.22986 0.000396117 0 0 528681 376.724 1.90325e+07 13563.8 0.0243902 2.42861e-17 171.045 1.27387 232331 165.52 142893 164.466 246427 761.976 621651 714.372 0.0252317 3.5566e-05 1000 0 0 0 51.3009 0
37 1.89326e+07 14418.6 0.999127 0.000203009 6.5e+07 0.0155821 0.0277902 2.96779 0.27997 0.233577 0.000338759 0 0 511691 389.655 1.89326e+07 14415.3 0.0243902 2.42861e-17 173.935 1.32339 231111 175.955 144355 162.465 242554 735.367 618020 689.362 0.0248197 3.15211e-05 1000 0 0 0 51.371 0
38 1.88343e+07 16626.4 0.999134 0.000180716 6.5e+07 0.0160649 0.0274145 2.97741 0.285079 0.237236 0.000387894 0 0 495637 437.439 1.88342e+07 16624.2 0.0243902 2.42861e-17 176.932 1.51018 229910 202.958 145788 181.44 238830 917.493 614528 860.157 0.0244234 3.70142e-05 1000 0 0 0 51.4286 0
39 1.87334e+07 14705.7 0.999039 0.000206895 6.5e+07 0.0165543 0.0253756 2.9943 0.279498 0.240883 0.000399182 0 0 480341 377.173 1.87333e+07 14711.1 0.0243902 2.42861e-17 179.941 1.33425 228679 179.529 147239 167.815 235328 841.202 611246 788.63 0.0240436 3.6116e-05 1000 0 0 0 51.5008 0
40 1.86382e+07 16007 0.999055 0.000214871 6.5e+07 0.0170417 0.0310969 3.04116 0.267949 0.244509 0.000378602 0 0 465954 400.232 1.86381e+07 16009.3 0.0243902 2.42861e-17 182.606 1.42968 227517 195.411 148626 182.038 231714 757.225 607858 709.895 0.023685 3.28427e-05 1000 0 0 0 51.5646 0
41 1.85472e+07 15255 0.999051 0.000193737 6.5e+07 0.0175283 0.025527 3.09116 0.255796 0.248044 0.000392448 0 0 452369 371.998 1.85471e+07 15247.1 0.0243902 2.42861e-17 185.389 1.29038 226406 186.225 149957 169.625 228197 849.079 604560 796.006 0.0233447 3.44618e-05 1000 0 0 0 51.6417 0
42 1.84528e+07 15813.8 0.999051 0.00018988 6.5e+07 0.0180214 0.0273571 3.04209 0.232789 0.251434 0.000342171 0 0 439351 376.312 1.84527e+07 15808.3 0.0243902 2.42861e-17 188.163 1.3598 225254 193.008 151297 173.829 225187 742.235 601739 695.852 0.0230004 2.79793e-05 1000 0 0 0 51.7014 0
43 1.83596e+07 16653.9 0.999024 0.000199823 6.5e+07 0.0185175 0.0278571 3.04581 0.235719 0.254928 0.000366479 0 0 426967 387.225 1.83596e+07 16654.7 0.0243902 2.42861e-17 190.674 1.66072 224117 203.28 152635 183.688 221986 775.013 598738 726.549 0.0226825 2.91065e-05 1000 0 0 0 51.7786 0
44 1.82671e+07 15105.9 0.999015 0.000215568 6.5e+07 0.0190152 0.0292615 3.07805 0.225779 0.258369 0.00033633 0 0 415160 343.313 1.8267e+07 15107 0.0243902 2.42861e-17 193.365 1.39619 222987 184.354 153956 165.449 218933 720.888 595875 675.837 0.0223739 2.81483e-05 1000 0 0 0 51.8456 0
45 1.81794e+07 16204.4 0.998974 0.000194965 6.5e+07 0.0195129 0.0294932 3.08822 0.241983 0.261721 0.000409766 0 0 403986 360.074 1.81794e+07 16204.6 0.0243902 2.42861e-17 195.727 1.52433 221917 197.746 155214 181.963 215920 809.312 593051 758.727 0.0220766 3.28256e-05 1000 0 0 0 51.9137 0
46 1.80924e+07 15445.2 0.998953 0.000211515 6.5e+07 0.0200143 0.0301145 3.08256 0.245542 0.265016 0.000386058 0 0 393312 335.673 1.80923e+07 15440.1 0.0243902 2.42861e-17 197.672 1.4201 220854 188.515 156455 178.999 213054 662.534 590364 621.173 0.0217898 2.71234e-05 1000 0 0 0 51.9873 0
47 1.80038e+07 16269.5 0.998953 0.000240977 6.5e+07 0.0205176 0.0308461 3.12121 0.225119 0.268388 0.000386861 0 0 383059 346.323 1.80037e+07 16268.6 0.0243902 2.42861e-17 200.07 1.45073 219773 198.632 157718 183.432 210158 723.706 587649 678.465 0.0215153 2.79901e-05 1000 0 0 0 52.0632 0
48 1.79181e+07 14754.9 0.998957 0.000219912 6.5e+07 0.0210204 0.030727 3.10522 0.244743 0.271574 0.000386433 0 0 373292 307.602 1.7918e+07 14761.3 0.0243902 2.42861e-17 202.629 1.34992 218726 180.176 158927 164.613 207556 753.711 585209 706.575 0.0212438 2.87567e-05 1000 0 0 0 52.144 0
49 1.78342e+07 16022.2 0.998917 0.000198831 6.5e+07 0.0215258 0.0324593 3.1847 0.213006 0.274744 0.000407799 0 0 363962 326.918 1.78342e+07 16016.9 0.0243902 2.42861e-17 204.832 1.36988 217703 195.607 160113 185.182 204957 683.238 582773 640.545 0.0209827 2.6049e-05 1000 0 0 0 52.2167 0
50 1.77513e+07 15544.6 0.998912 0.000212791 6.5e+07 0.0220327 0.0327384 3.16242 0.198424 0.278043 0.000336027 0 0 355026 310.861 1.77513e+07 15541.9 0.0243902 2.42861e-17 207.012 1.38902 216691 189.747 161301 171.839 202137 649.098 580129 608.551 0.0207418 2.56406e-05 1000 0 0 0 52.2901 0
51 1.76679e+07 14807.7 0.998908 0.000215749 6.5e+07 0.0225433 0.0277667 3.1634 0.243694 0.281196 0.000426167 0 0 346428 290.31 1.76678e+07 14805.4 0.0243902 2.42861e-17 209.088 1.23502 215672 180.765 162475 172.427 199652 709.085 577800 664.733 0.0205011 2.79992e-05 1000 0 0 0 52.3752 0
52 1.75861e+07 15891.9 0.998908 0.00020448 6.5e+07 0.0230551 0.0304712 3.16123 0.248579 0.284365 0.000383044 0 0 338194 305.67 1.75861e+07 15895.4 0.0243902 2.42861e-17 211.061 1.32469 214675 193.997 163631 177.666 197121 699.592 575426 655.895 0.020271 2.58132e-05 1000 0 0 0 52.4417 0
53 1.75067e+07 14288.2 0.998872 0.00022795 6.5e+07 0.0235659 0.032745 3.21517 0.210103 0.287392 0.000384198 0 0 330313 269.649 1.75066e+07 14293.9 0.0243902 2.42861e-17 213.269 1.2947 213704 174.387 164746 154.504 194797 768.262 573247 720.263 0.0200415 2.5803e-05 1000 0 0 0 52.5257 0
54 1.74245e+07 14473.8 0.998844 0.000205475 6.5e+07 0.0240847 0.0313039 3.17228 0.218377 0.290423 0.000383335 0 0 322676 268.069 1.74245e+07 14476.8 0.0243902 2.42861e-17 215.163 1.29659 212702 176.655 165886 170.131 192600 563.412 571188 528.225 0.0198194 2.26696e-05 1000 0 0 0 52.6045 0
55 1.73473e+07 16673.6 0.998855 0.000229032 6.5e+07 0.0245992 0.036858 3.17374 0.193977 0.293423 0.000405397 0 0 315404 303.267 1.73472e+07 16678.8 0.0243902 2.42861e-17 216.929 1.40905 211759 203.604 166972 192.343 190320 621.703 569050 582.894 0.0196086 2.19339e-05 1000 0 0 0 52.6783 0
56 1.72679e+07 14638.2 0.998843 0.000234095 6.5e+07 0.0251176 0.0302048 3.204 0.19446 0.296442 0.000405225 0 0 308355 261.355 1.72679e+07 14634.9 0.0243902 2.42861e-17 219.036 1.21533 210790 178.669 168078 168.404 188118 652.513 566986 611.766 0.0194005 2.37124e-05 1000 0 0 0 52.7652 0
57 1.71917e+07 16029.3 0.998859 0.000202236 6.5e+07 0.0256351 0.0311711 3.17012 0.230591 0.299395 0.000388432 0 0 301609 280.948 1.71917e+07 16015.8 0.0243902 2.42861e-17 220.937 1.25142 209860 195.703 169144 177.042 185947 706.234 564951 662.085 0.0192005 2.521e-05 1000 0 0 0 52.8427 0
58 1.71148e+07 14787.8 0.998836 0.000226703 6.5e+07 0.0261571 0.0302456 3.19401 0.194777 0.302374 0.00041985 0 0 295082 255.018 1.71148e+07 14795.6 0.0243902 2.42861e-17 222.756 1.25129 208921 180.536 170217 171.244 183798 649.56 562936 608.982 0.0190075 2.28119e-05 1000 0 0 0 52.9277 0
59 1.70404e+07 14599.7 0.99883 0.00022974 6.5e+07 0.0266767 0.0288093 3.23267 0.214254 0.30529 0.000381985 0 0 288819 247.522 1.70403e+07 14602.6 0.0243902 2.42861e-17 224.655 1.16486 208012 178.214 171257 164.621 181697 635.267 560966 595.578 0.0188193 2.18437e-05 1000 0 0 0 53.0094 0
60 1.69645e+07 14237.2 0.998809 0.000216282 6.5e+07 0.0272011 0.0331607 3.24259 0.202762 0.308157 0.000410474 0 0 282742 237.178 1.69645e+07 14234.5 0.0243902 2.42861e-17 226.572 1.29395 207087 173.792 172304 164.653 179754 625.928 559145 586.781 0.0186345 2.16035e-05 1000 0 0 0 53.0925 0
61 1.68887e+07 16178.1 0.998772 0.000217974 6.5e+07 0.0277317 0.0327013 3.20103 0.175678 0.311078 0.000419924 0 0 276863 265.24 1.68886e+07 16177.3 0.0243902 2.42861e-17 228.059 1.13443 206160 197.564 173355 185.161 177757 643.193 557273 602.947 0.0184565 2.1463e-05 1000 0 0 0 53.1735 0
62 1.68129e+07 14134.9 0.998766 0.000234447 6.5e+07 0.0282618 0.0302133 3.25741 0.206322 0.313961 0.00035643 0 0 271175 228.034 1.68129e+07 14134.6 0.0243902 2.42861e-17 229.765 1.1876 205235 172.505 174400 158.044 175847 591.059 555482 554.105 0.0182824 2.09801e-05 1000 0 0 0 53.2614 0
63 1.67439e+07 16706.4 0.998764 0.000219724 6.5e+07 0.0287848 0.029731 3.24483 0.189151 0.316749 0.000367178 0 0 265776 265.268 1.67439e+07 16712.6 0.0243902 2.42861e-17 231.355 1.24165 204394 203.941 175364 185.83 173880 615.298 553638 576.884 0.0181142 1.85507e-05 1000 0 0 0 53.3461 0
64 1.66707e+07 15220.5 0.998776 0.000219839 6.5e+07 0.0293153 0.032051 3.28267 0.197356 0.319602 0.000405909 0 0 260480 237.91 1.66707e+07 15228.8 0.0243902 2.42861e-17 233.019 1.33212 203500 185.814 176376 178.156 171986 541.014 551862 507.204 0.017952 1.97573e-05 1000 0 0 0 53.4294 0
65 1.65988e+07 14451.5 0.998699 0.000201354 6.5e+07 0.0298497 0.0300438 3.2087 0.208735 0.322348 0.000394618 0 0 255366 222.39 1.65988e+07 14456.7 0.0243902 2.42861e-17 234.597 1.10109 202622 176.433 177363 166.189 170238 575.703 550224 539.745 0.0177895 2.11244e-05 1000 0 0 0 53.509 0
66 1.65278e+07 15438.8 0.998687 0.000234839 6.5e+07 0.0303811 0.029172 3.21197 0.197346 0.325127 0.000410654 0 0 250420 234.043 1.65277e+07 15442.7 0.0243902 2.42861e-17 236.324 1.16358 201755 188.492 178343 170.21 168435 693.175 548534 649.905 0.0176354 2.31347e-05 1000 0 0 0 53.6069 0
67 1.64605e+07 15456.7 0.998706 0.000225926 6.5e+07 0.0309091 0.0369906 3.25464 0.202234 0.32786 0.000368947 0 0 245679 230.758 1.64605e+07 15454.5 0.0243902 2.42861e-17 237.856 1.18684 200934 188.747 179279 172.85 166603 586.512 546816 549.814 0.0174859 1.85209e-05 1000 0 0 0 53.693 0
68 1.6388e+07 15226.7 0.998668 0.000240137 6.5e+07 0.0314504 0.0330326 3.22579 0.18636 0.330551 0.000407513 0 0 240999 223.939 1.63879e+07 15223.7 0.0243902 2.42861e-17 239.374 1.15093 200049 185.878 180263 177.794 165028 528.811 545339 495.761 0.0173317 1.89634e-05 1000 0 0 0 53.782 0
69 1.63217e+07 15038.6 0.998684 0.000213019 6.5e+07 0.0319797 0.0350546 3.26043 0.190366 0.33324 0.000368812 0 0 236546 218.077 1.63217e+07 15048.4 0.0243902 2.42861e-17 240.969 1.09887 199239 183.597 181181 165.149 163276 621.07 543697 582.258 0.01719 2.10544e-05 1000 0 0 0 53.8713 0
70 1.62526e+07 15402.1 0.998632 0.000190641 6.5e+07 0.0325201 0.0332698 3.25267 0.174665 0.335932 0.000407599 0 0 232179 220.118 1.62526e+07 15409.7 0.0243902 2.42861e-17 242.407 1.22521 198396 187.968 182127 177.634 161632 553.281 542156 518.722 0.0170485 1.84061e-05 1000 0 0 0 53.9562 0
