#1-sta 2-avgThroughput 3-stdThroughput 4-JFI 5-stdJFI 6-Bandwidth 7-avgDelay 8-stdDelay 9-avgBackoffStage 10-stdBackoffStage 11-totalFractionOfCollisionSlots 12.stdCollidingSlots 13.avgThroughputDCF 14. stdThroughputDCF 15.avgThroughputECA 16.stdThroughputECA 17.Sum of 15 and 16 18. std of 17 19. AvgBlockingProb 20. StdBlockingProb 21. AvgDroppedPackets 22.StdDropped 23.SxSlots 24.stdSxSlots 25.ColSlots 26.StdColSlots 27.EmptySlots 28.stdEmpty 29.totalSlots 30.stdTotalSlots 31.averageTAU 32.stdTAU 33.avgQSize 34.stdQSize 35.avgQEmpty 36.stdQEmpty 37. avgQDelay 38. stdQDelay
2 2.00169e+06 10222 0.999968 4.38759e-05 1e+06 0.000261408 6.00303e-07 0 0 4.29753e-06 9.35967e-07 0 0 1.0009e+06 5110.25 2.0018e+06 10219.5 0 0 0 0 24430.5 124.835 25.2828 5.50673 5.85867e+06 1999.86 5.88313e+06 1874.59 0.00208062 1.13179e-05 0.0555556 0.157135 23623.1 116.341 0.000277702 0
3 3.0001e+06 12230.4 0.999937 6.13081e-05 1e+06 0.000264493 7.58634e-07 0 0 1.91045e-05 1.82485e-06 0 0 1.0002e+06 4075.29 3.00059e+06 12225.6 0 0 0 0 36603.6 148.901 108.879 10.3906 5.66244e+06 2419.08 5.69916e+06 2267.63 0.00215362 9.83e-06 0.026936 0.0908466 35377.5 138.257 0.00028485 0
4 3.99885e+06 14873.2 0.999935 4.5779e-05 1e+06 0.000269113 9.16341e-07 0 0 5.20368e-05 3.18251e-06 0 0 1.00002e+06 3721.77 4.0001e+06 14888.5 0 0 0 0 48762.3 181.357 286.919 17.5031 5.46478e+06 2969.52 5.51383e+06 2783.96 0.00223702 9.80089e-06 0.0378788 0.108733 47115.3 171.145 0.000293705 0
5 4.99875e+06 19023.8 0.999937 4.66515e-05 1e+06 0.000275296 1.17928e-06 0 0 0.000109363 5.77936e-06 0 0 1.00026e+06 3805.64 5.00131e+06 19026.6 0 0 0 0 60910.6 230.829 582.535 30.6608 5.26519e+06 3828.41 5.32668e+06 3589.97 0.00233105 1.09305e-05 0.0383838 0.105128 58834.6 216.858 0.000304275 0
6 5.99549e+06 21857.4 0.999928 4.38945e-05 1e+06 0.000283411 1.17004e-06 0.003367 0.0333316 0.000201266 6.51202e-06 0 0 1.00001e+06 3633.17 6.00006e+06 21798 0 0 0 0 72981.7 262.523 1034.1 33.1009 5.06401e+06 4423.53 5.13803e+06 4148.93 0.00243524 1.13624e-05 0.0420876 0.083227 70474.6 252.177 0.000317011 0
7 6.99328e+06 22514 0.99993 4.02656e-05 1e+06 0.000293542 1.59626e-06 0 0 0.000337167 1.01074e-05 0 0 1.00013e+06 3228.49 7.00093e+06 22601.2 0 0 0 0 85025.8 271.664 1667.85 49.4279 4.86001e+06 4611.79 4.94671e+06 4325.84 0.00255335 1.11351e-05 0.024531 0.0575755 82093.5 261.419 0.00033195 0
8 7.98915e+06 24955.2 0.999932 3.56186e-05 1e+06 0.000306453 1.74507e-06 0.00378788 0.0278351 0.000532206 1.24026e-05 0 0 1.00004e+06 3142.74 8.0003e+06 25141.1 0 0 0 0 96977.6 301.846 2529.41 57.6794 4.65325e+06 5212.54 4.75275e+06 4889.45 0.00268641 1.21232e-05 0.0441919 0.0820221 93624.7 284.182 0.000350163 0
9 8.98499e+06 27696.6 0.99993 3.14601e-05 1e+06 0.000321801 1.99923e-06 0.00448933 0.0312646 0.000793257 1.69064e-05 0 0 1.00011e+06 3106.47 9.00099e+06 27958.8 0 0 0 0 108863 327.654 3613.93 74.6851 4.4434e+06 5845.55 4.55588e+06 5487.43 0.00283588 1.31703e-05 0.047138 0.0707871 105090 308.786 0.000371106 0
10 9.97959e+06 29197 0.999929 3.11172e-05 1e+06 0.000340968 2.36732e-06 0.0121212 0.0477213 0.00114825 2.07055e-05 0 0 1.00015e+06 2948.7 1.00015e+07 29487 0 0 0 0 120630 345.265 5000.94 86.0215 4.2297e+06 6304.16 4.35533e+06 5918.3 0.00300652 1.42666e-05 0.0474747 0.0782942 116441 325.528 0.000396524 0
11 1.09721e+07 29891 0.999929 3.0192e-05 1e+06 0.000363764 2.88335e-06 0.0238751 0.0881925 0.00160734 2.42662e-05 0 0 1.00011e+06 2747.67 1.10012e+07 30227.3 0 0 0 0 132268 358.232 6672.79 95.3534 4.01257e+06 6417.79 4.15151e+06 6024.01 0.00319945 1.45584e-05 0.0633609 0.0970854 127673 329.703 0.000426242 0
12 1.19638e+07 29583.5 0.999928 3.30194e-05 1e+06 0.000391826 3.4843e-06 0.0151515 0.0534495 0.00221063 3.58526e-05 0 0 1.00017e+06 2531.88 1.2002e+07 30383 0 0 0 0 143740 339.14 8716.8 130.74 3.79075e+06 6899.35 3.9432e+06 6484.48 0.00342174 1.66551e-05 0.0547138 0.0722044 138743 317.991 0.000462208 0
13 1.29533e+07 30130 0.999922 3.03679e-05 1e+06 0.00042622 3.80326e-06 0.027195 0.0702745 0.00298776 3.8873e-05 0 0 1.00011e+06 2335.01 1.30015e+07 30357.7 0 0 0 0 154991 327.191 11146.1 129.873 3.56452e+06 6945.63 3.73066e+06 6539.17 0.00367767 1.71115e-05 0.068376 0.103659 149607 310.233 0.000506064 0
14 1.39408e+07 30994.5 0.999927 2.88635e-05 1e+06 0.000467718 4.29681e-06 0.0497835 0.107181 0.00398494 4.50855e-05 0 0 1.0001e+06 2234.6 1.40014e+07 31289.1 0 0 0 0 165996 334.044 14000.3 138.867 3.33336e+06 7010.04 3.51335e+06 6600.63 0.00397487 1.82902e-05 0.0873016 0.107709 160235 310.745 0.000558499 0
15 1.49268e+07 33070.7 0.999925 2.62481e-05 1e+06 0.000519471 5.5977e-06 0.023569 0.0685349 0.00526342 6.33543e-05 0 0 1.00012e+06 2222.42 1.50018e+07 33337.5 0 0 0.0013468 0.00937939 176672 352.852 17322.1 176.034 3.09711e+06 8000.25 3.2911e+06 7539.7 0.00432306 2.23094e-05 0.0518518 0.0693439 170532 328.533 0.00062414 0
16 1.59098e+07 34197.8 0.999926 2.62625e-05 1e+06 0.000583051 6.94739e-06 0.0372475 0.0779103 0.00689809 8.42468e-05 0 0 1.00001e+06 2194.74 1.60002e+07 35118.7 0 0 0.00189394 0.0107137 186933 358.28 21135.7 211.099 2.856e+06 8553.11 3.06407e+06 8064.36 0.00473319 2.66358e-05 0.0789141 0.087304 180426 343.769 0.000705664 0
17 1.68897e+07 34291.6 0.999925 2.81563e-05 1e+06 0.000663313 8.2177e-06 0.0701129 0.138061 0.009007 0.000103361 0 0 999895 2066.77 1.69982e+07 35127.6 0 0 0.00297088 0.0128814 196630 339.999 25507 229.349 2.60985e+06 8643.85 2.83199e+06 8165.64 0.0052219 2.95537e-05 0.0968509 0.126884 189787 324.99 0.000810284 0
18 1.78712e+07 34721.8 0.999926 2.44863e-05 1e+06 0.000764895 1.0915e-05 0.0555556 0.0979908 0.0117556 0.000131462 0 0 999970 1972.88 1.79995e+07 35514.4 0 0 0.0123457 0.0311435 205678 321.071 30491.5 253.912 2.35771e+06 8875.2 2.59388e+06 8409.22 0.00581692 3.46751e-05 0.106061 0.124625 198487 296.565 0.000945886 0
19 1.88485e+07 34803.5 0.999928 2.46517e-05 1e+06 0.000899192 1.44388e-05 0.0855928 0.150656 0.0154041 0.000177448 0 0 1.00001e+06 1910.98 1.90002e+07 36303.1 0 0 0.02605 0.0438588 213750 281.532 36199.9 288.709 2.10016e+06 9403.39 2.35011e+06 8942.46 0.00655212 4.27758e-05 0.122807 0.124729 206231 261.821 0.00113099 0
20 1.98236e+07 36160.3 0.999922 2.62968e-05 1e+06 0.0010742 1.84491e-05 0.152525 0.185643 0.0202027 0.000215067 0 0 999988 1850.14 1.99998e+07 37004 0 0 0.0858586 0.0752237 220551 310.794 42501.6 284.713 1.8408e+06 9388.16 2.10385e+06 8929.14 0.00745788 4.97613e-05 0.174747 0.172236 212717 301.424 0.00138477 0
21 2.07961e+07 36243.4 0.999919 2.85691e-05 1e+06 0.00130746 2.65713e-05 0.169793 0.209616 0.0266227 0.00029477 0 0 999999 1787.31 2.1e+07 37536.1 0 0 0.256854 0.160712 225701 269.824 49413.1 317.823 1.58103e+06 9519.51 1.85615e+06 9122.55 0.00859439 6.22754e-05 0.189995 0.184179 217575 263.81 0.00174556 0
22 2.17655e+07 37250.2 0.99992 2.35062e-05 1e+06 0.00162384 3.49395e-05 0.251148 0.256263 0.0351989 0.000404546 0 0 999903 1728.96 2.19979e+07 38039.9 0 0 0.692378 0.269635 228582 301.358 56739.9 344.759 1.32676e+06 9562.33 1.61208e+06 9218.45 0.0100164 7.84466e-05 0.259412 0.241583 220178 307.036 0.0022778 0
23 2.27299e+07 35866 0.999917 2.54316e-05 1e+06 0.00205411 5.50805e-05 0.371541 0.283748 0.0465411 0.000504224 0 0 999767 1625.46 2.29946e+07 37392.7 0 0 1.76329 0.463036 228667 354.726 64145.4 330.617 1.08553e+06 8485.79 1.37834e+06 8305.98 0.0117761 8.94959e-05 0.381643 0.270398 220008 370.162 0.0030768 0
24 2.36933e+07 38140.7 0.999918 2.4832e-05 1e+06 0.00264295 8.16679e-05 0.494108 0.358528 0.0610976 0.000721806 0 0 999585 1638.77 2.399e+07 39331.5 0 0 4.26094 0.903925 225355 457.313 71068.3 348.431 866867 8477.79 1.16329e+06 8366.25 0.0138796 0.00012047 0.55766 0.424947 216465 468.271 0.00431078 0
25 2.4654e+07 40696.8 0.99992 2.1362e-05 1e+06 0.00343712 0.000126849 0.640404 0.33546 0.0784616 0.000842166 0 0 999194 1659.89 2.49799e+07 41500.3 0 0 9.43596 1.25987 218414 586.551 76721.6 286.805 682765 7180.32 977901 7302.89 0.0161897 0.00013255 0.734141 0.428078 209281 604.394 0.006186 0
26 2.56036e+07 39948.6 0.999924 2.36231e-05 1e+06 0.00447344 0.000179364 0.818182 0.333773 0.0969091 0.000803624 0 0 998310 1606.19 2.59561e+07 41749.3 0 0 19.4355 1.81221 208216 607.424 80332.3 204.207 540441 5286.31 828989 5568 0.0184031 0.00012142 1.06177 0.53369 198850 616.956 0.00898373 0
27 2.65456e+07 43094.9 0.999919 2.21668e-05 1e+06 0.00577573 0.00026127 1.0303 0.413747 0.114125 0.000716434 0 0 997020 1611.66 2.69195e+07 43512.7 0 0 34.428 2.63865 195651 690.419 81619.9 195.92 437933 3826.41 715204 4372.06 0.0201985 0.000100549 1.53086 0.751125 185939 722.389 0.0128855 0
28 2.74852e+07 44322.7 0.999918 2.20253e-05 1e+06 0.00734155 0.000332229 1.26371 0.40846 0.128716 0.00070701 0 0 995530 1633.84 2.78748e+07 45744.3 0 0 52.1829 3.1462 182087 795.063 80877.9 220.127 365399 3208.65 628363 3937.84 0.0214575 9.48144e-05 2.07107 0.870366 171930 834.771 0.0179559 0
29 2.84246e+07 46674.5 0.999917 2.31298e-05 1e+06 0.00917583 0.000483976 1.6388 0.34463 0.140218 0.000547651 0 0 993978 1605.92 2.88253e+07 46572 0 0 70.3198 3.70825 168309 891.744 78453 332.335 312756 2455.39 559517 3475.89 0.0222179 6.85661e-05 3.08046 0.999778 157502 947.897 0.0242936 0
30 2.93746e+07 49537.5 0.999919 2.1782e-05 1e+06 0.0113346 0.000642512 1.73603 0.385851 0.149441 0.000563468 0 0 992585 1629.07 2.97776e+07 48876.4 0 0 86.4973 4.69779 154637 932.725 74899.2 363.594 271667 2250.09 501203 3322.46 0.0226318 6.83959e-05 3.76835 1.15922 142978 1002.78 0.0320956 0
31 3.03377e+07 53215.3 0.999917 2.28733e-05 1e+06 0.0138238 0.000831498 2.06419 0.338248 0.156541 0.000536691 0 0 991481 1698.19 3.07359e+07 52647.3 0 0 98.3718 4.78861 141608 926.313 70584.2 429.315 238711 1804.98 450903 2906.38 0.022775 6.21968e-05 5.16846 1.52665 128896 1029.58 0.0414323 0
32 3.13176e+07 54287.4 0.999911 2.41905e-05 1e+06 0.0167083 0.00114845 2.23011 0.362547 0.161446 0.000528488 0 0 990724 1667.73 3.17032e+07 53367.5 0 0 105.133 4.60481 129279 989.052 65694.1 494.024 211940 1718.64 406913 3020.7 0.0226545 6.07379e-05 6.44003 2.00515 115262 1104.58 0.0529198 0
33 3.23178e+07 55760.4 0.99991 2.46452e-05 1e+06 0.0199915 0.00165513 2.38414 0.295147 0.164138 0.000623443 0 0 990481 1660.39 3.26859e+07 54793.5 0 0 106.881 4.44744 117963 1185.04 60547.9 622.607 190372 1660.28 368883 3290.75 0.0222951 6.4746e-05 7.56106 1.8719 102462 1329.17 0.0666229 0
34 3.33342e+07 56067.3 0.999908 2.36811e-05 1e+06 0.0238078 0.00225022 2.66518 0.356677 0.164773 0.000787081 0 0 990513 1616.57 3.36774e+07 54967.2 0 0 103.797 4.35696 107334 1120.58 55140.1 673.236 172163 1577.65 334637 3172.71 0.0217368 7.83212e-05 10.2998 2.68457 90167.9 1313.42 0.0838395 0
35 3.44042e+07 19907.8 0.999991 2.14582e-06 1e+06 0.0281004 0.00103935 2.85224 0.282026 0.163417 0.000305545 0 0 991989 562.51 3.47196e+07 19687.3 0 0 964.728 14.6131 976303 3431.36 497349 2209.38 1.56977e+06 3869.25 3.04343e+06 9005.37 0.0210026 2.97033e-05 12.7126 2.6794 787356 4009.13 0.104973 0
36 3.54018e+07 60318.5 0.99991 2.36428e-05 1e+06 0.0327598 0.0041239 3.0968 0.274939 0.16056 0.00105432 0 0 991309 1619.84 3.56871e+07 58315.6 0 0 87.8962 5.71512 89581.9 981.208 44948.9 662.632 145408 1113.63 279939 2582.9 0.0201442 0.000102634 16.3131 3.18547 69104.2 1147.4 0.129449 0
37 3.64471e+07 58808.1 0.999909 2.07669e-05 1e+06 0.0380084 0.00626084 3.2113 0.24736 0.15595 0.00126213 0 0 991945 1543.26 3.6702e+07 57100.7 0 0 77.0677 5.44593 82080.2 1023.27 40191.8 727.815 135433 1190.49 257705 2820.28 0.0191638 0.000117011 19.5722 4.05751 60014.3 1229.13 0.159193 0
38 3.74892e+07 59202.4 0.999907 2.11703e-05 1e+06 0.0435148 0.0069211 3.40431 0.240853 0.150353 0.00122669 0 0 992541 1537.48 3.77165e+07 58420.2 0 0 65.4532 6.14093 75799.8 880.84 35983.2 607.194 127527 1014.54 239310 2348.8 0.0181502 0.000115633 24.0686 3.89772 52354.5 1030.71 0.194726 0
39 3.85237e+07 62537.6 0.999903 2.37096e-05 1e+06 0.0495444 0.0110264 3.58249 0.208978 0.14382 0.00158698 0 0 992901 1557.09 3.87232e+07 60729.9 0 0 55.7081 4.89261 70144.6 902.234 32102.6 642.492 120946 831.355 223193 2177.74 0.0171001 0.000148869 29.584 5.14083 45517.9 1019.29 0.23746 0
40 3.95511e+07 59792.7 0.999904 2.1636e-05 1e+06 0.0558327 0.0133599 3.73106 0.190828 0.136492 0.00166193 0 0 993175 1441.65 3.9727e+07 57665.3 0 0 46.7321 5.07415 65307.9 831.209 28627.7 597.597 115782 784.485 209718 2004.01 0.01605 0.00015001 35.4848 5.57363 39726.9 933.25 0.284384 0
41 4.05804e+07 61165.5 0.999901 2.27825e-05 1e+06 0.0629137 0.0172447 3.83444 0.196846 0.128403 0.00232597 0 0 993449 1451.04 4.07314e+07 59492.6 0 0 37.287 4.34261 60797 1003.87 25306.6 749.973 110943 794.331 197047 2362.66 0.0150019 0.000194959 41.6617 6.63447 34361.7 1086.98 0.344146 0
42 4.15797e+07 63648.7 0.999893 2.47728e-05 1e+06 0.0699597 0.0210026 3.99206 0.192093 0.120466 0.00195348 0 0 993118 1487.12 4.1711e+07 62464.9 0 0 30.6481 4.41905 57092.6 782.461 22499.4 578.288 107150 762.503 186742 1892.66 0.0140355 0.000156826 52.5257 7.48196 30013.1 829.718 0.408234 0
43 4.25819e+07 66856.9 0.999887 2.67306e-05 1e+06 0.0779691 0.0264967 4.12309 0.174946 0.112133 0.00213809 0 0 992900 1531.55 4.26947e+07 65854.5 0 0 24.3867 3.50334 53573.1 743.666 19855.1 561.263 103609 651.098 177038 1732.36 0.0130948 0.000164522 61.6791 10.4483 26050.9 753.209 0.479874 0
44 4.35722e+07 71736.8 0.999885 2.80996e-05 1e+06 0.0866625 0.0347747 4.20064 0.157461 0.1038 0.0021626 0 0 992473 1610.31 4.36688e+07 70852.6 0 0 19.6556 3.5357 50465.7 719.339 17504.1 516.874 100633 631.271 168603 1605.5 0.0122089 0.000166931 71.5696 11.086 22632 675.863 0.564753 0
45 4.45383e+07 68554.5 0.999872 2.54034e-05 1e+06 0.0951329 0.0337625 4.28058 0.161968 0.0963742 0.00235978 0 0 991600 1521.93 4.4622e+07 68485.2 0 0 16.2813 3.11727 47931.4 725.67 15599.2 542.836 98289.9 714.943 161821 1767.27 0.0114355 0.00016667 85.5511 10.5175 19951.3 684.322 0.651977 0
46 4.54982e+07 80703.6 0.999849 4.13222e-05 1e+06 0.10504 0.0452647 4.40228 0.135581 0.0880749 0.00231113 0 0 990626 1748.63 4.55688e+07 80436.4 6.32452e-07 6.26095e-06 12.9291 2.65985 45338.5 725.992 13635.8 485.198 95809.5 570.924 154784 1535.89 0.0106518 0.000167598 101.043 14.7631 17265.5 624.713 0.757032 0
47 4.64412e+07 83235.4 0.999829 4.4582e-05 1e+06 0.114871 0.0470125 4.46701 0.127672 0.0804787 0.00213719 0 0 989386 1758.04 4.65011e+07 82624 3.97924e-06 2.97381e-05 9.58027 2.43976 43063.1 639.612 11968.2 423.79 93647.3 614.369 148679 1430.11 0.00995242 0.000150015 119.327 14.6068 15045.5 545.844 0.863998 0
48 4.73763e+07 89024.1 0.999807 5.18417e-05 1e+06 0.125144 0.0586068 4.52694 0.122493 0.0730654 0.00210192 0 0 988055 1855.79 4.74266e+07 89076.5 4.5119e-06 2.87993e-05 7.93918 2.15818 40918.9 631.076 10449.4 398.625 91608 609.052 142976 1436.57 0.00929842 0.000141141 137.007 18.0479 13031.8 485.997 0.973177 0
49 4.83203e+07 88579 0.999793 5.51591e-05 1e+06 0.13563 0.0733771 4.59101 0.121377 0.0660366 0.00224254 0 0 986994 1794.79 4.83627e+07 87945.5 2.52016e-05 9.25461e-05 6.47598 1.68103 38984.8 639.088 9108.89 393.409 89800.9 536.176 137895 1339.69 0.00869702 0.000147301 151.013 16.3974 11277.2 494.681 1.07525 0
50 4.92344e+07 88290.2 0.999759 6.12099e-05 1e+06 0.146819 0.0841097 4.65434 0.0992106 0.0592411 0.00197562 0 0 985389 1777.91 4.92695e+07 88901.8 4.39524e-05 0.000121025 4.88424 1.37789 37071.8 623.626 7888.01 331.994 88152.5 494.648 133112 1239.71 0.00812313 0.000135427 172.27 17.4705 9664.64 447.394 1.18317 0
51 5.0157e+07 107726 0.999741 6.24324e-05 1e+06 0.157806 0.0873404 4.71123 0.0867903 0.0530088 0.00182642 0 0 984031 2103.81 5.01856e+07 107298 8.10049e-05 0.000178588 4.03941 1.49576 35389.8 539.834 6826.07 290.016 86521.2 524.44 128737 1121.91 0.00761507 0.000119685 189.284 21.4579 8280.28 372.653 1.29649 0
52 5.1057e+07 113244 0.999719 8.03135e-05 1e+06 0.167807 0.0888347 4.71426 0.10702 0.0471189 0.00170298 0 0 982321 2174.61 5.10807e+07 113076 8.53502e-05 0.000160849 3.21931 1.07723 33782.1 519.974 5872.54 255.249 84945.7 472.426 124600 971.669 0.0071432 0.000114628 210.856 22.7859 7011.18 338.809 1.38647 0
53 5.19815e+07 109241 0.999711 6.68637e-05 1e+06 0.179486 0.0969383 4.78845 0.0824953 0.0411177 0.00164795 0 0 981140 2059.87 5.20004e+07 109174 7.28359e-05 0.000145036 2.46827 1.08742 32259.1 480.416 4956.2 236.071 83285.7 443.839 120501 961.946 0.00669485 0.000103412 226.375 21.3943 5860.94 300.356 1.48662 0
54 5.29071e+07 133732 0.999706 7.21277e-05 1e+06 0.190009 0.117135 4.82585 0.0793094 0.0356866 0.00140991 0 0 980039 2464.26 5.29221e+07 133064 8.83957e-05 0.000175405 2.01029 0.981841 30794.4 408.004 4165.37 191.383 81732 422.883 116692 816.481 0.00628327 8.88853e-05 240.011 25.2202 4786.85 245.496 1.57259 0
55 5.38269e+07 145542 0.999712 7.16507e-05 1e+06 0.200343 0.11323 4.83838 0.0771338 0.0305467 0.00138575 0 0 978877 2644.43 5.38382e+07 145440 7.06541e-05 0.000161376 1.59798 0.788844 29503.6 411.731 3458.89 178.385 80238.6 392.69 113201 760.32 0.0059095 8.91288e-05 254.865 27.923 3866.09 226.397 1.6511 0
56 5.4777e+07 146947 0.999732 7.07082e-05 1e+06 0.210401 0.116234 4.87716 0.0574459 0.02536 0.00123954 0 0 978312 2617.97 5.47855e+07 146602 7.70691e-05 0.000146906 1.4347 0.794897 28280.2 346.531 2784.97 151.266 78723.7 430.473 109789 671.299 0.00555494 7.61263e-05 261.842 27.7323 2997.69 197.846 1.67799 0
57 5.5722e+07 145986 0.999766 5.24816e-05 1e+06 0.221131 0.127706 4.91246 0.0575406 0.0201603 0.00122455 0 0 977683 2554.97 5.57279e+07 145632 3.19609e-05 7.39691e-05 1.33865 0.688292 27100.4 341.425 2145.08 141.171 77123.7 348.338 106369 578.061 0.00521871 7.49102e-05 269.865 26.0559 2202.37 169.554 1.72956 0
58 5.67004e+07 143254 0.999807 4.23039e-05 1e+06 0.231145 0.123715 4.93365 0.0437261 0.015082 0.00100469 0 0 977650 2464.58 5.67037e+07 142948 1.23059e-05 5.03798e-05 1.03797 0.509426 26046.5 326.036 1556.8 109.316 75594.2 352.79 103197 428.127 0.00490738 6.99229e-05 270.872 26.3608 1515.78 147.594 1.72545 0
59 5.76447e+07 136872 0.999879 2.97547e-05 1e+06 0.241456 0.127003 4.9536 0.0321932 0.0102923 0.000962867 0 0 977051 2314.98 5.7646e+07 136585 2.31315e-06 1.78261e-05 0.767848 0.405433 25181.8 354.234 1031.44 99.7681 73972.6 399.801 100186 346.959 0.00464083 7.20062e-05 278.543 23.4198 949.051 112.641 1.74023 0
60 5.8261e+07 111950 0.999936 2.02793e-05 1e+06 0.251242 0.137533 4.96027 0.0303089 0.00703459 0.000699595 0 0 971021 1862.58 5.82612e+07 111755 0 0 0.740067 0.366628 24664.7 851.917 687.303 69.9357 72328.5 977.909 97680.5 265.739 0.00447397 0.000150073 352.416 22.2077 594.172 75.6575 1.98964 0
61 5.85053e+07 105252 0.999961 1.52881e-05 1e+06 0.257731 0.124089 4.95099 0.0352213 0.00564367 0.000549504 0 0 959099 1722.34 5.8505e+07 105068 6.16524e-07 6.10328e-06 0.645802 0.322929 24686.6 1339.66 540.333 53.5315 70499.4 1485.1 95726.3 220.298 0.0044422 0.000237096 498.029 23.391 443.192 59.8735 2.47591 0
62 5.85805e+07 74521.1 0.999967 1.00745e-05 1e+06 0.26187 0.109071 4.93988 0.0352779 0.00521119 0.000439861 0 0 944839 1198.97 5.858e+07 74333.9 4.63102e-05 8.1494e-05 0.731997 0.336688 24726.2 1034.89 490.424 42.0894 68882.4 1152.85 94099.1 179.856 0.00443486 0.00018289 671.186 20.0064 388.778 45.7835 3.14376 0
63 5.86268e+07 87299.1 0.999972 7.76414e-06 1e+06 0.265823 0.0969926 4.92785 0.0369527 0.00488313 0.000411681 0 0 930573 1386.01 5.86261e+07 87322 0.000776144 0.000406654 0.674363 0.340239 25079.3 1341.03 451.747 38.6801 66970.5 1479.37 92501.6 184.005 0.00448705 0.000235687 836.389 17.8319 347.768 42.8921 3.80978 0
64 5.86649e+07 82943.2 0.999974 7.53013e-06 1e+06 0.269741 0.0869893 4.92156 0.0394151 0.00464289 0.000377543 0 0 916625 1295.34 5.8664e+07 82900.7 0.00549684 0.001064 0.537248 0.247818 25183.5 1227.65 422.586 34.879 65402.8 1363.3 91008.9 172.886 0.00449652 0.000216023 948.816 8.2671 316.313 37.2563 4.46885 0
65 5.87117e+07 83848.6 0.999974 7.87536e-06 1e+06 0.274719 0.0862176 4.92821 0.0378754 0.00455828 0.000396898 0 0 903243 1290.73 5.87108e+07 83902.7 0.016218 0.00148746 0.637296 0.289494 24913.1 1210.17 408.616 36.1002 64311 1341.54 89632.7 172.894 0.00444383 0.000212946 980.657 1.96033 294.737 35.2333 5.06112 0
66 5.87369e+07 75987.5 0.999976 7.19404e-06 1e+06 0.278232 0.0662108 4.9195 0.0375265 0.00445086 0.00043325 0 0 889936 1148.94 5.87358e+07 75832.8 0.0292688 0.00152591 0.580502 0.313558 25126.9 1187.48 392.859 38.8543 62733.1 1322.12 88252.9 181.605 0.00447613 0.000208466 983.921 0.745029 279.162 38.9931 5.55432 0
67 5.87732e+07 69849.3 0.999976 6.94171e-06 1e+06 0.283298 0.0548864 4.92733 0.0375097 0.00440736 0.000350448 0 0 877195 1041.7 5.8772e+07 69794 0.0419744 0.00130952 0.532791 0.25196 24831.7 1123.76 383.354 30.967 61756.4 1253.67 86971.5 164.345 0.00442048 0.000197432 984.436 0.766917 266.172 32.4486 5.96606 0
68 5.87772e+07 72114.6 0.999977 6.29113e-06 1e+06 0.286014 0.045428 4.91191 0.040015 0.00424444 0.00035152 0 0 864354 1060.52 5.8776e+07 72120.1 0.0547694 0.00143312 0.505496 0.252159 25274.6 1302.18 363.444 30.6868 59979.3 1446.77 85617.4 175.078 0.00449317 0.000226464 985.068 0.664415 242.384 29.7303 6.31482 0
69 5.88153e+07 69073.9 0.999976 6.10064e-06 1e+06 0.291278 0.0420232 4.92168 0.0392422 0.00425937 0.000319056 0 0 852377 1001.17 5.8814e+07 69077.8 0.066712 0.00142079 0.538135 0.260712 24896.2 1157.74 359.707 27.3692 59187.3 1277.09 84443.2 149.242 0.00442294 0.000203191 985.473 0.617529 232.717 27.8445 6.61565 0
70 5.88309e+07 73461.9 0.999976 7.32859e-06 1e+06 0.295611 0.0386131 4.92092 0.0410796 0.0042247 0.000339238 0 0 840423 1047.06 5.88296e+07 73295.7 0.0786544 0.00132895 0.498124 0.233078 24944.2 1191.5 351.687 28.6655 57941.4 1315.76 83237.3 153.235 0.00442911 0.000209579 985.788 0.618343 222.657 29.8272 6.88693 0
