#1-sta 2-avgThroughput 3-stdThroughput 4-JFI 5-stdJFI 6-Bandwidth 7-avgDelay 8-stdDelay 9-avgBackoffStage 10-stdBackoffStage 11-totalFractionOfCollisionSlots 12.stdCollidingSlots 13.avgThroughputDCF 14. stdThroughputDCF 15.avgThroughputECA 16.stdThroughputECA 17.Sum of 15 and 16 18. std of 17 19. AvgBlockingProb 20. StdBlockingProb 21. AvgDroppedPackets 22.StdDropped 23.SxSlots 24.stdSxSlots 25.ColSlots 26.StdColSlots 27.EmptySlots 28.stdEmpty 29.totalSlots 30.stdTotalSlots 31.averageTAU 32.stdTAU 33.avgQSize 34.stdQSize 35.avgQEmpty 36.stdQEmpty 37. avgQDelay 38. stdQDelay
2 2.00181e+06 10222.8 0.999968 4.38759e-05 1e+06 0.000261465 6.2186e-07 0 0 4.31475e-06 8.74731e-07 0 0 1.0009e+06 5110.25 2.0018e+06 10219.5 0 0 0 0 24436.2 124.798 25.3838 5.14577 5.85862e+06 2001.21 5.88308e+06 1876.36 0.00208114 1.13463e-05 0.0555556 0.157135 23622.9 116.464 0.000277808 0
3 3.0006e+06 12222.2 0.999937 6.13081e-05 1e+06 0.000264696 8.12802e-07 0 0 1.92187e-05 1.8341e-06 0 0 1.0002e+06 4075.29 3.00059e+06 12225.6 0 0 0 0 36628.4 149.195 109.525 10.4431 5.6622e+06 2421.3 5.69893e+06 2269.41 0.00215523 9.86535e-06 0.026936 0.0908466 35376.4 138.319 0.000285197 0
4 4.00011e+06 14888.3 0.999935 4.5779e-05 1e+06 0.000269511 9.38724e-07 0 0 5.2033e-05 3.23638e-06 0 0 1.00002e+06 3721.77 4.0001e+06 14888.5 0 0 0 0 48829.4 181.739 286.869 17.7983 5.46414e+06 2977.92 5.51326e+06 2791.9 0.00224029 9.85253e-06 0.0378788 0.108733 47110.7 169.713 0.000294431 0
5 5.00132e+06 19025.9 0.999937 4.66515e-05 1e+06 0.000276145 1.18159e-06 0 0 0.000110349 5.48013e-06 0 0 1.00026e+06 3805.64 5.00131e+06 19026.6 0 0 0 0 61051.3 232.255 587.646 29.0539 5.26378e+06 3834.82 5.32542e+06 3595.36 0.00233728 1.09743e-05 0.0383838 0.105128 58823.9 217.19 0.000305684 0
6 6.00007e+06 21797.6 0.999928 4.38945e-05 1e+06 0.000284768 1.28838e-06 0.003367 0.0333316 0.000202559 6.38704e-06 0 0 1.00001e+06 3633.17 6.00006e+06 21798 0 0 0 0 73243.1 266.086 1040.28 32.5086 5.06147e+06 4408.38 5.13575e+06 4132.12 0.00244519 1.13302e-05 0.0420876 0.083227 70454.1 251.816 0.000319313 0
7 7.00094e+06 22602 0.99993 4.02656e-05 1e+06 0.000295732 1.81682e-06 0 0 0.000339889 1.05982e-05 0 0 1.00013e+06 3228.47 7.00093e+06 22601.1 0 0 0 0 85460.7 275.902 1680.01 51.6048 4.85575e+06 4779.03 4.94289e+06 4480.26 0.00256859 1.18267e-05 0.025974 0.0587214 82059.8 257.658 0.000335716 0
8 8.00032e+06 25145.8 0.999932 3.56186e-05 1e+06 0.000309661 2.05486e-06 0.00757576 0.042855 0.000536451 1.20133e-05 0 0 1.00004e+06 3142.69 8.0003e+06 25140.7 0 0 0 0 97660.1 306.953 2546.44 55.4796 4.6467e+06 5352.75 4.7469e+06 5017.41 0.0027086 1.26356e-05 0.0467172 0.0862846 93560.9 283.226 0.000355695 0
9 9.00101e+06 27964.1 0.99993 3.14601e-05 1e+06 0.000326722 2.52148e-06 0.006734 0.0346654 0.00080378 1.66968e-05 0 0 1.00011e+06 3106.37 9.00099e+06 27958.2 0 0 0 0 109876 341.352 3654.77 73.2677 4.43352e+06 6033.05 4.54705e+06 5655.69 0.00286809 1.38898e-05 0.047138 0.0707871 104989 307.966 0.000379579 0
10 1.00015e+07 29487 0.999929 3.11172e-05 1e+06 0.000348046 3.13255e-06 0.0151515 0.057496 0.00116606 2.18957e-05 0 0 1.00015e+06 2948.26 1.00015e+07 29482.6 0 0 0 0 122089 359.969 5063.75 90.2765 4.21556e+06 6585 4.34271e+06 6173.92 0.00305174 1.53858e-05 0.0505051 0.0833318 116280 324.875 0.000408939 0
11 1.10012e+07 30224.6 0.99993 3.02056e-05 1e+06 0.000374322 4.76651e-06 0.0183655 0.0500101 0.00163789 2.59894e-05 0 0 1.00011e+06 2747.44 1.10012e+07 30222.2 0 0 0 0 134292 368.94 6771.03 101.456 3.99299e+06 6644.68 4.13406e+06 6229.13 0.00326173 1.55317e-05 0.0615243 0.0845609 127410 334.807 0.000445589 0
12 1.20021e+07 30383.5 0.999928 3.30183e-05 1e+06 0.000407532 7.18942e-06 0.026936 0.078414 0.00226324 3.58571e-05 0 0 1.00017e+06 2531.77 1.2002e+07 30380.4 0 0 0 0 146509 370.872 8870.16 128.897 3.76393e+06 7260.99 3.91931e+06 6807.51 0.00350788 1.80435e-05 0.0656566 0.0864507 138338 318.285 0.000492509 0
13 1.30015e+07 30358 0.999922 3.03727e-05 1e+06 0.00045149 5.13195e-05 0.038073 0.105649 0.00307044 3.62324e-05 0 0 1.00011e+06 2335.1 1.30015e+07 30357.7 0 0 0 0 158709 370.571 11357.4 118.368 3.52893e+06 7154.08 3.699e+06 6707.26 0.00379508 1.82463e-05 0.076923 0.11519 148933 299.407 0.00057322 0
14 1.40014e+07 31289.3 0.999927 2.8866e-05 1e+06 0.000517915 0.0003562 0.0692641 0.116401 0.00412057 5.09514e-05 0 0 1.0001e+06 2234.13 1.40013e+07 31278.9 0 0 0.000721501 0.0071425 170915 381.917 14305.1 153.714 3.28648e+06 7704.17 3.4717e+06 7222.09 0.00413576 2.14274e-05 0.140693 0.280885 158911 440.622 0.000860863 0
15 1.49928e+07 30709 0.999924 2.59008e-05 1e+06 0.000879575 0.0281767 0.357576 0.255218 0.00512012 0.000221014 0 0 999519 2047.41 1.49928e+07 30709.1 0 0 0.0013468 0.00937939 183018 374.904 16662.8 670.502 3.05511e+06 11742.3 3.25479e+06 11009.1 0.00446883 4.51605e-05 7.39731 7.0635 162203 4115.85 0.0289122 0
16 1.58517e+07 28054.1 0.999649 8.69077e-05 1e+06 0.00203109 0.0780844 1.35732 0.26082 0.00509091 0.000373686 0 0 990728 1753.37 1.58516e+07 28052 4.09611e-07 4.05494e-06 0.00126263 0.00879317 193502 342.459 15826.9 1078.04 2.90074e+06 18243.8 3.11007e+06 17103.8 0.00455646 7.27524e-05 113.417 15.111 147130 6478.55 0.429237 0
17 1.65805e+07 25698.3 0.998723 0.000244711 1e+06 0.00303199 0.0925598 2.01842 0.284469 0.00500781 0.000466073 0 0 975320 1511.47 1.65804e+07 25694.5 0.00117529 0.00106727 0.000594177 0.00588205 202398 313.702 14961.9 1294.48 2.77224e+06 22040.6 2.9896e+06 20663.5 0.00459805 8.78999e-05 285.643 21.1071 134275 7709.21 1.1663 0
18 1.72156e+07 25530.3 0.997344 0.000473982 1e+06 0.00391471 0.128133 2.51178 0.281101 0.00489367 0.000516578 0 0 956422 1418.41 1.72156e+07 25534.3 0.00864265 0.00258266 0.0016835 0.00952333 210152 311.629 14112.1 1381.77 2.66178e+06 23729 2.88604e+06 22245.9 0.00461164 9.4317e-05 425.896 36.8307 123043 8156.19 2.01896 0
19 1.77763e+07 22249.1 0.995567 0.000715599 1e+06 0.00469807 0.140439 2.874 0.25178 0.00475912 0.000550589 0 0 935590 1170.28 1.77762e+07 22238.5 0.0216429 0.00315958 0.0015949 0.0090221 216995 271.513 13292.5 1431.96 2.5654e+06 24528 2.79569e+06 22994.9 0.00460518 9.69505e-05 521.827 39.1454 113386 8399.1 2.84076 0
20 1.82878e+07 19460.1 0.993729 0.00116768 1e+06 0.00543289 0.144152 3.21566 0.28075 0.0045814 0.00056957 0 0 914387 972.541 1.82877e+07 19455.8 0.0363379 0.00377828 0.000505051 0.00499974 223240 237.521 12425.9 1443.15 2.47936e+06 23990.9 2.71502e+06 22491.6 0.00458555 9.51722e-05 601.235 45.9795 103920 8657.64 3.57879 0
21 1.87484e+07 18607.2 0.992051 0.00142385 1e+06 0.00611458 0.142636 3.49832 0.258377 0.00433633 0.000546698 0 0 892780 885.604 1.87484e+07 18602.2 0.0527768 0.00398328 0.001924 0.00937642 228863 227.073 11459.2 1358.72 2.40485e+06 22021.5 2.64518e+06 20645.4 0.00454637 8.68527e-05 664.328 42.1873 94896.9 8153.84 4.26122 0
22 1.91764e+07 13551 0.990865 0.00163584 1e+06 0.00677127 0.138727 3.76446 0.237324 0.00401593 0.000540711 0 0 871650 615.482 1.91763e+07 13543.9 0.0687686 0.00368404 0.00229568 0.0118667 234086 165.38 10363.6 1315.29 2.3388e+06 21003 2.58325e+06 19690.5 0.00449488 8.26487e-05 726.35 40.3826 85305.7 7857.01 4.90442 0
23 1.95747e+07 14510.8 0.989343 0.00219167 1e+06 0.00733034 0.162195 3.94905 0.239503 0.00382653 0.00064637 0 0 851072 630.834 1.95747e+07 14513.2 0.0861887 0.00394437 0.00219587 0.00952108 238949 177.082 9632.81 1542.57 2.2727e+06 24793.5 2.52128e+06 23243.5 0.00446272 9.64416e-05 764.497 43.9934 78332.2 9406.41 5.47001 0
24 1.99435e+07 12972.7 0.988118 0.00226869 1e+06 0.00782274 0.135263 4.11069 0.192739 0.00367965 0.000541253 0 0 830978 540.696 1.99435e+07 12975.7 0.10325 0.00361166 0.0016835 0.00820438 243451 158.356 9051.1 1263.07 2.20997e+06 19692 2.46247e+06 18460.5 0.004434 7.70061e-05 801.592 36.4513 72615.1 7586.23 5.95926 0
25 2.02901e+07 11920.2 0.98683 0.00224376 1e+06 0.00830178 0.12241 4.2396 0.186536 0.00352574 0.000511957 0 0 811600 476.756 2.029e+07 11921.7 0.120591 0.00296098 0.00161616 0.00971379 247681 145.519 8479.75 1172.12 2.15143e+06 18422.3 2.40759e+06 17270.8 0.00440398 7.14798e-05 827.176 31.9323 67110.8 6970.21 6.43844 0
26 2.06183e+07 11541.2 0.985759 0.00252909 1e+06 0.00875118 0.118343 4.3411 0.165781 0.00335811 0.000508117 0 0 793011 444.25 2.06183e+07 11547.4 0.137335 0.00280149 0.0027195 0.00985902 251689 140.958 7903.76 1142.59 2.09652e+06 17612.5 2.35612e+06 16511.4 0.0043728 6.83169e-05 849.322 29.4821 62037.6 6871.47 6.87842 0
27 2.09294e+07 10014.5 0.985859 0.00282233 1e+06 0.00920832 0.114938 4.47475 0.143913 0.00307888 0.00052074 0 0 775160 370.649 2.09293e+07 10011.3 0.152684 0.00273942 0.00411522 0.0127747 255485 122.301 7106.91 1150.77 2.04853e+06 17999.2 2.31112e+06 16874.7 0.00432731 6.91739e-05 879.658 27.2985 55463.7 6990.72 7.31218 0
28 2.12253e+07 10674.9 0.986245 0.00291391 1e+06 0.00965209 0.107958 4.56566 0.139822 0.00276004 0.000481907 0 0 758045 381.374 2.12253e+07 10682.3 0.168101 0.00279602 0.00613276 0.0168668 259098 130.322 6257.2 1052.4 2.00432e+06 16022.1 2.26967e+06 15020.8 0.00427815 6.12811e-05 900.155 25.5446 48894.8 6700.8 7.73748 0
29 2.15017e+07 9723.03 0.985371 0.00382744 1e+06 0.0100094 0.123477 4.61686 0.146536 0.0027298 0.000586351 0 0 741437 335.59 2.15017e+07 9732.88 0.183695 0.00260034 0.00557298 0.0144622 262472 118.753 6055.25 1250.36 1.95357e+06 19413.5 2.22209e+06 18199.5 0.00426518 7.41887e-05 912.761 26.8739 46077.1 7887.37 8.08134 0
30 2.17704e+07 9604.2 0.985773 0.00405412 1e+06 0.0103906 0.104511 4.69529 0.120511 0.00251665 0.000534257 0 0 725679 320.024 2.17704e+07 9600.5 0.198178 0.00229991 0.0053872 0.0147611 265752 117.264 5481.36 1123.91 1.91027e+06 17493.3 2.1815e+06 16399.8 0.00423177 6.62442e-05 928.634 25.8604 41280.4 7485.91 8.44338 0
31 2.2024e+07 9185.04 0.98658 0.0036985 1e+06 0.0107604 0.0795483 4.7465 0.116624 0.00228026 0.000427268 0 0 710449 296.398 2.20239e+07 9187.93 0.212315 0.00221458 0.00977518 0.0191553 268847 112.132 4883.46 885.772 1.87031e+06 13845.4 2.14404e+06 12980.6 0.00419473 5.2157e-05 941.515 22.832 36498 6049.82 8.79088 0
32 2.22665e+07 9002.84 0.986773 0.00394008 1e+06 0.0110865 0.0860779 4.79703 0.104769 0.00219473 0.000470686 0 0 695825 281.267 2.22664e+07 9001.66 0.225955 0.00193916 0.00662879 0.0161818 271807 109.854 4610.69 957.603 1.82732e+06 14694.4 2.10373e+06 13776.8 0.00417724 5.57578e-05 952.73 19.9243 33642.3 6415.68 9.09644 0
33 2.25009e+07 10431 0.987479 0.004397 1e+06 0.0114202 0.0819983 4.84205 0.0987135 0.0020222 0.000472991 0 0 681844 315.808 2.25008e+07 10424.3 0.239217 0.001924 0.00795837 0.0170039 274669 127.269 4174.23 947.75 1.78851e+06 14470.1 2.06735e+06 13565.3 0.00415082 5.48477e-05 961.43 19.5342 30041.2 6368.03 9.40556 0
34 2.27231e+07 9869.42 0.988523 0.00445289 1e+06 0.0117513 0.0725416 4.86334 0.0893004 0.00183365 0.000445897 0 0 668326 290.31 2.27231e+07 9867.59 0.252212 0.00193836 0.00831848 0.0177559 277382 120.471 3723 881.946 1.75233e+06 13518.4 2.03343e+06 12674.1 0.00412188 5.09808e-05 967.796 17.2364 26242.7 6109.68 9.71339 0
35 2.29393e+07 8957.36 0.988035 0.0050194 1e+06 0.0120407 0.0700052 4.88167 0.0886002 0.00181146 0.000473226 0 0 655407 255.804 2.29393e+07 8954.71 0.264912 0.00184596 0.012987 0.0187301 280021 109.326 3608.57 920.92 1.71193e+06 14353.4 1.99556e+06 13455.8 0.00411454 5.39551e-05 970.656 17.6757 24986.5 6387.83 9.97715 0
36 2.31461e+07 9146.19 0.989705 0.00485682 1e+06 0.0123549 0.0634641 4.91133 0.0865615 0.00160656 0.000425088 0 0 642945 253.895 2.3146e+07 9138.39 0.27674 0.00161219 0.00925927 0.0167506 282545 111.62 3151.18 815.98 1.67887e+06 12681.2 1.96456e+06 11888.8 0.00408587 4.76035e-05 978.348 16.5576 21259.1 5811.43 10.2613 0
37 2.33447e+07 10123.7 0.990415 0.00442153 1e+06 0.0126403 0.0438292 4.92356 0.0722827 0.00151594 0.000353084 0 0 630936 273.604 2.33446e+07 10124.5 0.288448 0.00149928 0.011739 0.0192693 284969 123.589 2924.9 668.439 1.6437e+06 10057.3 1.93159e+06 9428.29 0.00407068 3.80313e-05 982.104 14.1718 19254.5 4736.97 10.5211 0
38 2.35369e+07 9209.68 0.991014 0.00502801 1e+06 0.0129263 0.0476728 4.93647 0.0701769 0.00141746 0.00039358 0 0 619391 242.357 2.35369e+07 9211.99 0.299828 0.00152797 0.0124934 0.0184546 287316 112.399 2688.97 732.129 1.60993e+06 11248.5 1.89993e+06 10545 0.00405552 4.24961e-05 984.214 14.3616 17239.8 5183.86 10.7777 0
39 2.37218e+07 8862.94 0.992628 0.0047757 1e+06 0.0132024 0.0472449 4.96374 0.0572804 0.0013063 0.000366571 0 0 608249 227.195 2.37217e+07 8859.05 0.310482 0.0012823 0.013468 0.0179814 289572 108.214 2439.08 672.553 1.57782e+06 10244.8 1.86984e+06 9604.59 0.00403911 3.8806e-05 990.386 11.6457 14963.3 4835.31 11.024 0
40 2.3902e+07 9098.4 0.993571 0.00490425 1e+06 0.0134845 0.0375094 4.97247 0.0545291 0.00117233 0.000376386 0 0 597550 227.328 2.3902e+07 9092.81 0.321024 0.00121887 0.014899 0.0194362 291773 111.029 2154.9 680.805 1.54716e+06 9906.77 1.84109e+06 9287.6 0.00402171 3.8086e-05 992.307 11.0541 12824.2 4626.9 11.2712 0
41 2.40751e+07 9375.5 0.994121 0.0043511 1e+06 0.0137519 0.03665 4.98152 0.0437253 0.00111306 0.000323487 0 0 587197 228.447 2.40751e+07 9378.75 0.331253 0.00109158 0.0142892 0.021928 293886 114.466 2013.82 577.543 1.51561e+06 8413.05 1.81151e+06 7887.38 0.00401222 3.22634e-05 994.102 9.31166 11545.1 4000.38 11.5057 0
42 2.42432e+07 8205.03 0.994746 0.00392689 1e+06 0.0140087 0.0349077 4.98918 0.0342245 0.00106546 0.000294708 0 0 577217 195.404 2.42431e+07 8206.35 0.341044 0.000943353 0.0175565 0.0218233 295937 100.129 1897.12 518.166 1.48466e+06 7542 1.78249e+06 7070.36 0.00400468 2.90688e-05 996.52 7.03419 10576.9 3569.47 11.731 0
43 2.44068e+07 8992.62 0.995773 0.00397304 1e+06 0.0142783 0.027192 4.99295 0.0277452 0.000941818 0.000294869 0 0 567598 209.113 2.44067e+07 8992.82 0.350641 0.00100948 0.0171482 0.0218224 297935 109.766 1652.11 510.922 1.45662e+06 7041.55 1.75621e+06 6601.99 0.00398999 2.76333e-05 996.897 6.53752 8762.09 3350.42 11.9643 0
44 2.4563e+07 10152.4 0.995879 0.00463682 1e+06 0.0145348 0.0241568 4.98875 0.0336294 0.000923817 0.000330326 0 0 558249 230.81 2.4563e+07 10157.5 0.36004 0.0010484 0.0146924 0.0180762 299842 123.925 1594.47 562.631 1.42703e+06 7558.68 1.72846e+06 7086.13 0.00398548 3.00371e-05 996.352 7.30334 8123.1 3569.4 12.1871 0
45 2.47161e+07 10308 0.99666 0.00364187 1e+06 0.0147872 0.0220841 4.99776 0.0156322 0.00086606 0.000297108 0 0 549245 229.07 2.4716e+07 10311.7 0.368889 0.000966258 0.0152637 0.0188579 301710 125.834 1472.48 499.249 1.39908e+06 6501.61 1.70227e+06 6095.43 0.00397803 2.60886e-05 998.146 4.52338 7220.09 3046.08 12.4027 0
46 2.48647e+07 9466.07 0.997217 0.00322348 1e+06 0.0150436 0.0198043 5 0 0.000798261 0.000282918 0 0 540535 205.763 2.48646e+07 9465.06 0.37756 0.000819454 0.0226175 0.0235153 303524 115.533 1337.17 468.695 1.37223e+06 6053.42 1.67709e+06 5675.04 0.00396994 2.44927e-05 998.929 2.4825 6231.17 2801.24 12.6216 0
47 2.50106e+07 10188.2 0.998063 0.00213562 1e+06 0.0152946 0.0189865 5 0 0.000716558 0.000245432 0 0 532139 216.643 2.50105e+07 10182.5 0.385926 0.000793662 0.0255749 0.0226264 305305 124.35 1183.16 401.691 1.34619e+06 4795.02 1.65268e+06 4495.34 0.00396178 1.98231e-05 999.189 1.16647 5224.95 2201.96 12.8336 0
48 2.51485e+07 10601.7 0.997729 0.00308938 1e+06 0.0155457 0.0174418 4.99895 0.0104165 0.000721412 0.000265539 0 0 523926 220.921 2.51485e+07 10606.2 0.39416 0.000776829 0.0214646 0.0220508 306989 129.434 1172.89 427.735 1.31942e+06 5204.55 1.62758e+06 4879.19 0.00396038 2.15225e-05 998.849 2.9352 5059.77 2384.08 13.0432 0
49 2.52885e+07 11278.8 0.998752 0.0018803 1e+06 0.0158002 0.0148681 5 0 0.000587769 0.000244422 0 0 516090 230.029 2.52884e+07 11277.5 0.401943 0.00075259 0.0237065 0.0229699 308697 137.608 942.626 388.824 1.29577e+06 4423.31 1.60541e+06 4147.33 0.00394894 1.86687e-05 999.347 0.102515 3675.78 1946.29 13.2539 0
50 2.54301e+07 43281.4 0.997518 0.00589884 1e+06 0.0160549 0.0205631 4.99859 0.00651495 0.000550514 0.000190751 0 0 508600 865.609 2.543e+07 43277.6 0.409556 0.000781481 0.0226263 0.0213951 310426 528.335 869.919 300.298 1.26928e+06 7677.35 1.58057e+06 7197.23 0.00395086 2.52269e-05 998.108 5.1882 3230.66 1444.89 13.4557 0
51 2.55536e+07 24913 0.998024 0.00441891 1e+06 0.0162981 0.0155357 4.99901 0.00429427 0.000538178 0.000187213 0 0 501050 488.383 2.55535e+07 24905 0.417078 0.000721798 0.0253515 0.0221649 311934 304.059 838.121 289.297 1.24566e+06 5757.24 1.55843e+06 5397.21 0.00394657 2.06945e-05 998.39 3.92437 3008.72 1349.44 13.6616 0
52 2.5693e+07 42185.9 0.995799 0.00710298 1e+06 0.0165589 0.0165189 4.99612 0.00772094 0.00049633 0.000154051 0 0 494096 811.206 2.5693e+07 42182 0.42417 0.000813029 0.02331 0.0199502 313636 514.937 760.949 234.572 1.21966e+06 8724.4 1.53406e+06 8178.88 0.00395166 2.92498e-05 996.81 5.18934 2521.43 1063.99 13.8633 0
53 2.58201e+07 49408.5 0.994901 0.00797174 1e+06 0.0168071 0.0151965 4.99504 0.00872631 0.000479963 0.000146082 0 0 487171 932.267 2.58201e+07 49407.7 0.4311 0.000964298 0.0255384 0.0234272 315187 603.138 725.141 219.727 1.19541e+06 9573.69 1.51132e+06 8975.18 0.00395395 3.17659e-05 996.807 4.58725 2338.05 980.277 14.0637 0
54 2.59568e+07 75320.9 0.992387 0.0104395 1e+06 0.0170698 0.0131383 4.99196 0.0126677 0.000416272 0.00012261 0 0 480680 1394.95 2.59567e+07 75322.8 0.437604 0.00140998 0.0317995 0.0242726 316856 919.486 619.707 183.044 1.1704e+06 13739.9 1.48788e+06 12880.6 0.00396021 4.57957e-05 996.56 3.93496 1811.82 791.153 14.2648 0
55 2.60657e+07 62857.6 0.993326 0.00948131 1e+06 0.0173091 0.0124779 4.99302 0.0105623 0.000392613 0.00010871 0 0 473920 1142.83 2.60656e+07 62855.1 0.444252 0.00117801 0.0328742 0.0229223 318184 767.34 576.747 160.028 1.14983e+06 11613.6 1.46859e+06 10887.6 0.00395457 3.84788e-05 998.012 2.27513 1562.08 592.809 14.466 0
56 2.61864e+07 67353.9 0.991841 0.00998532 1e+06 0.0175619 0.0111126 4.99134 0.0111691 0.000371981 0.000115548 0 0 467613 1202.79 2.61863e+07 67350.4 0.450489 0.00144163 0.0313853 0.0267515 319658 822.219 538.586 168.134 1.12685e+06 12211.9 1.44705e+06 11448.8 0.00395906 4.06206e-05 998.861 1.07304 1337.61 619.665 14.6676 0
57 2.62956e+07 61712.2 0.991388 0.00953355 1e+06 0.0178068 0.0152291 4.99096 0.0103896 0.000372917 0.000101158 0 0 461326 1082.58 2.62956e+07 61704 0.456732 0.00121004 0.0288854 0.0227604 320992 753.285 532.444 145.347 1.10562e+06 11265.2 1.42714e+06 10561.1 0.00396008 3.77303e-05 999.326 0.460612 1294.23 530.642 14.8688 0
58 2.64137e+07 77378 0.98952 0.0112552 1e+06 0.0180618 0.0189511 4.98868 0.0130041 0.000353021 0.000111897 0 0 455408 1334.16 2.64136e+07 77381.4 0.46263 0.00152501 0.0318704 0.0247937 322433 944.538 496.869 158.619 1.08313e+06 14012.7 1.40606e+06 13136 0.00396714 4.77328e-05 999.395 0.363899 1127.93 552.253 15.0683 0
59 2.65086e+07 80400.2 0.990515 0.0116826 1e+06 0.018299 0.0254323 4.98973 0.0140101 0.000357999 0.000109558 0 0 449297 1362.69 2.65085e+07 80400.8 0.46876 0.00147868 0.0359528 0.0243627 323591 981.447 497.374 152.45 1.06459e+06 15100.8 1.38868e+06 14157.1 0.00396297 5.28639e-05 999.464 0.0992214 1110.37 524.532 15.2662 0
60 2.66155e+07 73299.3 0.989372 0.0110761 1e+06 0.0185492 0.0271774 4.98855 0.0128989 0.000335024 9.34958e-05 0 0 443591 1221.56 2.66154e+07 73291.7 0.474469 0.00142439 0.037037 0.0229129 324896 894.764 459.03 128.539 1.04432e+06 13850.9 1.36968e+06 12985.6 0.00396587 4.86737e-05 999.457 0.0953258 934.99 409.465 15.4633 0
61 2.67071e+07 78828.5 0.990409 0.0115659 1e+06 0.018786 0.0289747 4.98957 0.0136769 0.000320451 8.32387e-05 0 0 437821 1292.28 2.67071e+07 78822 0.480228 0.00142199 0.0346084 0.0242023 326015 962.279 434.121 114.084 1.02682e+06 14517.6 1.35327e+06 13610.4 0.00396115 5.12785e-05 999.476 0.0817725 818.222 356.428 15.6549 0
62 2.68057e+07 79712 0.989889 0.0120251 1e+06 0.0190322 0.0330146 4.98892 0.0140667 0.000305647 7.74231e-05 0 0 432349 1285.61 2.68057e+07 79705.5 0.485679 0.00137798 0.0391007 0.0260467 327218 973.051 408.515 104.447 1.00798e+06 14987 1.3356e+06 14050.2 0.00396282 5.34788e-05 999.481 0.087621 699.081 295.999 15.8478 0
63 2.69165e+07 103734 0.987157 0.0145789 1e+06 0.0192918 0.0448471 4.98541 0.0186969 0.00030063 7.43603e-05 0 0 427244 1646.68 2.69164e+07 103737 0.490797 0.00173778 0.040404 0.0235838 328570 1266.24 396.141 99.9509 986546 19385.5 1.31551e+06 18174.4 0.00397591 7.11217e-05 999.496 0.0827709 653.495 274.59 16.049 0
64 2.69973e+07 103240 0.988649 0.0142633 1e+06 0.0195254 0.0480142 4.98706 0.0191095 0.000287269 7.23172e-05 0 0 421832 1613.14 2.69972e+07 103243 0.496218 0.00168274 0.0380366 0.0233095 329557 1260.29 374.273 96.0611 971109 19456.4 1.30104e+06 18240.2 0.0039687 7.31247e-05 999.493 0.0817343 580.566 284.071 16.2354 0
65 2.70974e+07 98009.5 0.986527 0.0142768 1e+06 0.0197814 0.048246 4.98477 0.018097 0.000279099 6.4884e-05 0 0 416882 1507.82 2.70973e+07 98016.5 0.501152 0.00165603 0.037296 0.0234587 330779 1196.38 358.444 84.6735 951814 18597.3 1.28295e+06 17435.1 0.00397697 6.95389e-05 999.495 0.0698779 509.636 229.939 16.4315 0
66 2.71885e+07 109274 0.985474 0.0157094 1e+06 0.0200316 0.0560803 4.98332 0.0201435 0.000289389 8.0119e-05 0 0 411947 1655.85 2.71885e+07 109287 0.506099 0.00175719 0.0376492 0.0232307 331891 1333.96 367.152 103.922 933870 20437.4 1.26613e+06 19160 0.00398252 7.70078e-05 999.534 0.0657631 510.222 258.528 16.6272 0
67 2.72824e+07 118636 0.984146 0.0167863 1e+06 0.0202833 0.0632859 4.98145 0.0223592 0.000273895 6.4296e-05 0 0 407199 1770.68 2.72823e+07 118637 0.510849 0.00172601 0.0405548 0.0243768 333037 1448.22 342.929 83.3561 915928 22358.6 1.24931e+06 20960.7 0.0039893 8.57359e-05 999.505 0.0784087 443.212 214.99 16.8193 0
68 2.73442e+07 97216.9 0.98675 0.0144321 1e+06 0.0205075 0.0546178 4.985 0.0183395 0.000279547 7.37008e-05 0 0 402119 1429.61 2.73441e+07 97212.8 0.515926 0.00147509 0.04694 0.0251413 333791 1186.76 346.545 93.0912 903798 18320.2 1.23794e+06 17175.3 0.00397537 7.02518e-05 999.534 0.0687389 429.283 236.36 16.9979 0
69 2.7447e+07 123303 0.983366 0.0172302 1e+06 0.0207753 0.0719449 4.98038 0.0240501 0.000271101 6.86473e-05 0 0 397782 1786.9 2.7447e+07 123300 0.520263 0.0018209 0.0440638 0.023838 335047 1505.08 331.162 85.8953 883958 23445.2 1.21934e+06 21979.4 0.00399278 9.27824e-05 999.535 0.0773519 378.646 199.086 17.1984 0
70 2.75218e+07 139085 0.98415 0.0189967 1e+06 0.0210142 0.0835404 4.98066 0.0275658 0.000269561 7.23019e-05 0 0 393167 1986.99 2.75217e+07 139087 0.524881 0.0019974 0.0464646 0.0234469 335959 1697.8 325.828 90.3005 869443 26423 1.20573e+06 24771.4 0.00399138 0.000106462 999.544 0.0773913 345.475 213.724 17.383 0
