#1-sta 2-avgThroughput 3-stdThroughput 4-JFI 5-stdJFI 6-Bandwidth 7-avgDelay 8-stdDelay 9-avgBackoffStage 10-stdBackoffStage 11-totalFractionOfCollisionSlots 12.stdCollidingSlots 13.avgThroughputDCF 14. stdThroughputDCF 15.avgThroughputECA 16.stdThroughputECA 17.Sum of 15 and 16 18. std of 17 19. AvgBlockingProb 20. StdBlockingProb 21. AvgDroppedPackets 22.StdDropped 23.SxSlots 24.stdSxSlots 25.ColSlots 26.StdColSlots 27.EmptySlots 28.stdEmpty 29.totalSlots 30.stdTotalSlots 31.averageTAU 32.stdTAU 33.avgQSize 34.stdQSize 35.avgQEmpty 36.stdQEmpty 37. avgQDelay 38. stdQDelay
2 2.69e+07 468631 1 0 6.5e+07 0.000609292 5.96778e-05 0.010101 0.0999949 4.64644e-09 4.59975e-08 0 0 1.345e+07 234326 2.69e+07 468636 0.0243902 2.42861e-17 0 0 328370 5720.66 0.010101 0.0999949 996092 91528.7 1.32446e+06 85808 0.124368 0.00624964 1000 0 0 0 50.0001 0
3 2.82346e+07 1.64362e+06 0.975308 0.0452856 6.5e+07 0.000898047 0.000199293 0.215488 0.421938 2.09292e-07 3.66779e-07 0 0 9.4115e+06 547869 2.82345e+07 1.6436e+06 0.0243902 2.42861e-17 0 0 344660 20063.8 0.323232 0.632907 735440 321007 1.0801e+06 300945 0.112479 0.0230785 1000 0 0 0 50.0002 0
4 2.89805e+07 1.69802e+06 0.934976 0.0798545 6.5e+07 0.00125856 0.000462958 0.419192 0.552575 6.67751e-07 7.28272e-07 0 0 7.24512e+06 424508 2.89805e+07 1.69804e+06 0.0243902 2.42861e-17 0 0 353767 20728 0.828283 1.09212 589728 331632 943496 310905 0.102193 0.0269855 1000 0 0 0 50.0003 0
5 2.89454e+07 2.06625e+06 0.888002 0.0940274 6.5e+07 0.00173685 0.000714868 0.771717 0.684023 1.62352e-06 1.12982e-06 0 0 5.78906e+06 413248 2.89453e+07 2.06624e+06 0.0243902 2.42861e-17 0 0 353337 25222.6 1.86869 1.66149 596588 403537 949927 378316 0.085622 0.0307389 1000 0 0 0 50.0004 0
6 2.85797e+07 2.33974e+06 0.827241 0.10431 6.5e+07 0.0023856 0.00118264 1.20875 0.768832 3.11077e-06 1.35755e-06 0 0 4.76328e+06 389957 2.85797e+07 2.33975e+06 0.0243902 2.42861e-17 0.00168351 0.0166658 348874 28561.3 3.52525 2.27122 667971 456947 1.01685e+06 428388 0.0685049 0.0296526 1000 0 0 0 50.0004 0
7 2.81464e+07 2.17143e+06 0.749459 0.12376 6.5e+07 0.00331176 0.00192173 1.6912 0.695631 5.05664e-06 1.29151e-06 0 0 4.02091e+06 310203 2.81464e+07 2.17141e+06 0.0243902 2.42861e-17 0.001443 0.014285 343584 26506.7 5.72727 2.46928 752563 424070 1.09615e+06 397565 0.0517637 0.0220185 1000 0 0 0 50.0004 0
8 2.86017e+07 2.05016e+06 0.76643 0.124201 6.5e+07 0.00345931 0.00222731 1.70707 0.674004 6.35485e-06 1.13532e-06 0 0 3.57521e+06 256270 2.86017e+07 2.05016e+06 0.0243902 2.42861e-17 0.00378788 0.0214275 349142 25026.4 6.58586 2.86395 663622 400379 1.01277e+06 375356 0.0492539 0.0184741 1000 0 0 0 50.0005 0
9 2.81088e+07 1.62082e+06 0.741827 0.102552 6.5e+07 0.00421892 0.00278318 2.10101 0.54641 8.11483e-06 9.35559e-07 0 0 3.12319e+06 180091 2.81087e+07 1.62082e+06 0.0243902 2.42861e-17 0.00112233 0.0111105 343125 19785.3 8.9697 2.5523 759866 316528 1.103e+06 296745 0.0378242 0.012755 1000 0 0 0 50.0006 0
10 2.80601e+07 1.63201e+06 0.73297 0.107971 6.5e+07 0.00475743 0.00312963 2.28081 0.516139 9.82054e-06 1.05678e-06 0 0 2.806e+06 163200 2.806e+07 1.632e+06 0.0243902 2.42861e-17 0.0020202 0.0140691 342531 19922 10.8485 2.7019 769342 318710 1.11188e+06 298792 0.03347 0.0106927 1000 0 0 0 50.0004 0
11 2.78249e+07 1.55838e+06 0.716288 0.102338 6.5e+07 0.00537798 0.00279879 2.50872 0.466584 1.14361e-05 1.15115e-06 0 0 2.52953e+06 141669 2.78248e+07 1.55836e+06 0.0243902 2.42861e-17 0.00183655 0.0127901 339659 19023.1 13.0505 2.6529 815251 304330 1.15492e+06 285309 0.028717 0.00843212 1000 0 0 0 50.0009 0
12 2.76666e+07 1.66981e+06 0.704589 0.107569 6.5e+07 0.00584188 0.00423661 2.67929 0.528822 1.29759e-05 1.26218e-06 0 0 2.30554e+06 139150 2.76665e+07 1.6698e+06 0.0243902 2.42861e-17 0.0050505 0.0198839 337727 20383.3 15.202 3.49019 846134 326081 1.18388e+06 305700 0.0258148 0.00835272 1000 0 0 0 50 0
13 2.75855e+07 1.57182e+06 0.700425 0.0871848 6.5e+07 0.00639314 0.0061147 2.82906 0.457971 1.45478e-05 1.31399e-06 0 0 2.12195e+06 120909 2.75854e+07 1.57181e+06 0.0243902 2.42861e-17 0.00466201 0.0183543 336737 19187.2 17.2121 3.40906 861945 306945 1.1987e+06 287761 0.0231466 0.00661523 1000 0 0 0 49.9995 0
14 2.78611e+07 1.48254e+06 0.697312 0.09672 6.5e+07 0.00672496 0.00417127 2.86075 0.430177 1.63903e-05 1.57527e-06 0 0 1.99008e+06 105895 2.78611e+07 1.48254e+06 0.0243902 2.42861e-17 0.002886 0.0140646 340102 18097.4 18.5455 3.30678 808085 289510 1.1482e+06 271416 0.0225053 0.00602733 1000 0 0 0 50.0002 0
15 2.76149e+07 1.4427e+06 0.70588 0.0814855 6.5e+07 0.00711864 0.00649681 3.01549 0.439245 1.77693e-05 1.67e-06 0 0 1.84099e+06 96180.6 2.76148e+07 1.4427e+06 0.0243902 2.42861e-17 0.00404041 0.0159071 337096 17611.1 20.9192 3.63673 856138 281725 1.19325e+06 264117 0.0200557 0.00571143 1000 0 0 0 49.9992 0
16 2.7786e+07 1.54875e+06 0.70249 0.0733682 6.5e+07 0.00764456 0.00409927 3.06187 0.43894 1.96534e-05 1.82862e-06 0 0 1.73662e+06 96797.1 2.77859e+07 1.54875e+06 0.0243902 2.42861e-17 0.00252525 0.0151778 339184 18905.7 22.4444 4.05074 822701 302429 1.16191e+06 283527 0.0196433 0.00598492 1000 0 0 0 50.0005 0
17 2.78267e+07 1.47966e+06 0.700161 0.090702 6.5e+07 0.00792347 0.00371064 3.13607 0.414906 2.13861e-05 2.03499e-06 0 0 1.63686e+06 87038.7 2.78266e+07 1.47966e+06 0.0243902 2.42861e-17 0.00475341 0.0160318 339682 18062.2 24.2727 3.90498 814714 288937 1.15442e+06 270878 0.0183697 0.00474909 1000 0 0 0 50.0012 0
18 2.81375e+07 1.20988e+06 0.70654 0.0827438 6.5e+07 0.00829986 0.00441288 3.13356 0.380167 2.35973e-05 2.12014e-06 0 0 1.56319e+06 67216 2.81374e+07 1.20988e+06 0.0243902 2.42861e-17 0.00280584 0.0121658 343475 14769.1 25.5859 3.88733 753996 236248 1.0975e+06 221483 0.0182285 0.00428513 1000 0 0 0 50.0007 0
19 2.77523e+07 1.36852e+06 0.712107 0.0867037 6.5e+07 0.00867509 0.00739231 3.30463 0.390095 2.47742e-05 2.09358e-06 0 0 1.46065e+06 72027.3 2.77523e+07 1.36852e+06 0.0243902 2.42861e-17 0.00637959 0.0187358 338773 16705.6 28.5657 4.64532 829175 267220 1.16798e+06 250519 0.0161358 0.00419517 1000 0 0 0 50.0002 0
20 2.80261e+07 1.17612e+06 0.707709 0.0801787 6.5e+07 0.00907872 0.00551357 3.31212 0.35683 2.69401e-05 2.16841e-06 0 0 1.4013e+06 58805.1 2.8026e+07 1.17611e+06 0.0243902 2.42861e-17 0.00555556 0.0172458 342116 14356.8 29.798 4.33911 775681 229644 1.11783e+06 215292 0.0159861 0.00366618 1000 0 0 0 50.0007 0
21 2.79863e+07 1.14699e+06 0.695237 0.0712487 6.5e+07 0.00955473 0.00654529 3.40115 0.34895 2.86809e-05 2.36103e-06 0 0 1.33268e+06 54619 2.79862e+07 1.14699e+06 0.0243902 2.42861e-17 0.00481 0.0143496 341629 14001.4 31.9293 4.50645 783429 223955 1.12509e+06 209958 0.0150842 0.00341023 1000 0 0 0 50.0005 0
22 2.77971e+07 1.35058e+06 0.700538 0.0801451 6.5e+07 0.00999168 0.00714521 3.51056 0.374985 3.04672e-05 2.87832e-06 0 0 1.2635e+06 61390 2.77971e+07 1.35058e+06 0.0243902 2.42861e-17 0.00872359 0.0190306 339320 16486.6 34.7879 5.14884 820323 263711 1.15968e+06 247229 0.0140492 0.00362112 1000 0 0 0 49.9999 0
23 2.78237e+07 1.0522e+06 0.68869 0.077399 6.5e+07 0.0104024 0.0048279 3.58234 0.301468 3.22076e-05 2.53118e-06 0 0 1.20972e+06 45747.5 2.78237e+07 1.0522e+06 0.0243902 2.42861e-17 0.00790514 0.0178718 339645 12844.2 36.8182 4.19081 815096 205447 1.15478e+06 192607 0.013224 0.00266741 1000 0 0 0 50.002 0
24 2.79429e+07 1.13653e+06 0.684251 0.0790302 6.5e+07 0.0107417 0.007396 3.60606 0.304824 3.46645e-05 2.95565e-06 0 0 1.16428e+06 47354.9 2.79428e+07 1.13652e+06 0.0243902 2.42861e-17 0.00799664 0.0174448 341100 13873.6 38.8384 4.99435 791793 221907 1.13293e+06 208038 0.013022 0.00265459 1000 0 0 0 50.0008 0
25 2.79828e+07 976442 0.689453 0.0728289 6.5e+07 0.0110833 0.00543014 3.65131 0.276254 3.59815e-05 2.77646e-06 0 0 1.11931e+06 39058 2.79827e+07 976443 0.0243902 2.42861e-17 0.00686869 0.0150854 341587 11919.5 40.1212 4.53332 783972 190647 1.1256e+06 178731 0.0125342 0.00250741 1000 0 0 0 50.0015 0
26 2.79062e+07 995513 0.696674 0.0735658 6.5e+07 0.0113508 0.00497584 3.71834 0.286406 3.78263e-05 2.72793e-06 0 0 1.07331e+06 38288.8 2.79061e+07 995515 0.0243902 2.42861e-17 0.0097125 0.0192062 340651 12152.3 42.7071 4.67154 798900 194367 1.13959e+06 182219 0.0118673 0.00234845 1000 0 0 0 50.0018 0
27 2.79358e+07 1.00861e+06 0.69074 0.0713697 6.5e+07 0.0117073 0.00638189 3.76281 0.269039 3.92344e-05 3.03002e-06 0 0 1.03466e+06 37355.6 2.79357e+07 1.00861e+06 0.0243902 2.42861e-17 0.00748222 0.0148706 341013 12312.2 44.0606 4.87172 793093 196923 1.13415e+06 184615 0.0114951 0.00222908 1000 0 0 0 50.0012 0
28 2.7908e+07 1.11258e+06 0.708298 0.0713865 6.5e+07 0.0118952 0.0060565 3.80231 0.295307 4.11874e-05 3.37811e-06 0 0 996712 39734.9 2.79079e+07 1.11258e+06 0.0243902 2.42861e-17 0.0119048 0.0189934 340674 13581.3 46.404 5.62627 798484 217219 1.1392e+06 203643 0.0110707 0.00223422 1000 0 0 0 50.002 0
29 2.80411e+07 847967 0.703475 0.0684106 6.5e+07 0.0122649 0.00354153 3.8248 0.250664 4.33373e-05 2.97062e-06 0 0 966934 29240.2 2.80411e+07 847964 0.0243902 2.42861e-17 0.0121909 0.0203933 342299 10351.1 48 5.00707 772453 165548 1.1148e+06 155201 0.0108483 0.00187336 1000 0 0 0 50.0035 0
30 2.80572e+07 927837 0.696304 0.0627163 6.5e+07 0.012615 0.0058899 3.86566 0.263809 4.53874e-05 3.35454e-06 0 0 935238 30927.8 2.80571e+07 927830 0.0243902 2.42861e-17 0.0104377 0.0187406 342495 11326.1 50.0505 5.58926 769285 181137 1.11183e+06 169816 0.010571 0.00200827 1000 0 0 0 50.0028 0
31 2.79065e+07 933533 0.707274 0.0702296 6.5e+07 0.0129136 0.00313467 3.94656 0.245463 4.68637e-05 3.81502e-06 0 0 900209 30113.8 2.79065e+07 933532 0.0243902 2.42861e-17 0.0123819 0.0187407 340656 11395.7 52.8889 5.33123 798665 182257 1.13937e+06 170866 0.00992344 0.00186956 1000 0 0 0 50.0041 0
32 2.77843e+07 987908 0.711712 0.0571629 6.5e+07 0.013226 0.00416717 4.01736 0.25115 4.81287e-05 3.75663e-06 0 0 868258 30872.1 2.77843e+07 987908 0.0243902 2.42861e-17 0.0129419 0.0208381 339164 12059.4 55.3939 5.98452 822493 192866 1.16171e+06 180812 0.00940391 0.00180758 1000 0 0 0 50.0031 0
33 2.80182e+07 911836 0.708765 0.0668612 6.5e+07 0.0135019 0.003936 3.99663 0.249026 5.06507e-05 3.47116e-06 0 0 849034 27631.2 2.80181e+07 911835 0.0243902 2.42861e-17 0.0113254 0.0185684 342019 11130.8 56.2323 5.94219 776806 178007 1.11888e+06 166881 0.00951602 0.00169672 1000 0 0 0 50.0042 0
34 2.79412e+07 827454 0.699818 0.0657207 6.5e+07 0.0139108 0.00680703 4.06655 0.219444 5.27417e-05 3.6255e-06 0 0 821799 24336.7 2.79412e+07 827446 0.0243902 2.42861e-17 0.0139632 0.019313 341080 10100.7 59.3333 5.45875 791784 161535 1.13292e+06 151439 0.00905314 0.0014783 1000 0 0 0 50.0033 0
35 2.80381e+07 765609 0.713387 0.0564984 6.5e+07 0.0141124 0.00363317 4.071 0.209892 5.44764e-05 3.49628e-06 0 0 801088 21874.5 2.80381e+07 765608 0.0243902 2.42861e-17 0.0161616 0.0203704 342263 9345.81 60.3939 5.53012 772840 149454 1.11516e+06 140114 0.00895001 0.00143425 1000 0 0 0 50.005 0
36 2.79775e+07 787078 0.714697 0.0612432 6.5e+07 0.014446 0.00391339 4.12514 0.207621 5.61505e-05 3.52077e-06 0 0 777152 21863.3 2.79775e+07 787079 0.0243902 2.42861e-17 0.0151515 0.0220789 341523 9607.9 62.8687 5.85972 784638 153642 1.12622e+06 144040 0.00860076 0.00137506 1000 0 0 0 50.0049 0
37 2.80695e+07 670040 0.719592 0.0544245 6.5e+07 0.0146455 0.00358354 4.13322 0.176759 5.82893e-05 3.73202e-06 0 0 758632 18109.2 2.80694e+07 670039 0.0243902 2.42861e-17 0.018018 0.0223993 342645 8179.22 64.3535 5.21713 766660 130799 1.10937e+06 122624 0.008475 0.00113087 1000 0 0 0 50.0058 0
38 2.81466e+07 744089 0.720386 0.059093 6.5e+07 0.0148629 0.00320589 4.14035 0.205004 6.05391e-05 3.33746e-06 0 0 740697 19581.3 2.81465e+07 744086 0.0243902 2.42861e-17 0.0175439 0.0187018 343586 9083.09 65.9798 6.21172 751573 145239 1.09523e+06 136162 0.00842031 0.00130747 1000 0 0 0 50.006 0
39 2.80854e+07 787083 0.72085 0.0602968 6.5e+07 0.0152788 0.00455649 4.19555 0.201555 6.23401e-05 4.53814e-06 0 0 720137 20181.6 2.80854e+07 787082 0.0243902 2.42861e-17 0.01813 0.0210158 342840 9607.93 68.4545 5.89517 763476 153644 1.10638e+06 144041 0.00812061 0.0013318 1000 0 0 0 50.0056 0
40 2.80207e+07 758836 0.726493 0.0611365 6.5e+07 0.0154864 0.00462018 4.24268 0.197243 6.41624e-05 4.02554e-06 0 0 700516 18971.1 2.80206e+07 758849 0.0243902 2.42861e-17 0.0161616 0.0208146 342050 9263.23 71.3838 6.88683 776071 148116 1.11819e+06 138859 0.00779757 0.0011902 1000 0 0 0 50.0054 0
41 2.81652e+07 692345 0.719463 0.0644998 6.5e+07 0.0158204 0.00394091 4.24021 0.1856 6.66229e-05 3.93513e-06 0 0 686955 16886.5 2.81651e+07 692337 0.0243902 2.42861e-17 0.0130574 0.0167384 343814 8451.51 72.4141 6.50254 747830 135136 1.09172e+06 126690 0.00781237 0.00111236 1000 0 0 0 50.0067 0
42 2.81513e+07 721058 0.736696 0.0599888 6.5e+07 0.0159502 0.00375628 4.26383 0.192975 6.84267e-05 4.74201e-06 0 0 670267 17168.1 2.81512e+07 721056 0.0243902 2.42861e-17 0.0165945 0.0183664 343644 8801.99 74.404 6.12153 750516 140750 1.09423e+06 131953 0.00761802 0.00114832 1000 0 0 0 50.0068 0
43 2.81084e+07 630947 0.73548 0.054576 6.5e+07 0.0162752 0.00361671 4.31078 0.159843 7.10135e-05 4.06458e-06 0 0 653682 14673.1 2.81083e+07 630940 0.0243902 2.42861e-17 0.0173831 0.0185055 343120 7701.95 77.9798 6.54276 758834 123145 1.10203e+06 115449 0.00734091 0.000927258 1000 0 0 0 50.0075 0
44 2.81214e+07 665059 0.737261 0.0537183 6.5e+07 0.0164995 0.00326986 4.33287 0.176499 7.28279e-05 3.99503e-06 0 0 639120 15115.1 2.81213e+07 665061 0.0243902 2.42861e-17 0.0192837 0.021272 343278 8118.41 79.798 7.29464 756278 129791 1.09964e+06 121680 0.00721017 0.00101891 1000 0 0 0 50.0075 0
45 2.82421e+07 633319 0.743861 0.0467059 6.5e+07 0.0167365 0.00367234 4.32615 0.170438 7.5265e-05 3.96649e-06 0 0 627600 14073.7 2.8242e+07 633317 0.0243902 2.42861e-17 0.0181818 0.0198167 344752 7730.93 80.8283 7.13087 732685 123594 1.07752e+06 115870 0.00721659 0.000959575 1000 0 0 0 50.0078 0
46 2.82132e+07 615684 0.741392 0.0485476 6.5e+07 0.0170876 0.00440625 4.36715 0.160045 7.81586e-05 4.44357e-06 0 0 613329 13384.4 2.82131e+07 615684 0.0243902 2.42861e-17 0.0248133 0.0214095 344399 7515.64 84.303 6.79342 738267 120158 1.08275e+06 112649 0.00701118 0.000892822 1000 0 0 0 50.0077 0
47 2.81474e+07 596487 0.752605 0.0506205 6.5e+07 0.017223 0.00301593 4.40555 0.149985 7.94851e-05 4.33551e-06 0 0 598880 12691.2 2.81474e+07 596483 0.0243902 2.42861e-17 0.0217064 0.0213795 343597 7281.34 86.7273 6.86054 751072 116409 1.09476e+06 109134 0.00676544 0.00084463 1000 0 0 0 50.0089 0
48 2.82751e+07 525410 0.758192 0.0497664 6.5e+07 0.0174925 0.0032035 4.39773 0.135472 8.25981e-05 4.33217e-06 0 0 589063 10946.2 2.8275e+07 525417 0.0243902 2.42861e-17 0.0260943 0.0222269 345155 6413.73 88.2424 6.35497 726118 102538 1.07136e+06 96129 0.00678242 0.000743889 1000 0 0 0 50.009 0
49 2.82579e+07 677317 0.757667 0.058467 6.5e+07 0.0177502 0.00294191 4.42486 0.164302 8.47532e-05 4.61652e-06 0 0 576690 13822.7 2.82578e+07 677311 0.0243902 2.42861e-17 0.0276232 0.0221505 344945 8268.05 90.6869 8.08371 729434 132173 1.07447e+06 123912 0.00666026 0.000910803 1000 0 0 0 50.0094 0
50 2.82419e+07 475841 0.758311 0.0460622 6.5e+07 0.0179904 0.00271169 4.45899 0.120617 8.64544e-05 4.46891e-06 0 0 564837 9516.54 2.82418e+07 475840 0.0243902 2.42861e-17 0.0280808 0.0212573 344750 5808.56 92.9293 6.36476 732521 92856 1.07736e+06 87052.1 0.00645616 0.000644063 1000 0 0 0 50.0095 0
51 2.82848e+07 551361 0.753963 0.0480476 6.5e+07 0.0183069 0.00353427 4.47356 0.1379 8.93573e-05 4.5715e-06 0 0 554603 10810.9 2.82847e+07 551353 0.0243902 2.42861e-17 0.0279263 0.0239889 345273 6730.45 95.3131 7.61398 724106 107584 1.06947e+06 100860 0.00640404 0.000738958 1000 0 0 0 50.0095 0
52 2.83693e+07 557375 0.753408 0.0564302 6.5e+07 0.0185974 0.00259469 4.47552 0.139074 9.22614e-05 4.98718e-06 0 0 545562 10718.9 2.83692e+07 557379 0.0243902 2.42861e-17 0.025641 0.0191334 346305 6803.96 96.9798 8.13271 707572 108755 1.05397e+06 101958 0.00639553 0.000752124 1000 0 0 0 50.0103 0
53 2.83778e+07 549829 0.764868 0.0512619 6.5e+07 0.0187382 0.00338485 4.49076 0.140467 9.4271e-05 5.0744e-06 0 0 535430 10374.1 2.83778e+07 549827 0.0243902 2.42861e-17 0.0293501 0.0232592 346409 6711.79 98.8889 7.36205 705876 107290 1.05238e+06 100585 0.00628463 0.000728854 1000 0 0 0 50.0103 0
54 2.83134e+07 455512 0.765085 0.0435886 6.5e+07 0.0190007 0.00271521 4.53535 0.109702 9.6093e-05 4.77739e-06 0 0 524321 8435.39 2.83134e+07 455508 0.0243902 2.42861e-17 0.0288066 0.0193817 345623 5560.47 102.081 7.39598 718408 88874.1 1.06413e+06 83319.2 0.00606384 0.000570452 1000 0 0 0 50.011 0
55 2.8355e+07 464378 0.779729 0.0390192 6.5e+07 0.0191303 0.0022625 4.53921 0.119329 9.7947e-05 4.08068e-06 0 0 515545 8443.32 2.8355e+07 464383 0.0243902 2.42861e-17 0.0279155 0.0205628 346131 5668.68 103.313 7.36446 710264 90598.1 1.0565e+06 84935.3 0.00600951 0.000601125 1000 0 0 0 50.0118 0
56 2.83797e+07 546731 0.776831 0.0465786 6.5e+07 0.0194351 0.00272734 4.55592 0.13594 0.000101192 4.91226e-06 0 0 506778 9763.17 2.83796e+07 546732 0.0243902 2.42861e-17 0.030303 0.0194052 346431 6674.01 106.152 8.12822 705404 106672 1.05194e+06 100005 0.0059504 0.000686909 1000 0 0 0 50.0115 0
57 2.84339e+07 473550 0.783469 0.050041 6.5e+07 0.0196234 0.00255651 4.56105 0.119976 0.000104399 5.21804e-06 0 0 498840 8307.91 2.84339e+07 473552 0.0243902 2.42861e-17 0.030303 0.0212786 347094 5780.7 108.556 7.94199 694768 92388.4 1.04197e+06 86613.8 0.00589873 0.00060246 1000 0 0 0 50.0119 0
58 2.8427e+07 539440 0.789362 0.0523444 6.5e+07 0.0198662 0.00268006 4.58238 0.134639 0.000107703 5.36316e-06 0 0 490119 9300.56 2.84269e+07 539435 0.0243902 2.42861e-17 0.0362243 0.0249303 347009 6584.97 112.04 8.72697 696073 105239 1.04319e+06 98662.1 0.00580469 0.000688649 1000 0 0 0 50.0123 0
59 2.84337e+07 479464 0.790845 0.0389303 6.5e+07 0.0200713 0.00254601 4.60161 0.120485 0.000108799 4.67526e-06 0 0 481926 8126.42 2.84336e+07 479458 0.0243902 2.42861e-17 0.0306455 0.0213682 347091 5852.83 113.162 8.40479 694737 93528.6 1.04194e+06 87683 0.0057009 0.000597596 1000 0 0 0 50.013 0
60 2.84699e+07 462377 0.789713 0.0438658 6.5e+07 0.02035 0.00233527 4.61448 0.113525 0.000111342 5.15705e-06 0 0 474497 7706.32 2.84698e+07 462377 0.0243902 2.42861e-17 0.0306397 0.0225614 347533 5644.28 115.091 8.69121 687640 90193.2 1.03529e+06 84556.2 0.00564477 0.000554361 1000 0 0 0 50.0134 0
61 2.85126e+07 463636 0.797552 0.0481958 6.5e+07 0.0205625 0.00225106 4.62063 0.115497 0.000114237 5.89362e-06 0 0 467419 7600.45 2.85125e+07 463631 0.0243902 2.42861e-17 0.0334492 0.0231744 348054 5659.54 117.131 8.69999 679261 90442 1.02743e+06 84789.6 0.00560552 0.000574058 1000 0 0 0 50.0134 0
62 2.84115e+07 379086 0.811688 0.0544405 6.5e+07 0.0206202 0.00238873 4.66325 0.0854475 0.000115437 5.1814e-06 0 0 458249 6114.23 2.84115e+07 379084 0.0243902 2.42861e-17 0.036494 0.0242164 346821 4627.49 120.626 8.26772 698947 73936.2 1.04589e+06 69315 0.0053815 0.000425114 1000 0 0 0 50.0136 0
63 2.84988e+07 422914 0.808136 0.0548619 6.5e+07 0.0209199 0.00202845 4.66009 0.102894 0.000119038 5.3155e-06 0 0 452361 6712.9 2.84987e+07 422911 0.0243902 2.42861e-17 0.0344717 0.0216444 347886 5162.48 122.444 8.85486 681878 82483.2 1.02989e+06 77328.3 0.00540456 0.000504507 1000 0 0 0 50.0142 0
64 2.84767e+07 442743 0.811047 0.0567452 6.5e+07 0.0211539 0.00214458 4.68545 0.103683 0.000122885 6.00306e-06 0 0 444947 6917.82 2.84766e+07 442736 0.0243902 2.42861e-17 0.0399306 0.019767 347616 5404.56 126.859 9.50493 686127 86350.5 1.03387e+06 80953.7 0.00529856 0.00051127 1000 0 0 0 50.0151 0
65 2.86011e+07 412319 0.807694 0.0509502 6.5e+07 0.0214657 0.00206509 4.67242 0.100022 0.000125099 6.45915e-06 0 0 440016 6343.45 2.8601e+07 412332 0.0243902 2.42861e-17 0.0400932 0.0252954 349134 5033.24 126.313 9.40948 661834 80417.3 1.0111e+06 75391.5 0.00535368 0.00048729 1000 0 0 0 50.0152 0
66 2.86749e+07 418369 0.809904 0.0506677 6.5e+07 0.0217395 0.00202064 4.6708 0.104393 0.000128883 6.02273e-06 0 0 434467 6338.83 2.86748e+07 418366 0.0243902 2.42861e-17 0.0407101 0.0202761 350035 5107.01 128.424 9.9159 647387 81582.9 997551 76484.2 0.00536002 0.000500504 1000 0 0 0 50.0155 0
67 2.86195e+07 350802 0.818862 0.0452425 6.5e+07 0.0218579 0.00291695 4.7021 0.0845888 0.000130453 5.12122e-06 0 0 427156 5235.98 2.86195e+07 350805 0.0243902 2.42861e-17 0.0408563 0.0235835 349359 4282.28 131.384 8.95861 658154 68398.6 1.00764e+06 64123.6 0.00520535 0.000398587 1000 0 0 0 50.0157 0
68 2.86149e+07 359138 0.822455 0.0462216 6.5e+07 0.0220581 0.00232627 4.72029 0.0873893 0.000133165 6.38843e-06 0 0 420806 5281.39 2.86148e+07 359135 0.0243902 2.42861e-17 0.0418895 0.0233096 349303 4383.98 134.242 10.2947 659012 70015.3 1.00845e+06 65639.5 0.00512541 0.000405886 1000 0 0 0 50.016 0
69 2.86591e+07 314558 0.824646 0.0528873 6.5e+07 0.0223162 0.00212069 4.72713 0.0727424 0.000136448 6.43851e-06 0 0 415348 4558.71 2.8659e+07 314553 0.0243902 2.42861e-17 0.0406968 0.022155 349842 3839.76 136.404 8.93401 650352 61335 1.00033e+06 57501.7 0.0050941 0.000351949 1000 0 0 0 50.0165 0
70 2.87157e+07 305277 0.832971 0.0417667 6.5e+07 0.0224944 0.0019746 4.7254 0.0757712 0.000138252 5.90028e-06 0 0 410223 4361.23 2.87156e+07 305287 0.0243902 2.42861e-17 0.0437229 0.0236635 350533 3726.59 136.828 9.22561 639285 59511.7 989955 55792.2 0.00508333 0.000346219 1000 0 0 0 50.0169 0
