#1-sta 2-avgThroughput 3-stdThroughput 4-JFI 5-stdJFI 6-Bandwidth 7-avgDelay 8-stdDelay 9-avgBackoffStage 10-stdBackoffStage 11-totalFractionOfCollisionSlots 12.stdCollidingSlots 13.avgThroughputDCF 14. stdThroughputDCF 15.avgThroughputECA 16.stdThroughputECA 17.Sum of 15 and 16 18. std of 17 19. AvgBlockingProb 20. StdBlockingProb 21. AvgDroppedPackets 22.StdDropped 23.SxSlots 24.stdSxSlots 25.ColSlots 26.StdColSlots 27.EmptySlots 28.stdEmpty 29.totalSlots 30.stdTotalSlots 31.averageTAU 32.stdTAU 33.avgQSize 34.stdQSize 35.avgQEmpty 36.stdQEmpty 37. avgQDelay 38. stdQDelay
2 1.9412e+06 9617.39 0.999968 4.38759e-05 1e+06 0.000257466 4.64841e-07 0 0 3.94824e-06 8.4212e-07 0 0 1.0009e+06 5110.25 2.0018e+06 10219.5 0 0 0 0 23660 117.791 23.2727 4.96415 5.87077e+06 1877.96 5.89445e+06 1760.73 0.00201092 1.05834e-05 0.0555556 0.157135 23659.9 117.758 0.000265196 0
3 2.90971e+06 11504.9 0.999937 6.13081e-05 1e+06 0.000260134 6.72126e-07 0 0 1.80438e-05 1.88823e-06 0 0 1.0002e+06 4075.29 3.00059e+06 12225.6 0 0 0 0 35436.8 139.301 103.141 10.7863 5.68068e+06 2265.19 5.71622e+06 2124.16 0.00207848 9.11651e-06 0.026936 0.0908466 35436.7 139.336 0.000271657 0
4 3.87898e+06 14031 0.999935 4.5779e-05 1e+06 0.000264305 7.54808e-07 0 0 4.92461e-05 3.07584e-06 0 0 1.00002e+06 3721.77 4.0001e+06 14888.5 0 0 0 0 47197.2 170.811 272.657 16.9933 5.48919e+06 2796.29 5.53666e+06 2622.19 0.00215583 9.14136e-06 0.0378788 0.108733 47197.1 170.804 0.000279785 0
5 4.84997e+06 17851.5 0.999937 4.66515e-05 1e+06 0.000269924 1.07985e-06 0 0 0.000103608 5.25245e-06 0 0 1.00026e+06 3805.74 5.00131e+06 19027.4 0 0 0 0 58944.2 214.291 554.848 27.9936 5.29581e+06 3593.89 5.35531e+06 3370.93 0.00224307 1.01776e-05 0.0363636 0.103918 58944.1 214.305 0.000289451 0
6 5.81852e+06 20982.6 0.999928 4.38945e-05 1e+06 0.000277378 1.07431e-06 0.003367 0.0333316 0.000190519 6.13123e-06 0 0 1.00001e+06 3633.03 6.00006e+06 21797.1 0 0 0 0 70614.1 252.996 985.444 31.3901 5.10087e+06 4258.48 5.17247e+06 3994.42 0.00233955 1.07755e-05 0.0404041 0.0823713 70613.9 252.984 0.000301126 0
7 6.78932e+06 21660.8 0.99993 4.02656e-05 1e+06 0.000286762 1.388e-06 0.002886 0.0285699 0.000318266 8.68942e-06 0 0 1.00013e+06 3228.53 7.00093e+06 22601.5 0 0 0 0 82268.8 260.835 1587.15 42.6828 4.90307e+06 4484.73 4.98693e+06 4206.63 0.0024491 1.06734e-05 0.025974 0.0587214 82268.6 260.809 0.000314887 0
8 7.75884e+06 24051.9 0.999932 3.56351e-05 1e+06 0.000298728 1.60289e-06 0.00126263 0.0124994 0.000501706 1.11396e-05 0 0 1.00004e+06 3142.7 8.0003e+06 25140.8 0 0 0 0 93839.3 287.027 2407.53 52.2688 4.70249e+06 4984.97 4.79874e+06 4677.48 0.00257245 1.13477e-05 0.0416667 0.0794552 93839.1 286.995 0.000331521 0
9 8.7293e+06 26634.7 0.99993 3.14611e-05 1e+06 0.000313256 1.96654e-06 0.0112233 0.0641402 0.000750253 1.56244e-05 0 0 1.00011e+06 3106.21 9.00099e+06 27956.8 0 0 0 0 105346 310.551 3456.67 69.6351 4.4986e+06 5651.08 4.6074e+06 5308.9 0.00271162 1.2424e-05 0.047138 0.0707871 105345 310.468 0.000351019 0
10 9.70017e+06 28102.1 0.999929 3.11172e-05 1e+06 0.000331037 2.23267e-06 0.0111111 0.0446963 0.00108212 1.90248e-05 0 0 1.00015e+06 2948.46 1.00015e+07 29484.6 0 0 0 0 116755 331.593 4774.87 80.333 4.29103e+06 5999.44 4.41256e+06 5631.95 0.0028692 1.3193e-05 0.0444444 0.0806817 116754 331.547 0.000374238 0
11 1.06702e+07 28616.4 0.999929 3.0214e-05 1e+06 0.000352337 2.70252e-06 0.0183655 0.0547894 0.00151173 2.49416e-05 0 0 1.00011e+06 2747.27 1.10012e+07 30220.6 0 0 0 0 128048 334.471 6370.83 99.6831 4.0799e+06 6227.8 4.21431e+06 5848.44 0.00304735 1.38648e-05 0.0569329 0.0823174 128048 334.429 0.000401452 0
12 1.16415e+07 28940.4 0.999928 3.30277e-05 1e+06 0.000378761 3.30063e-06 0.0193603 0.0624827 0.00207798 3.45739e-05 0 0 1.00017e+06 2532.17 1.2002e+07 30387 0 0 0 0 139197 322.972 8335.06 128.025 3.86369e+06 6841.09 4.01122e+06 6435.81 0.00325296 1.5976e-05 0.0580808 0.0798555 139197 322.923 0.000434687 0
13 1.26121e+07 29519.9 0.999922 3.03679e-05 1e+06 0.000410721 3.1465e-06 0.025641 0.066505 0.00279696 3.17622e-05 0 0 1.00011e+06 2335.15 1.30015e+07 30358.3 0 0 0 0 150156 317.414 10640.1 108.03 3.64343e+06 6535.41 3.80422e+06 6156.44 0.00348757 1.51117e-05 0.064491 0.0957572 150156 317.406 0.000474402 0
14 1.35835e+07 30094.8 0.999927 2.88635e-05 1e+06 0.000449777 3.84921e-06 0.038961 0.0794699 0.0037259 3.99687e-05 0 0 1.0001e+06 2235.2 1.40014e+07 31297.8 0 0 0 0 160896 323.223 13382.3 126.414 3.41748e+06 6712.11 3.59176e+06 6322.92 0.00376113 1.66461e-05 0.0772006 0.0835198 160896 323.123 0.000522577 0
15 1.45542e+07 32745.9 0.999925 2.62497e-05 1e+06 0.00049761 5.11012e-06 0.020202 0.0539814 0.00490223 5.57555e-05 0 0 1.00012e+06 2222.31 1.50018e+07 33330.6 0 0 0 0 171347 336.602 16543.2 160.515 3.1868e+06 7566.13 3.37469e+06 7137.15 0.00407863 1.99136e-05 0.0531986 0.0715264 171347 336.541 0.000581685 0
16 1.55244e+07 33610.8 0.999926 2.62488e-05 1e+06 0.000556143 6.2823e-06 0.0258838 0.0615522 0.00640274 7.44405e-05 0 0 1.00001e+06 2194.52 1.60002e+07 35115.4 0 0 0.00315657 0.0312484 181445 346.283 20183.5 192.182 2.95077e+06 8298.71 3.1524e+06 7829.11 0.00445175 2.39666e-05 0.0675505 0.0730798 181445 346.21 0.000654295 0
17 1.64951e+07 33269 0.999925 2.81621e-05 1e+06 0.000629863 7.46151e-06 0.0582294 0.116601 0.00832748 9.59197e-05 0 0 999894 2066.49 1.69982e+07 35130 0 0 0.0160428 0.0751628 191043 336.157 24354.3 223.988 2.70926e+06 8435.82 2.92466e+06 7969.41 0.00489498 2.71222e-05 0.0897207 0.122406 191043 336.128 0.00074726 0
18 1.74682e+07 33682.1 0.999926 2.4521e-05 1e+06 0.000723292 1.00849e-05 0.0819304 0.142647 0.0108272 0.000117376 0 0 999968 1972.69 1.79994e+07 35510.2 0 0 0.0314254 0.104208 200041 322.175 29130.9 240.083 2.46143e+06 8490.08 2.6906e+06 8041.53 0.00543153 3.0605e-05 0.116723 0.143551 200040 322.135 0.000867185 0
19 1.84439e+07 33548.2 0.999928 2.46275e-05 1e+06 0.000844502 1.46166e-05 0.0808081 0.129638 0.0140999 0.000171966 0 0 1e+06 1909.34 1.90001e+07 36276.8 0 0 0.108453 0.189222 208250 275.035 34549.3 305.233 2.20763e+06 9275.19 2.45043e+06 8831.98 0.00608969 3.89836e-05 0.119617 0.116569 208249 275.059 0.00102729 0
20 1.94193e+07 35024.9 0.999922 2.63043e-05 1e+06 0.00100206 1.76247e-05 0.151515 0.203189 0.018407 0.000192149 0 0 999963 1844.58 1.99993e+07 36892 0 0 0.383838 0.335886 215313 294.577 40604.4 282.013 1.95009e+06 8872.41 2.20601e+06 8460.31 0.00690042 4.31796e-05 0.177778 0.182743 215313 294.597 0.00124565 0
21 2.0396e+07 35981.2 0.999919 2.83835e-05 1e+06 0.00120996 2.14481e-05 0.172679 0.212699 0.0241149 0.0002508 0 0 999947 1781.09 2.09989e+07 37405.9 0 0 0.881674 0.604743 220977 253.702 47240.7 293.373 1.69085e+06 9169.13 1.95907e+06 8772.09 0.00791258 5.39398e-05 0.191438 0.195107 220977 253.731 0.00154972 0
22 2.13725e+07 35934.4 0.99992 2.354e-05 1e+06 0.00149206 3.0436e-05 0.230487 0.24907 0.0317833 0.000353809 0 0 999773 1717.13 2.1995e+07 37772.2 0 0 2.31313 1.00901 224585 259.281 54431.1 330.429 1.43365e+06 9525.96 1.71267e+06 9159.41 0.00918658 6.91595e-05 0.237374 0.228194 224584 259.23 0.00199219 0
23 2.23453e+07 34189.7 0.999917 2.52173e-05 1e+06 0.00187712 4.08065e-05 0.328942 0.250882 0.0420089 0.000451281 0 0 999372 1599.49 2.29855e+07 36792.2 0 0 6.61045 1.92558 225653 295.441 61857.8 329.556 1.18507e+06 8664.31 1.47258e+06 8381.26 0.0107813 8.15854e-05 0.36144 0.244287 225653 295.391 0.00266042 0
24 2.33116e+07 37240 0.999917 2.49309e-05 1e+06 0.00239606 6.72743e-05 0.387205 0.335758 0.055232 0.00061879 0 0 998556 1580.24 2.39653e+07 37926.5 0 0 16.9705 2.9385 223768 396.499 68962.1 334.821 955949 8489.95 1.24868e+06 8321.21 0.0127138 0.00010514 0.408249 0.325722 223767 396.482 0.00366219 0
25 2.42526e+07 41033 0.999916 2.1749e-05 1e+06 0.00309535 9.04036e-05 0.600404 0.368694 0.0715905 0.000779822 0 0 996640 1672.65 2.4916e+07 41813.9 0 0 40.7143 4.20024 218392 446.029 75204.6 281.896 756971 7866.02 1.05057e+06 7857.65 0.0149253 0.000126104 0.634343 0.399515 218391 446.145 0.00518303 0
26 2.51501e+07 38993.3 0.999918 2.33752e-05 1e+06 0.00400545 0.000135338 0.700077 0.323689 0.0898646 0.000847452 0 0 992963 1576.9 2.5817e+07 41004.7 0 0 84.9161 7.15132 209970 537.303 79811.5 252.695 598406 5917.25 888187 6093.72 0.0171781 0.000125797 0.845377 0.426506 209969 537.34 0.00740307 0
27 2.59802e+07 43943.5 0.999903 2.879e-05 1e+06 0.00511919 0.000171965 0.929293 0.41591 0.1077 0.000907522 0 0 986896 1647.62 2.66462e+07 44485 0 0 158.37 9.43596 199435 646.667 82366.2 219.355 483017 4799.54 764819 5164.98 0.0191158 0.000123472 1.1706 0.581805 199432 646.843 0.0104515 0
28 2.67465e+07 44602.9 0.999892 2.91252e-05 1e+06 0.00642671 0.000218345 1.0974 0.365446 0.123428 0.000767093 0 0 978921 1598.06 2.74098e+07 44742.4 0 0 255.443 11.5262 187970 662.219 83069.1 164.927 402002 3617.46 673041 4132.55 0.0205637 0.000106537 1.55123 0.626581 187962 662.383 0.0143255 0
29 2.74579e+07 44716.1 0.999871 3.37854e-05 1e+06 0.00791991 0.000300512 1.36607 0.358011 0.136688 0.00064428 0 0 969577 1576.1 2.81177e+07 45710.7 0 0 369.137 12.6896 176330 719.832 82428.3 185.434 344297 2603.24 603055 3258.06 0.0215459 8.0423e-05 2.12261 0.751274 176306 721.449 0.0189727 0
30 2.81347e+07 56944.7 0.999867 3.51102e-05 1e+06 0.00959226 0.000351202 1.55589 0.356086 0.147965 0.000630983 0 0 959652 1912.04 2.87896e+07 57360.9 0 0 489.513 14.191 164921 789.875 80828.1 250.124 300527 2337.9 546275 3074.12 0.0221887 8.03057e-05 2.76633 0.836801 164864 795.411 0.0243083 0
31 2.8781e+07 57770.5 0.999842 4.80127e-05 1e+06 0.0114699 0.000391704 1.65461 0.356132 0.15761 0.000532652 0 0 949389 1927.78 2.94311e+07 59762.2 0 0 614.243 16.9145 153848 687.76 78469.1 261.257 265559 1875.39 497876 2629.03 0.0225946 6.62563e-05 3.11437 0.958973 153725 692.526 0.0304608 0
32 2.94505e+07 61059.4 0.999812 4.51268e-05 1e+06 0.0136273 0.000583073 1.86553 0.361266 0.166059 0.000552317 0 0 940388 1908.76 3.00924e+07 61079.9 0 0 722.195 17.5642 142885 866.821 75452.8 333.268 236042 1698.3 454380 2707.28 0.0228395 5.93807e-05 3.83207 1.10261 142644 878.307 0.0375587 0
33 3.01313e+07 69359 0.999793 5.79184e-05 1e+06 0.0160873 0.000732858 2.0352 0.271439 0.173358 0.000593741 0 0 932175 2110.1 3.07618e+07 69637.8 0 0 821.539 20.1158 132230 858.875 71959.9 401.191 210911 1858.42 415101 2941.67 0.0229419 6.9213e-05 4.64187 1.23445 131794 879.008 0.0457917 0
34 3.08872e+07 73106.2 0.999764 5.92318e-05 1e+06 0.0190659 0.00127035 2.30689 0.26077 0.179411 0.000652026 0 0 926507 2092.49 3.15012e+07 71148.4 0 0 889.434 19.4268 121287 1086.26 67706.7 556.585 188394 1919.64 377388 3381.98 0.0229153 6.87586e-05 5.9893 1.33771 120520 1130.49 0.0564515 0
35 3.17402e+07 74529.5 0.999765 5.44824e-05 1e+06 0.0226817 0.00200395 2.41876 0.256875 0.183949 0.000698267 0 0 923704 2094.16 3.23296e+07 73296.1 0 0 922.225 20.1214 110230 1230.37 62684.4 690.15 167856 1846.03 340771 3619.21 0.0227634 6.6406e-05 7.25512 1.70594 108960 1303.23 0.0701211 0
36 3.28001e+07 90646.6 0.999763 6.08468e-05 1e+06 0.0274384 0.00384346 2.6271 0.323631 0.186003 0.00082198 0 0 926530 2461.5 3.33551e+07 88616.2 0 0 885.234 23.8493 98477.8 1376.69 56561.5 857.894 149043 1824.74 304082 3935.56 0.0223836 7.18606e-05 9.7298 2.26938 96376.6 1489.78 0.0919072 0
37 3.40671e+07 132881 0.999773 5.57341e-05 1e+06 0.033404 0.00726358 2.89189 0.256833 0.184696 0.00123967 0 0 934570 3440.52 3.45791e+07 127296 0 0 782.612 35.5416 87099.2 1489.46 49834.8 1030.66 132866 1730.95 269800 4116.63 0.0217307 0.000109126 14.413 3.82796 83831.8 1666.23 0.126105 0
38 3.5522e+07 139713 0.999784 4.94288e-05 1e+06 0.040864 0.0128598 3.14779 0.238203 0.179289 0.00179311 0 0 946809 3491.32 3.59787e+07 132678 0 0 624.857 36.0308 76557.1 1532.12 42980.7 1105.83 120157 1546.28 239695 4051.2 0.0207105 0.000158804 22.9136 6.28638 71800.8 1754.66 0.183255 0
39 3.69601e+07 132129 0.999797 4.43004e-05 1e+06 0.0490197 0.0244332 3.36234 0.229011 0.17165 0.00235522 0 0 958083 3173.99 3.73652e+07 123786 0 0 475.774 33.7828 68388.9 1470.15 37265.5 1118.56 111402 1317.93 217056 3762.6 0.0195104 0.000204839 34.5512 8.85834 62135.4 1713.11 0.26942 0
40 3.83139e+07 120768 0.999807 4.11704e-05 1e+06 0.058126 0.0408078 3.55581 0.204428 0.162922 0.00258815 0 0 966772 2789.22 3.86709e+07 111569 0 0 354.368 29.318 61976.1 1378.57 32565.3 1036.46 105294 1191.56 199835 3417.04 0.0182457 0.000236584 50.1429 9.61341 54312.5 1620.51 0.388721 0
41 3.95383e+07 119173 0.999802 4.96075e-05 1e+06 0.0671116 0.0517291 3.7359 0.233352 0.155098 0.00274483 0 0 972184 2742.74 3.98596e+07 112448 0 0 270.553 26.0201 57324.4 1310.17 29055.5 998.965 100904 1081.05 187284 3261.94 0.0171144 0.000243223 67.9764 14.2574 48489.3 1545.5 0.514668 0
42 4.06813e+07 101102 0.999791 4.88572e-05 1e+06 0.078907 0.0739717 3.86941 0.190367 0.146486 0.00285887 0 0 975396 2303.82 4.09666e+07 96757.7 8.60133e-06 4.96411e-05 203.367 20.674 53211 1200.92 25851.3 935.313 97358.7 1154.05 176421 3118 0.0159659 0.000246852 96.037 17.9987 43244.9 1408.83 0.698357 0
43 4.17326e+07 102641 0.999764 6.18542e-05 1e+06 0.0917234 0.09515 4.00775 0.193163 0.138074 0.00348121 0 0 976416 2275.36 4.19859e+07 97843 3.82167e-05 0.000109491 154.992 18.4091 49754.7 1260.88 23114.2 986.521 94463.3 996.672 167332 3073.73 0.0148978 0.000294152 131.828 21.3826 38785 1489.22 0.898884 0
44 4.27472e+07 103498 0.999719 7.99149e-05 1e+06 0.102875 0.112589 4.16667 0.150132 0.13103 0.00336137 0 0 976762 2339.67 4.29775e+07 102945 0.000109988 0.00021756 122.278 15.1403 47243.9 1092.43 21021.9 881.066 92105.1 906.987 160371 2731.33 0.0140059 0.000266903 159.373 23.4911 35411.2 1285.65 1.07435 0
45 4.36965e+07 122150 0.99964 0.000121514 1e+06 0.117244 0.145861 4.23412 0.164859 0.122874 0.00369481 0 0 975590 2754.77 4.39015e+07 123968 0.000255548 0.000358618 95.0442 11.7758 44668.7 1108.7 18868.6 897.662 89944.6 968.771 153482 2808.98 0.0130777 0.000282886 199.084 32.3442 31993.9 1293.51 1.30842 0
46 4.46152e+07 126238 0.999593 0.000127088 1e+06 0.129686 0.162869 4.32169 0.13518 0.116087 0.00363587 0 0 973953 2767 4.48019e+07 127277 0.000383449 0.000440157 77.2523 11.1577 42800.1 1011.67 17219.2 808.566 88240.6 847.729 148260 2463.5 0.0123119 0.000270698 235.54 34.0328 29399.9 1178.03 1.52358 0
47 4.5517e+07 139854 0.9995 0.000142952 1e+06 0.141387 0.144514 4.38964 0.133393 0.109172 0.00353926 0 0 972026 2952.87 4.56852e+07 138791 0.000604728 0.000587717 63.8306 9.39267 41039 842.225 15631.5 734.842 86446.6 882.136 143117 2242.68 0.0115876 0.000242965 269.616 30.3661 26941.8 998.01 1.70544 0
48 4.63962e+07 142251 0.999438 0.000156778 1e+06 0.152322 0.160174 4.4638 0.112779 0.102418 0.00390299 0 0 969763 2958.75 4.65486e+07 142025 0.000698802 0.00061203 52.3645 8.21229 39519.9 915.387 14195.9 770.932 84808.8 806.46 138525 2329.27 0.0109241 0.000257897 307.35 35.0524 24768.8 1069.03 1.91788 0
49 4.72589e+07 190365 0.999398 0.000159556 1e+06 0.165303 0.185004 4.53845 0.121056 0.0944825 0.00439105 0 0 967220 3887.5 4.73938e+07 190491 0.00093649 0.000796813 42.1325 6.99153 37869 951.636 12647.1 808.023 83234.4 784.074 133750 2397.37 0.0102215 0.00027951 345.576 38.3783 22454.2 1107.87 2.13708 0
50 4.80792e+07 188756 0.999322 0.00013881 1e+06 0.175626 0.162841 4.59192 0.11741 0.0880237 0.00405847 0 0 964024 3764.66 4.82012e+07 188232 0.00135987 0.000734659 35.8281 5.62024 36654.1 816.535 11429.1 703.748 81667.2 794.515 129750 2128.8 0.00966262 0.000245618 385.982 38.072 20669.4 951.126 2.34602 0
51 4.89019e+07 224701 0.999278 0.00015924 1e+06 0.188177 0.190233 4.66568 0.085916 0.0804386 0.00389027 0 0 960986 4385.54 4.90103e+07 223665 0.00175624 0.000911109 29.9529 4.44001 35362.5 697.807 10113.9 623.553 80179.7 730.55 125656 1811.07 0.00907215 0.000224998 424.124 45.6217 18787.2 827.022 2.58692 0
52 4.97606e+07 268062 0.99928 0.000164268 1e+06 0.197777 0.245936 4.72805 0.0856983 0.0736791 0.00439726 0 0 958799 5156.43 4.98576e+07 268130 0.00196501 0.00129603 26.0814 4.29807 34339.5 752.25 9013.2 671.204 78870.1 735.148 122223 1966.68 0.00856645 0.000240364 452.052 52.4428 17213.8 872.761 2.75752 0
53 5.06358e+07 256446 0.999247 0.000158869 1e+06 0.205325 0.206925 4.75739 0.0838671 0.0674247 0.00401594 0 0 957035 4804.93 5.07229e+07 254670 0.00206968 0.00100497 22.8698 4.04687 33493.6 604.403 8048.65 583.434 77740.3 704.173 119283 1688.53 0.00811668 0.000204116 475.751 49.9983 15834.1 730.327 2.88848 0
54 5.14324e+07 278704 0.999234 0.000157489 1e+06 0.215489 0.238147 4.7804 0.0768737 0.0596308 0.00411803 0 0 953856 5142.07 5.15082e+07 277675 0.00250766 0.00121901 20.5378 3.87186 32492 580.465 6905.8 566.738 76310 664.35 115708 1627.69 0.00762681 0.000198598 511.429 52.3462 14305.7 699.017 3.12378 0
55 5.24045e+07 315961 0.999296 0.000171911 1e+06 0.222991 0.25298 4.81524 0.0679666 0.0522144 0.00422699 0 0 954013 5698.99 5.24707e+07 313447 0.00224114 0.00156065 18.4053 3.69742 31760.7 473.755 5883.87 547.856 74933.1 731.462 112578 1538.79 0.00720433 0.000184719 514.954 53.2201 13014.6 614.089 3.15353 0
56 5.3201e+07 382733 0.999327 0.000164341 1e+06 0.231384 0.293792 4.85408 0.0577116 0.0450313 0.00443973 0 0 951046 6790.13 5.32586e+07 380253 0.00233508 0.00149629 16.3496 3.1331 31102.6 452.396 4929.18 542.746 73307.2 661.094 109339 1408.37 0.00683043 0.000181648 552.08 66.6633 11882.1 584.683 3.35856 0
57 5.41127e+07 377247 0.999397 0.000157089 1e+06 0.237596 0.32188 4.87932 0.0508144 0.037626 0.00422036 0 0 950221 6584.99 5.41626e+07 375348 0.0021614 0.00157661 14.9667 2.89123 30690.9 384.993 4008.09 496.287 71689.2 701.597 106388 1362.88 0.00649866 0.000148991 565.327 63.2641 10969.4 475.413 3.45934 0
58 5.51078e+07 398496 0.99949 0.000152453 1e+06 0.243449 0.383113 4.89881 0.0485577 0.0304361 0.00450613 0 0 950881 6837.08 5.51511e+07 396552 0.00164563 0.00146482 13.767 2.82212 30432.3 540.983 3160.74 504.639 70084.3 801.365 103677 1279.79 0.00620811 0.000162737 564.864 70.0424 10195.4 616.406 3.43209 0
59 5.59855e+07 455993 0.999607 0.00011498 1e+06 0.250453 0.487354 4.92227 0.0355701 0.0233856 0.00424639 0 0 949535 7673.15 5.60225e+07 452720 0.00113585 0.00109887 12.9055 2.62886 30048.2 1034 2361.38 454.05 68389.7 1249.21 100799 1103.68 0.0059294 0.000223816 588.377 82.474 9351.09 1161.75 3.59187 0
60 5.65529e+07 400958 0.99966 0.000100835 1e+06 0.256587 0.386909 4.9399 0.0362217 0.019252 0.0032811 0 0 943091 6611.47 5.65855e+07 396687 0.00146411 0.00121738 12.0542 2.4889 29553.7 1755.42 1900.44 341.726 67125.7 1988.97 98579.9 940.165 0.00571311 0.000326759 664.025 71.2309 8553.9 1922.94 3.8486 0
61 5.68671e+07 570834 0.999672 0.000129969 1e+06 0.262329 0.509325 4.94949 0.0393151 0.0169378 0.00345019 0 0 932717 9253.33 5.68957e+07 564453 0.00332817 0.00322578 11.7341 2.37394 28939.7 2274.67 1639.8 343.993 66120.5 2394.77 96700.1 721.079 0.00552992 0.000438989 768.135 79.9814 7754.98 2540.12 4.26209 0
62 5.70174e+07 505056 0.999662 0.000120967 1e+06 0.267285 0.403883 4.96285 0.0394739 0.0162984 0.00290863 0 0 920058 8047.78 5.70436e+07 498964 0.00724879 0.00456483 12.1712 2.29086 28389 2302.35 1551.44 283.692 65173.9 2397.43 95114.4 594.082 0.00540609 0.000433323 873.902 44.8321 7110.28 2545.24 4.83407 0
63 5.70483e+07 673842 0.999623 0.00019164 1e+06 0.273141 0.438874 4.96905 0.0385131 0.0155369 0.00321253 0 0 905911 10577.4 5.70724e+07 666376 0.0162236 0.00897761 11.0229 2.42517 27862 2481.69 1452.73 306.302 64110.4 2592.59 93425.1 569.576 0.00528764 0.000486646 937.995 23.201 6534.47 2813.08 5.37507 0
64 5.72482e+07 559541 0.999612 0.000186777 1e+06 0.277578 0.316166 4.97791 0.034547 0.0148652 0.00289438 0 0 894846 8630.72 5.72701e+07 552368 0.0250273 0.00860414 11.3919 2.20631 27459.9 2463.07 1369.36 274.121 63201.2 2500.14 92030.5 631.466 0.00518483 0.000471635 965.117 4.91541 6025.76 2752.62 5.77486 0
65 5.74245e+07 611112 0.999632 0.000227295 1e+06 0.282034 0.312432 4.98555 0.0297263 0.0141107 0.0030519 0 0 883738 9287.02 5.74429e+07 603655 0.0353392 0.00962243 11.1218 2.46196 26523.6 2293.52 1280.16 283.093 62829.1 2317.49 90632.9 585.566 0.00499221 0.000448406 974.868 5.21577 4967.57 2607.55 6.12969 0
66 5.73929e+07 723982 0.999598 0.000263931 1e+06 0.287358 0.300534 4.98668 0.0285929 0.0140859 0.00330401 0 0 869854 10849.2 5.74104e+07 716052 0.0490459 0.0115302 10.616 2.06783 26343.4 2374.98 1257.07 300.276 61561.1 2484.93 89161.5 542.607 0.00495794 0.000474784 977.618 5.83163 4789.75 2738.13 6.50853 0
67 5.75312e+07 631846 0.999574 0.000304308 1e+06 0.291795 0.214377 4.98914 0.0253531 0.0138081 0.00326007 0 0 858927 9320.12 5.75481e+07 624447 0.0598458 0.00964231 10.6588 1.93898 26181 2263.66 1216.31 293.964 60582.2 2220.56 87979.5 607.013 0.00490585 0.000449716 979.192 5.58108 4558.22 2584.88 6.74659 0
68 5.75817e+07 632885 0.999597 0.000287291 1e+06 0.296194 0.224419 4.99406 0.0195989 0.0138046 0.00319857 0 0 847002 9212.79 5.75962e+07 626466 0.0715877 0.00959472 10.5358 2.05896 25471.8 1933.61 1198.31 283.709 60040.3 1935.14 86710.4 561.392 0.00477975 0.000388862 981.561 4.50111 3799.46 2236.52 7.04257 0
69 5.75842e+07 658912 0.999575 0.000326544 1e+06 0.301255 0.212996 4.99634 0.0158677 0.0137767 0.00338946 0 0 834754 9459.12 5.7598e+07 652675 0.0837573 0.00981477 10.5936 2.12688 25232.4 1828.3 1179.26 297.436 59069.8 1736.69 85481.4 610.07 0.00472878 0.000371276 982.515 4.28538 3544.7 2134.83 7.29919 0
70 5.78102e+07 642388 0.999643 0.000323948 1e+06 0.305165 0.201579 4.99711 0.014065 0.0128161 0.00348823 0 0 826015 9099.92 5.7821e+07 636996 0.0924034 0.00936109 10.1665 2.07242 24607.1 1499.72 1080.97 302.041 58521.3 1374.68 84209.4 599.384 0.00459132 0.00031811 984.177 3.14127 2793.25 1795.09 7.44817 0
