#1-sta 2-avgThroughput 3-stdThroughput 4-JFI 5-stdJFI 6-Bandwidth 7-avgDelay 8-stdDelay 9-avgBackoffStage 10-stdBackoffStage 11-totalFractionOfCollisionSlots 12.stdCollidingSlots 13.avgThroughputDCF 14. stdThroughputDCF 15.avgThroughputECA 16.stdThroughputECA 17.Sum of 15 and 16 18. std of 17 19. AvgBlockingProb 20. StdBlockingProb 21. AvgDroppedPackets 22.StdDropped 23.SxSlots 24.stdSxSlots 25.ColSlots 26.StdColSlots 27.EmptySlots 28.stdEmpty 29.totalSlots 30.stdTotalSlots 31.averageTAU 32.stdTAU 33.avgQSize 34.stdQSize 35.avgQEmpty 36.stdQEmpty 37. avgQDelay 38. stdQDelay
2 5.9194e+07 84665.7 1 0 6.5e+07 0.0088571 0.000186493 0.010101 0.0999949 5.67141e-08 5.61441e-07 0 0 2.95957e+07 42337.8 5.91914e+07 84665.7 0.0243902 2.42861e-17 0 0 22580.7 32.2984 0.010101 0.0999949 68645.2 8808.21 91226 8776.01 0.124364 0.0062492 1000 0 0 0 50.001 0
3 5.93718e+07 282801 0.975299 0.0453018 6.5e+07 0.0135892 0.00248089 0.215488 0.421938 2.91668e-06 5.04305e-06 0 0 1.97898e+07 94274.3 5.93692e+07 282812 0.0243902 2.42861e-17 0 0 22648.5 107.887 0.323232 0.632907 49933.5 29408.3 72582.4 29301 0.112472 0.0230758 1000 0 0 0 50.0016 0
4 5.94722e+07 258641 0.93495 0.0798738 6.5e+07 0.0194088 0.00645042 0.419192 0.552575 9.86435e-06 1.0469e-05 0 0 1.48674e+07 64655.6 5.94696e+07 258576 0.0243902 2.42861e-17 0 0 22686.8 98.6663 0.828283 1.09212 39292.8 26759.6 61980.5 26662 0.102187 0.0269783 1000 0 0 0 50.0036 0
5 5.94587e+07 322944 0.887986 0.0940234 6.5e+07 0.0266905 0.0108101 0.771717 0.684023 2.43853e-05 1.6548e-05 0 0 1.18912e+07 64590.2 5.94561e+07 322937 0.0243902 2.42861e-17 0 0 22681.7 123.196 1.86869 1.66149 40508.5 33305.7 63192 33184 0.085623 0.0307264 1000 0 0 0 50.008 0
6 5.93995e+07 363408 0.827258 0.104251 6.5e+07 0.0361871 0.0143242 1.20875 0.768832 4.68826e-05 1.98822e-05 0 0 9.89949e+06 60548.4 5.93969e+07 363297 0.0243902 2.42861e-17 0.053872 0.533306 22659.1 138.632 3.52525 2.27122 46227.3 37365.8 68890 37229.2 0.0685149 0.0296362 1000 0 0 0 50.0099 0
7 5.93376e+07 342310 0.749538 0.123627 6.5e+07 0.0497603 0.0257621 1.6912 0.695631 7.62298e-05 1.97918e-05 0 0 8.47643e+06 48893.8 5.9335e+07 342253 0.0243902 2.42861e-17 0.0461761 0.45712 22635.5 130.58 5.72727 2.46928 52091.5 35142.2 74732.8 35013.9 0.0517866 0.0220057 1000 0 0 0 50.012 0
8 5.94009e+07 322712 0.766486 0.124066 6.5e+07 0.0526788 0.0202427 1.70707 0.674004 9.74847e-05 1.69357e-05 0 0 7.42478e+06 40338.6 5.93982e+07 322715 0.0243902 2.42861e-17 0.121212 0.685679 22659.6 123.105 6.58586 2.86395 45244.3 32974.1 67910.5 32853.6 0.0492766 0.0184593 1000 0 0 0 50.0147 0
9 5.93358e+07 238118 0.741899 0.10242 6.5e+07 0.0634822 0.0362007 2.10101 0.54641 0.000122972 1.53628e-05 0 0 6.59257e+06 26457.8 5.93332e+07 238122 0.0243902 2.42861e-17 0.0359147 0.355538 22634.8 90.836 8.9697 2.5523 51400.8 24243.3 74044.6 24154.8 0.0378568 0.0127432 1000 0 0 0 50.0168 0
10 5.93234e+07 249310 0.733137 0.107772 6.5e+07 0.0715817 0.0364697 2.28081 0.516139 0.000148845 1.94676e-05 0 0 5.93208e+06 24930.4 5.93208e+07 249304 0.0243902 2.42861e-17 0.0646465 0.450211 22630.1 95.1044 10.8485 2.7019 52170.7 25382.7 74811.6 25290 0.0335044 0.0106854 1000 0 0 0 50.0143 0
11 5.92859e+07 237689 0.716446 0.102284 6.5e+07 0.0804942 0.0360369 2.50872 0.466584 0.000172238 2.27641e-05 0 0 5.38939e+06 21607.6 5.92833e+07 237688 0.0243902 2.42861e-17 0.0587695 0.409282 22615.8 90.6697 13.0505 2.6529 55489.4 24170.2 78118.2 24081.9 0.0287594 0.00842575 1000 0 0 0 50.0251 0
12 5.9256e+07 256931 0.704877 0.107295 6.5e+07 0.0866089 0.04946 2.67929 0.528822 0.000194399 2.5156e-05 0 0 4.93778e+06 21410.5 5.92534e+07 256927 0.0243902 2.42861e-17 0.161616 0.636284 22604.4 98.0098 15.202 3.49019 58013.4 25973.5 80633 25878.7 0.0258605 0.00834302 1000 0 0 0 50.0182 0
13 5.9241e+07 241956 0.700801 0.0870254 6.5e+07 0.0947618 0.0619395 2.82906 0.457971 0.000217526 2.75482e-05 0 0 4.5568e+06 18611.9 5.92383e+07 241957 0.0243902 2.42861e-17 0.149184 0.587339 22598.6 92.2991 17.2121 3.40906 59045.2 24423.6 81661.1 24334.4 0.0231954 0.00660612 1000 0 0 0 50.0143 0
14 5.9278e+07 232644 0.697625 0.0964489 6.5e+07 0.100691 0.0487586 2.86075 0.430177 0.000247386 3.22081e-05 0 0 4.23396e+06 16617.3 5.92754e+07 232639 0.0243902 2.42861e-17 0.0923519 0.450068 22612.8 88.746 18.5455 3.30678 54810.2 23487.7 77441.5 23401.9 0.0225534 0.00601977 1000 0 0 0 50.0212 0
15 5.92378e+07 219566 0.706384 0.0811787 6.5e+07 0.105616 0.0732142 3.01549 0.439245 0.000266042 3.43536e-05 0 0 3.94901e+06 14637.9 5.92352e+07 219576 0.0243902 2.42861e-17 0.129293 0.509026 22597.4 83.7583 20.9192 3.63673 58360.7 22041.2 80979 21960.7 0.0201063 0.00570208 1000 0 0 0 50.0117 0
16 5.92566e+07 236396 0.70287 0.0732334 6.5e+07 0.114368 0.0487637 3.06187 0.43894 0.000296129 4.00349e-05 0 0 3.70338e+06 14774 5.92541e+07 236378 0.0243902 2.42861e-17 0.0808081 0.48569 22604.6 90.1772 22.4444 4.05074 55963.1 23639.6 78590.1 23553.2 0.0196931 0.00597867 1000 0 0 0 50.027 0
17 5.92583e+07 235713 0.700524 0.0904708 6.5e+07 0.118671 0.0455198 3.13607 0.414906 0.000322658 4.30109e-05 0 0 3.48563e+06 13865.6 5.92557e+07 235712 0.0243902 2.42861e-17 0.152109 0.513016 22605.2 89.9168 24.2727 3.90498 55302.5 23648.7 77932 23562.4 0.0184196 0.00474627 1000 0 0 0 50.0386 0
18 5.93027e+07 181843 0.706974 0.0824231 6.5e+07 0.125508 0.0540333 3.13356 0.380167 0.000359348 4.28162e-05 0 0 3.29445e+06 10098.8 5.93001e+07 181779 0.0243902 2.42861e-17 0.0897869 0.389307 22622.2 69.3674 25.5859 3.88733 50298.9 18034.4 72946.7 17968.5 0.0182811 0.00428095 1000 0 0 0 50.0302 0
19 5.92392e+07 211019 0.712745 0.08634 6.5e+07 0.129671 0.076913 3.30463 0.390095 0.0003728 4.45072e-05 0 0 3.11772e+06 11108 5.92366e+07 211054 0.0243902 2.42861e-17 0.204147 0.599545 22598 80.4989 28.5657 4.64532 56122.8 20870.3 78749.3 20794.1 0.016193 0.00418563 1000 0 0 0 50.0336 0
20 5.9277e+07 179199 0.708306 0.0798656 6.5e+07 0.136917 0.0564998 3.31212 0.35683 0.000408815 4.46138e-05 0 0 2.96372e+06 8957.87 5.92744e+07 179157 0.0243902 2.42861e-17 0.177778 0.551867 22612.4 68.3592 29.798 4.33911 51841.3 17621.6 74483.4 17557.2 0.0160428 0.00365953 1000 0 0 0 50.0365 0
21 5.92662e+07 173758 0.69587 0.0708083 6.5e+07 0.14388 0.0740894 3.40115 0.34895 0.000434716 4.83394e-05 0 0 2.82208e+06 8272.87 5.92636e+07 173740 0.0243902 2.42861e-17 0.15392 0.459188 22608.3 66.2828 31.9293 4.50645 52376.3 17013.5 75016.5 16951.3 0.0151417 0.00340422 1000 0 0 0 50.0356 0
22 5.92297e+07 209119 0.701298 0.0797711 6.5e+07 0.149524 0.0907793 3.51056 0.374985 0.000459533 5.98694e-05 0 0 2.69214e+06 9505.31 5.92271e+07 209120 0.0243902 2.42861e-17 0.279156 0.608982 22594.3 79.7714 34.7879 5.14884 55418.1 20563.8 78047.2 20488.7 0.0141089 0.0036195 1000 0 0 0 50.029 0
23 5.92316e+07 161847 0.689241 0.077096 6.5e+07 0.156023 0.0564249 3.58234 0.301468 0.000485647 5.19656e-05 0 0 2.57517e+06 7036.36 5.9229e+07 161844 0.0243902 2.42861e-17 0.252964 0.571895 22595.1 61.7363 36.8182 4.19081 54653.9 15856.7 77285.8 15798.7 0.0132822 0.00266383 1000 0 0 0 50.0596 0
24 5.92425e+07 177893 0.685008 0.0785692 6.5e+07 0.161705 0.0843262 3.60606 0.304824 0.000525043 5.9445e-05 0 0 2.46833e+06 7412.07 5.92399e+07 177896 0.0243902 2.42861e-17 0.255892 0.558232 22599.2 67.8618 38.8384 4.99435 52970.6 17374 75608.7 17310.5 0.0130844 0.00265204 1000 0 0 0 50.045 0
25 5.92463e+07 147499 0.690158 0.0725569 6.5e+07 0.167148 0.0621199 3.65131 0.276254 0.000545373 5.65233e-05 0 0 2.36975e+06 5898.34 5.92437e+07 147457 0.0243902 2.42861e-17 0.219798 0.482732 22600.7 56.2664 40.1212 4.53332 52212.5 14286.9 74853.3 14234.7 0.0125932 0.00250452 1000 0 0 0 50.0528 0
26 5.92288e+07 152441 0.697388 0.0732553 6.5e+07 0.170723 0.0569383 3.71834 0.286406 0.000572102 5.71183e-05 0 0 2.27793e+06 5864.14 5.92262e+07 152460 0.0243902 2.42861e-17 0.310801 0.6146 22594 58.1528 42.7071 4.67154 53324.1 14747.2 75960.8 14693.4 0.0119296 0.00234472 1000 0 0 0 50.062 0
27 5.92293e+07 155577 0.69163 0.071157 6.5e+07 0.176262 0.0742779 3.76281 0.269039 0.000594021 6.21855e-05 0 0 2.19358e+06 5762.28 5.92267e+07 155571 0.0243902 2.42861e-17 0.239432 0.475862 22594.2 59.3477 44.0606 4.87172 52910.6 15030.6 75548.9 14975.6 0.0115568 0.00222805 1000 0 0 0 50.052 0
28 5.92184e+07 176411 0.709082 0.0710359 6.5e+07 0.17896 0.0681018 3.80231 0.295307 0.000623248 6.88628e-05 0 0 2.11485e+06 6300.35 5.92157e+07 176414 0.0243902 2.42861e-17 0.380953 0.60779 22590 67.2969 46.404 5.62627 53431.7 17053.6 76068.1 16991.3 0.0111322 0.00223108 1000 0 0 0 50.0644 0
29 5.92352e+07 130088 0.703999 0.0681953 6.5e+07 0.185419 0.0432891 3.8248 0.250664 0.000658013 5.88223e-05 0 0 2.0425e+06 4482.74 5.92326e+07 130009 0.0243902 2.42861e-17 0.390108 0.652586 22596.4 49.6241 48 5.00707 51206.1 12363.6 73850.5 12318.4 0.0109097 0.00186992 1000 0 0 0 50.0841 0
30 5.92316e+07 143493 0.697004 0.0624213 6.5e+07 0.190767 0.0643506 3.86566 0.263809 0.000689854 6.78926e-05 0 0 1.9743e+06 4780.85 5.92291e+07 143432 0.0243902 2.42861e-17 0.334007 0.599701 22595.1 54.739 50.0505 5.58926 51027.4 13577.6 73672.5 13527.9 0.0106337 0.00200646 1000 0 0 0 50.0773 0
31 5.92032e+07 143912 0.707812 0.0699911 6.5e+07 0.194547 0.0409069 3.94656 0.245463 0.000709073 7.59077e-05 0 0 1.90969e+06 4642.3 5.92005e+07 143912 0.0243902 2.42861e-17 0.396221 0.599704 22584.2 54.8979 52.8889 5.33123 53229.7 13771.6 75866.8 13721.3 0.00998634 0.00187095 1000 0 0 0 50.0973 0
32 5.91793e+07 154946 0.712565 0.0570021 6.5e+07 0.198357 0.0459594 4.01736 0.25115 0.000725404 7.59323e-05 0 0 1.84927e+06 4842.71 5.91766e+07 154956 0.0243902 2.42861e-17 0.414141 0.66682 22575.1 59.1072 55.3939 5.98452 55065.8 14712.9 77696.3 14659.1 0.00946689 0.00180724 1000 0 0 0 50.0869 0
33 5.92104e+07 142353 0.709429 0.0666715 6.5e+07 0.204078 0.0412626 3.99663 0.249026 0.000769016 7.08726e-05 0 0 1.79418e+06 4314.84 5.92078e+07 142377 0.0243902 2.42861e-17 0.362412 0.594188 22587 54.3004 56.2323 5.94219 51553.8 13404.9 74197 13356 0.00957929 0.00169375 1000 0 0 0 50.1004 0
34 5.91926e+07 129366 0.700817 0.0655515 6.5e+07 0.20969 0.072135 4.06655 0.219444 0.000798968 7.25309e-05 0 0 1.74088e+06 3804.86 5.919e+07 129367 0.0243902 2.42861e-17 0.446821 0.618017 22580.2 49.3502 59.3333 5.45875 52573.6 12169.2 75213.1 12124.7 0.00911971 0.00147668 1000 0 0 0 50.093 0
35 5.92037e+07 119405 0.714007 0.0563161 6.5e+07 0.213516 0.0448454 4.071 0.209892 0.000827433 7.00558e-05 0 0 1.69146e+06 3411.53 5.92011e+07 119410 0.0243902 2.42861e-17 0.517172 0.651851 22584.4 45.5503 60.3939 5.53012 51135.7 11122 73780.5 11081.4 0.00901414 0.00143498 1000 0 0 0 50.1114 0
36 5.91886e+07 124082 0.715402 0.0610514 6.5e+07 0.218163 0.0487024 4.12514 0.207621 0.000851362 7.1227e-05 0 0 1.64406e+06 3445.75 5.91861e+07 124029 0.0243902 2.42861e-17 0.484849 0.706526 22578.7 47.3344 62.8687 5.85972 52016.8 11499.1 74658.4 11457.1 0.00866585 0.00137676 1000 0 0 0 50.1132 0
37 5.91983e+07 105296 0.72013 0.0542085 6.5e+07 0.221912 0.0425911 4.13322 0.176759 0.000886158 7.13669e-05 0 0 1.59988e+06 2846.06 5.91956e+07 105291 0.0243902 2.42861e-17 0.576577 0.716779 22582.3 40.1669 64.3535 5.21713 50604.1 9784.75 73250.8 9748.98 0.00853917 0.00113048 1000 0 0 0 50.1244 0
38 5.92043e+07 117246 0.720962 0.0589211 6.5e+07 0.225771 0.0376096 4.14035 0.205004 0.000922735 6.84506e-05 0 0 1.55794e+06 3086.09 5.92017e+07 117278 0.0243902 2.42861e-17 0.561403 0.598458 22584.7 44.7255 65.9798 6.21172 49527.1 10702.8 72177.7 10663.7 0.00848488 0.00130716 1000 0 0 0 50.1279 0
39 5.91893e+07 122649 0.721525 0.060128 6.5e+07 0.231664 0.0517106 4.19555 0.201555 0.000948941 8.98779e-05 0 0 1.51761e+06 3143.31 5.91867e+07 122588 0.0243902 2.42861e-17 0.580161 0.672505 22578.9 46.7867 68.4545 5.89517 50428.1 11371.2 73075.5 11329.6 0.00818585 0.00133154 1000 0 0 0 50.125 0
40 5.91731e+07 121376 0.72736 0.0608595 6.5e+07 0.234246 0.0475704 4.24268 0.197243 0.000974616 7.89521e-05 0 0 1.47926e+06 3034.11 5.91705e+07 121374 0.0243902 2.42861e-17 0.517172 0.666066 22572.7 46.2999 71.3838 6.88683 51309.5 11026.9 73953.7 10986.7 0.0078654 0.00118811 1000 0 0 0 50.1272 0
41 5.91907e+07 110529 0.720089 0.0641379 6.5e+07 0.240553 0.038724 4.24021 0.1856 0.00101638 7.6346e-05 0 0 1.44361e+06 2695.57 5.91881e+07 110534 0.0243902 2.42861e-17 0.417837 0.535629 22579.5 42.1635 72.4141 6.50254 49194.1 10027 71846 9990.43 0.00787915 0.00111302 1000 0 0 0 50.1431 0
42 5.91834e+07 113144 0.737267 0.0599139 6.5e+07 0.242399 0.0455412 4.26383 0.192975 0.00104383 9.21388e-05 0 0 1.40907e+06 2693.83 5.91808e+07 113149 0.0243902 2.42861e-17 0.531025 0.587725 22576.7 43.1624 74.404 6.12153 49405.9 10395.1 72056.9 10357.1 0.00768463 0.00114864 1000 0 0 0 50.1443 0
43 5.91687e+07 102591 0.736081 0.0545874 6.5e+07 0.247074 0.0394613 4.31078 0.159843 0.00108125 7.74237e-05 0 0 1.37596e+06 2386.76 5.91661e+07 102615 0.0243902 2.42861e-17 0.548978 0.575723 22571.1 39.1371 77.9798 6.54276 49965.6 9166.52 72614.6 9133 0.00740699 0.000927555 1000 0 0 0 50.155 0
44 5.91657e+07 108349 0.737834 0.0535432 6.5e+07 0.250588 0.038823 4.33287 0.176499 0.00110968 7.78391e-05 0 0 1.34462e+06 2461.78 5.91631e+07 108327 0.0243902 2.42861e-17 0.617081 0.680704 22569.9 41.3326 79.798 7.29464 49768 9531.34 72417.8 9496.53 0.00727797 0.00101768 1000 0 0 0 50.1582 0
45 5.91798e+07 103265 0.744432 0.0465263 6.5e+07 0.255192 0.0413578 4.32615 0.170438 0.00115111 7.7144e-05 0 0 1.31505e+06 2294.41 5.91772e+07 103214 0.0243902 2.42861e-17 0.581818 0.634135 22575.3 39.3912 80.8283 7.13087 48020.5 9020.17 70676.6 8987.16 0.00728399 0.000957836 1000 0 0 0 50.1605 0
46 5.91673e+07 100020 0.742111 0.0484238 6.5e+07 0.260318 0.0480865 4.36715 0.160045 0.001195 8.58697e-05 0 0 1.28619e+06 2174.39 5.91647e+07 100018 0.0243902 2.42861e-17 0.794027 0.685103 22570.5 38.155 84.303 6.79342 48387.8 8820.59 71042.7 8788.36 0.00708228 0.000894926 1000 0 0 0 50.1641 0
47 5.91518e+07 97260.1 0.753071 0.050474 6.5e+07 0.261953 0.0347968 4.40555 0.149985 0.00121241 8.25163e-05 0 0 1.25849e+06 2069.43 5.91492e+07 97241.5 0.0243902 2.42861e-17 0.694605 0.684142 22564.6 37.1034 86.7273 6.86054 49326.4 8539.31 71977.7 8508.12 0.00683447 0.000843847 1000 0 0 0 50.1803 0
48 5.91657e+07 85580.4 0.75863 0.0493479 6.5e+07 0.267127 0.0379367 4.39773 0.135472 0.00126495 8.124e-05 0 0 1.23257e+06 1782.93 5.91631e+07 85583.9 0.0243902 2.42861e-17 0.835016 0.711259 22569.9 32.6465 88.2424 6.35497 47462.7 7494.42 70120.8 7467.04 0.00685173 0.000743856 1000 0 0 0 50.1807 0
49 5.91563e+07 112680 0.758082 0.0583269 6.5e+07 0.271054 0.0371968 4.42486 0.164302 0.00129773 9.19583e-05 0 0 1.20722e+06 2298.41 5.91538e+07 112641 0.0243902 2.42861e-17 0.88394 0.708816 22566.4 42.9837 90.6869 8.08371 47778.2 9734.66 70435.2 9699.03 0.00673049 0.00091143 1000 0 0 0 50.1896 0
50 5.91494e+07 78453.2 0.758854 0.0459575 6.5e+07 0.274473 0.031385 4.45899 0.120617 0.00132281 8.18733e-05 0 0 1.18294e+06 1570.11 5.91468e+07 78504.1 0.0243902 2.42861e-17 0.898586 0.680233 22563.7 29.9288 92.9293 6.36476 47887.9 6759 70544.6 6734.33 0.00652666 0.000643993 1000 0 0 0 50.1904 0
51 5.9149e+07 92251.7 0.75458 0.0480102 6.5e+07 0.279725 0.039207 4.47356 0.1379 0.00136947 8.5934e-05 0 0 1.15973e+06 1809.22 5.91463e+07 92258 0.0243902 2.42861e-17 0.893641 0.767643 22563.5 35.1916 95.3131 7.61398 47293.2 7824.06 69952 7795.51 0.00647604 0.000738305 1000 0 0 0 50.1924 0
52 5.91558e+07 93752.1 0.75383 0.056312 6.5e+07 0.285068 0.0344411 4.47552 0.139074 0.00141777 9.25315e-05 0 0 1.13756e+06 1803.91 5.91532e+07 93774.4 0.0243902 2.42861e-17 0.814491 0.611134 22566.1 35.7624 96.9798 8.13271 46094.3 7865.9 68757.5 7837.17 0.00646739 0.000751225 1000 0 0 0 50.2041 0
53 5.91522e+07 91101.6 0.765362 0.0511084 6.5e+07 0.287253 0.0373117 4.49076 0.140467 0.00144924 9.64683e-05 0 0 1.11603e+06 1719.14 5.91495e+07 91105.5 0.0243902 2.42861e-17 0.933296 0.739655 22564.8 34.7543 98.8889 7.36205 45966.8 7761.94 68630.5 7733.51 0.00635652 0.000728918 1000 0 0 0 50.2039 0
54 5.91354e+07 77653.8 0.765468 0.043604 6.5e+07 0.290727 0.0292479 4.53535 0.109702 0.00147386 8.52291e-05 0 0 1.09505e+06 1438.45 5.91328e+07 77665 0.0243902 2.42861e-17 0.921813 0.620216 22558.4 29.6217 102.081 7.39598 46830.9 6430.12 69491.3 6406.62 0.00613515 0.000567886 1000 0 0 0 50.2147 0
55 5.91377e+07 79776.4 0.779919 0.0389928 6.5e+07 0.29316 0.0307666 4.53921 0.119329 0.00150389 7.64537e-05 0 0 1.07518e+06 1449.92 5.9135e+07 79773.7 0.0243902 2.42861e-17 0.893297 0.658008 22559.2 30.4308 103.313 7.36446 46262.9 6540.27 68925.4 6516.36 0.00607954 0.000601986 1000 0 0 0 50.2227 0
56 5.91335e+07 92568.2 0.7772 0.0465203 6.5e+07 0.298105 0.030206 4.55592 0.13594 0.00155598 9.44161e-05 0 0 1.05591e+06 1652.23 5.91309e+07 92529.7 0.0243902 2.42861e-17 0.964107 0.621875 22557.7 35.3122 106.152 8.12822 45914.9 7714.56 68578.7 7686.38 0.00602324 0.000686632 1000 0 0 0 50.2244 0
57 5.91349e+07 81137.2 0.783842 0.0498172 6.5e+07 0.301522 0.0311253 4.56105 0.119976 0.00160791 9.55521e-05 0 0 1.03741e+06 1424.3 5.91323e+07 81168.7 0.0243902 2.42861e-17 0.969698 0.680914 22558.2 30.9527 108.556 7.94199 45111.2 6639.65 67777.9 6615.42 0.00597199 0.00060322 1000 0 0 0 50.2288 0
58 5.91246e+07 92847.6 0.789676 0.0523165 6.5e+07 0.305283 0.0333853 4.58238 0.134639 0.00165907 0.000102548 0 0 1.01935e+06 1599.96 5.9122e+07 92822.5 0.0243902 2.42861e-17 1.15378 0.7849 22554.3 35.4165 112.04 8.72697 45216.4 7555.22 67882.7 7527.56 0.00587942 0.000689482 1000 0 0 0 50.2381 0
59 5.91228e+07 84101 0.790994 0.0388692 6.5e+07 0.308531 0.0321756 4.60161 0.120485 0.0016755 8.76666e-05 0 0 1.00204e+06 1424.81 5.91202e+07 84052.8 0.0243902 2.42861e-17 0.980655 0.683783 22553.6 32.0804 113.162 8.40479 45114.4 6721.55 67781.2 6696.95 0.00577348 0.000598135 1000 0 0 0 50.2458 0
60 5.91227e+07 82022.6 0.789874 0.0439256 6.5e+07 0.313201 0.0298702 4.61448 0.113525 0.0017165 9.32048e-05 0 0 985334 1367.02 5.91201e+07 82015.7 0.0243902 2.42861e-17 0.980472 0.721965 22553.5 31.2883 115.091 8.69121 44600 6498.97 67268.6 6475.21 0.00571734 0.000556067 1000 0 0 0 50.249 0
61 5.91235e+07 80816 0.797755 0.0481394 6.5e+07 0.31694 0.0297486 4.62063 0.115497 0.00176443 0.000106275 0 0 969195 1324.9 5.91209e+07 80815.1 0.0243902 2.42861e-17 1.06524 0.728833 22553.8 30.8295 117.131 8.69999 43965.4 6440.98 66636.4 6417.45 0.00568076 0.000573856 1000 0 0 0 50.253 0
62 5.91008e+07 69405 0.811868 0.0542592 6.5e+07 0.316782 0.0288896 4.66325 0.0854475 0.00177685 8.958e-05 0 0 953198 1120.05 5.90983e+07 69438.2 0.0243902 2.42861e-17 1.16276 0.770685 22545.2 26.4744 120.626 8.26772 45357.8 5340.41 68023.6 5320.87 0.00545565 0.000425506 1000 0 0 0 50.2585 0
63 5.91078e+07 76374.1 0.808203 0.0548003 6.5e+07 0.322387 0.0284193 4.66009 0.102894 0.00183757 9.48774e-05 0 0 938177 1211.95 5.91052e+07 76362.1 0.0243902 2.42861e-17 1.09812 0.69135 22547.8 29.1351 122.444 8.85486 44138.6 5878.01 66808.8 5856.57 0.00547966 0.00050517 1000 0 0 0 50.2672 0
64 5.90932e+07 80477 0.810913 0.0566159 6.5e+07 0.325859 0.0301755 4.68545 0.103683 0.00189541 0.00010651 0 0 923290 1257.51 5.90906e+07 80481.5 0.0243902 2.42861e-17 1.27778 0.632544 22542.3 30.6981 126.859 9.50493 44463.2 6176.8 67132.3 6154.21 0.0053727 0.00051183 1000 0 0 0 50.2789 0
65 5.91113e+07 75209.3 0.807598 0.0508828 6.5e+07 0.331978 0.0265196 4.67242 0.100022 0.00193692 0.000112326 0 0 909365 1157.18 5.91087e+07 75210 0.0243902 2.42861e-17 1.27817 0.803824 22549.2 28.6904 126.313 9.40948 42717.1 5717.44 65392.6 5696.55 0.00542778 0.000487864 1000 0 0 0 50.278 0
66 5.91158e+07 77751.7 0.809801 0.0505769 6.5e+07 0.33706 0.0292005 4.6708 0.104393 0.00200051 0.000105073 0 0 895655 1178.16 5.91132e+07 77755.8 0.0243902 2.42861e-17 1.30272 0.648834 22550.9 29.6588 128.424 9.9159 41674.2 5762.53 64353.5 5741.48 0.00543581 0.000500183 1000 0 0 0 50.2841 0
67 5.91009e+07 67111.3 0.818729 0.0452612 6.5e+07 0.338291 0.0329944 4.7021 0.0845888 0.00202145 8.68265e-05 0 0 882064 1001.62 5.90983e+07 67102.6 0.0243902 2.42861e-17 1.30273 0.75235 22545.2 25.6026 131.384 8.95861 42408.7 4852.76 65085.3 4835.01 0.00528158 0.000398219 1000 0 0 0 50.2897 0
68 5.90928e+07 70466.3 0.822357 0.04606 6.5e+07 0.341353 0.0314625 4.72029 0.0873893 0.00206329 0.000105253 0 0 868974 1036.26 5.90902e+07 70462.5 0.0243902 2.42861e-17 1.33125 0.739038 22542.1 26.8801 134.242 10.2947 42469.1 4962.67 65145.5 4944.53 0.00520203 0.000406248 1000 0 0 0 50.2937 0
69 5.90931e+07 60386.7 0.824458 0.0527304 6.5e+07 0.345895 0.0299639 4.72713 0.0727424 0.00211703 0.000107954 0 0 856384 875.377 5.90905e+07 60384.6 0.0243902 2.42861e-17 1.3023 0.708959 22542.2 23.0362 136.404 8.93401 41846.6 4351.88 64525.2 4336 0.00517078 0.000353292 1000 0 0 0 50.3007 0
70 5.90995e+07 60752.8 0.832591 0.0418012 6.5e+07 0.349315 0.0290398 4.7254 0.0757712 0.00214821 9.71407e-05 0 0 844241 867.441 5.90969e+07 60723.9 0.0243902 2.42861e-17 1.38571 0.745228 22544.7 23.1762 136.828 9.22561 41071.6 4187.71 63753.1 4172.37 0.00515896 0.000346249 1000 0 0 0 50.3043 0
