#1-sta 2-avgThroughput 3-stdThroughput 4-JFI 5-stdJFI 6-Bandwidth 7-avgDelay 8-stdDelay 9-avgBackoffStage 10-stdBackoffStage 11-totalFractionOfCollisionSlots 12.stdCollidingSlots 13.avgThroughputDCF 14. stdThroughputDCF 15.avgThroughputECA 16.stdThroughputECA 17.Sum of 15 and 16 18. std of 17 19. AvgBlockingProb 20. StdBlockingProb 21. AvgDroppedPackets 22.StdDropped 23.SxSlots 24.stdSxSlots 25.ColSlots 26.StdColSlots 27.EmptySlots 28.stdEmpty 29.totalSlots 30.stdTotalSlots 31.averageTAU 32.stdTAU 33.avgQSize 34.stdQSize 35.avgQEmpty 36.stdQEmpty 37. avgQDelay 38. stdQDelay
2 2.70061e+07 582015 1 0 6.5e+07 0.000611959 7.76656e-05 0.010101 0.0999949 6.31309e-09 6.24964e-08 0 0 1.35031e+07 291007 2.70061e+07 582020 0.0243902 2.42861e-17 0 0 327645 12894.2 0.010101 0.0999949 991020 41314.2 1.31867e+06 28419.9 0.124368 0.00624963 1000 0 0 0 50.0001 0
3 3.03169e+07 2.55699e+06 1 0 6.5e+07 0.000985481 0.000351219 0.215488 0.421938 2.82926e-07 5.29448e-07 0 0 1.01056e+07 852327 3.03168e+07 2.55696e+06 0.0243902 2.42861e-17 0 0 327268 50965.9 0.323232 0.632907 659616 134208 986885 83244.4 0.112479 0.0230784 1000 0 0 0 50.0002 0
4 3.27644e+07 3.32775e+06 1 0 6.5e+07 0.00151339 0.000898248 0.419192 0.552575 9.21152e-07 1.13299e-06 0 0 8.19107e+06 831928 3.27643e+07 3.32769e+06 0.0243902 2.42861e-17 0 0 318256 62350.2 0.828283 1.09212 481667 143606 799925 81257.4 0.102193 0.0269853 1000 0 0 0 50.0004 0
5 3.58175e+07 4.19504e+06 1 0 6.5e+07 0.00241164 0.00168865 0.771717 0.684023 2.44148e-06 1.99418e-06 0 0 7.16347e+06 838984 3.58173e+07 4.19492e+06 0.0243902 2.42861e-17 0 0 286972 75867.1 1.86869 1.66149 412606 157816 699580 81951.4 0.0856223 0.0307384 1000 0 0 0 50.0008 0
6 3.90185e+07 4.54021e+06 1 0 6.5e+07 0.00390448 0.00272777 1.20875 0.768832 5.21414e-06 2.9855e-06 0 0 6.50304e+06 756674 3.90182e+07 4.54004e+06 0.0243902 2.42861e-17 0.00168351 0.0166658 247985 80168.3 3.52525 2.27122 387111 154085 635100 73920.5 0.0685058 0.0296516 1000 0 0 0 50.0016 0
7 4.22512e+07 3.75321e+06 1 0 6.5e+07 0.00624114 0.00384013 1.6912 0.695631 9.42513e-06 3.49506e-06 0 0 6.03583e+06 536147 4.22508e+07 3.75303e+06 0.0243902 2.42861e-17 0.004329 0.0428549 205606 65059.2 5.72727 2.46928 383882 117445 589494 52388.6 0.0517655 0.0220172 1000 0 0 0 50.0028 0
8 4.31536e+07 3.47335e+06 1 0 6.5e+07 0.00682026 0.00485508 1.70707 0.674004 1.21737e-05 4.40088e-06 0 0 5.39416e+06 434147 4.31533e+07 3.47318e+06 0.0243902 2.42861e-17 0.00505051 0.0303556 201347 59567.9 6.58586 2.86395 325477 101998 526831 42433.5 0.0492561 0.0184719 1000 0 0 0 50.003 0
9 4.57753e+07 2.65531e+06 1 0 6.5e+07 0.00950031 0.00469888 2.10101 0.54641 1.7833e-05 4.24845e-06 0 0 5.08609e+06 295015 4.57748e+07 2.65514e+06 0.0243902 2.42861e-17 0.00112233 0.0111105 165801 45098 8.9697 2.5523 330951 73933.8 496761 28838.9 0.0378274 0.012753 1000 0 0 0 50.0043 0
10 4.70724e+07 2.36123e+06 1 1.01323e-07 6.5e+07 0.0116058 0.00535033 2.28081 0.516139 2.33789e-05 4.83762e-06 0 0 4.70719e+06 236106 4.70719e+07 2.36106e+06 0.0243902 2.42861e-17 0.0040404 0.0315242 151419 39743.3 10.8485 2.7019 308339 62830.7 459769 23090.5 0.0334738 0.0106905 1000 0 0 0 50.0051 0
11 4.84771e+07 2.00899e+06 1 1.42559e-07 6.5e+07 0.0144642 0.00571118 2.50872 0.466584 3.01289e-05 5.07408e-06 0 0 4.40696e+06 182620 4.84766e+07 2.00883e+06 0.0243902 2.42861e-17 0.00550964 0.0462613 134323 33524.7 13.0505 2.6529 296130 51387.1 430467 17865.6 0.0287224 0.00842953 1000 0 0 0 50.0066 0
12 4.94789e+07 2.05829e+06 1 1.9952e-07 6.5e+07 0.0174395 0.00805526 2.67929 0.528822 3.74741e-05 7.28167e-06 0 0 4.12319e+06 171510 4.94782e+07 2.05813e+06 0.0243902 2.42861e-17 0.0117845 0.0542913 123092 34036.3 15.202 3.49019 279667 50827 402774 16794.4 0.0258217 0.00834915 1000 0 0 0 50.0082 0
13 5.03876e+07 1.72831e+06 1 2.76159e-07 6.5e+07 0.0203533 0.00834325 2.82906 0.457971 4.5229e-05 7.55696e-06 0 0 3.8759e+06 132927 5.03867e+07 1.72805e+06 0.0243902 2.42861e-17 0.008547 0.0407462 112818 28328.4 17.2121 3.40906 265803 41357.8 378638 13032.9 0.0231548 0.00661095 1000 0 0 0 50.0091 0
14 5.07675e+07 1.59485e+06 1 2.59739e-07 6.5e+07 0.0219091 0.00812573 2.86075 0.430177 5.21367e-05 7.83554e-06 0 0 3.6262e+06 113905 5.07668e+07 1.59467e+06 0.0243902 2.42861e-17 0.00432901 0.0244886 110674 26057 18.5455 3.30678 243557 37220.9 354250 11167.4 0.0225134 0.00602357 1000 0 0 0 50.0096 0
15 5.16238e+07 1.55165e+06 1 3.30708e-07 6.5e+07 0.0254106 0.00860695 3.01549 0.439245 6.19714e-05 9.22059e-06 0 0 3.44153e+06 103424 5.1623e+07 1.55136e+06 0.0243902 2.42861e-17 0.00740741 0.0326721 100285 25180.9 20.9192 3.63673 235922 35322.3 336228 10145.1 0.0200656 0.00570717 1000 0 0 0 50.011 0
16 5.19199e+07 1.64343e+06 1 3.05344e-07 6.5e+07 0.0279604 0.0086796 3.06187 0.43894 7.04815e-05 1.07359e-05 0 0 3.24495e+06 102698 5.19191e+07 1.64317e+06 0.0243902 2.42861e-17 0.0094697 0.0624139 98679.7 26591.6 22.4444 4.05074 218333 36662.4 317035 10074.9 0.0196533 0.00598067 1000 0 0 0 50.0118 0
17 5.24159e+07 1.35574e+06 1 3.71297e-07 6.5e+07 0.0304304 0.00970842 3.13607 0.414906 8.03198e-05 1.09781e-05 0 0 3.08324e+06 79741.3 5.24151e+07 1.35561e+06 0.0243902 2.42861e-17 0.00831848 0.0364537 93442.5 21780.6 24.2727 3.90498 207782 29611.8 301249 7835.23 0.01838 0.00474541 1000 0 0 0 50.0124 0
18 5.25886e+07 1.22871e+06 1 4.45199e-07 6.5e+07 0.0320553 0.0100612 3.13356 0.380167 8.9392e-05 1.17345e-05 0 0 2.92154e+06 68247.5 5.25878e+07 1.22845e+06 0.0243902 2.42861e-17 0.00448934 0.0245635 93144.7 19681.3 25.5859 3.88733 192289 26386.5 285459 6708.95 0.0182394 0.00428129 1000 0 0 0 50.0133 0
19 5.33268e+07 1.2321e+06 1 5.80072e-07 6.5e+07 0.0369037 0.011608 3.30463 0.390095 0.000103846 1.47222e-05 0 0 2.80662e+06 64837.6 5.33259e+07 1.23191e+06 0.0243902 2.42861e-17 0.0164806 0.0577745 83584.9 19647.8 28.5657 4.64532 190649 26026.8 274262 6383.47 0.0161499 0.00418892 1000 0 0 0 50.0163 0
20 5.34807e+07 1.08485e+06 1 5.87963e-07 6.5e+07 0.0388908 0.0116381 3.31212 0.35683 0.000113773 1.45166e-05 0 0 2.67399e+06 54229.4 5.34798e+07 1.08459e+06 0.0243902 2.42861e-17 0.00909091 0.0304542 83158.1 17253.4 29.798 4.33911 178118 22588.3 261306 5339.14 0.0159998 0.00366101 1000 0 0 0 50.0164 0
21 5.38569e+07 1.02748e+06 0.999999 6.29096e-07 6.5e+07 0.042958 0.0114524 3.40115 0.34895 0.000127127 1.57942e-05 0 0 2.56456e+06 48913 5.38558e+07 1.02716e+06 0.0243902 2.42861e-17 0.013949 0.0559161 79051.5 16283.2 31.9293 4.50645 171549 21102.3 250632 4823.38 0.0150988 0.00340529 1000 0 0 0 50.0177 0
22 5.42742e+07 1.10565e+06 0.999999 7.16191e-07 6.5e+07 0.047924 0.0129125 3.51056 0.374985 0.000143935 1.87377e-05 0 0 2.46696e+06 50250.1 5.42732e+07 1.1055e+06 0.0243902 2.42861e-17 0.020202 0.0509622 74137.4 17497.6 34.7879 5.14884 166943 22449.7 241115 4957.04 0.0140655 0.00361663 1000 0 0 0 50.0204 0
23 5.46111e+07 826424 0.999999 6.61861e-07 6.5e+07 0.0517159 0.0118447 3.58234 0.301468 0.000158431 1.59081e-05 0 0 2.37434e+06 35920.1 5.46099e+07 826157 0.0243902 2.42861e-17 0.0127361 0.0345471 70374.3 13050.9 36.8182 4.19081 161668 16602.8 232079 3555.95 0.0132407 0.00266279 1000 0 0 0 50.0212 0
24 5.47583e+07 832434 0.999999 9.67111e-07 6.5e+07 0.0543829 0.0133119 3.60606 0.304824 0.00017388 1.99801e-05 0 0 2.28154e+06 34678.5 5.4757e+07 832288 0.0243902 2.42861e-17 0.0197811 0.0524188 69491.2 13133.7 38.8384 4.99435 153493 16566.6 223023 3437.56 0.0130403 0.00264954 1000 0 0 0 50.023 0
25 5.4989e+07 785861 0.999999 6.36788e-07 6.5e+07 0.0578011 0.0119806 3.65131 0.276254 0.000186369 1.87503e-05 0 0 2.19951e+06 31426.6 5.49877e+07 785665 0.0243902 2.42861e-17 0.010101 0.0286214 67181.6 12388.5 40.1212 4.53332 147786 15495.8 215007 3111.51 0.0125522 0.00250301 1000 0 0 0 50.0233 0
26 5.52706e+07 744377 0.999999 7.4419e-07 6.5e+07 0.0621133 0.0135302 3.71834 0.286406 0.000205254 1.99516e-05 0 0 2.12574e+06 28625.2 5.52693e+07 744255 0.0243902 2.42861e-17 0.0268065 0.0756409 63958.7 11699.9 42.7071 4.67154 143819 14540.8 207821 2845.33 0.0118875 0.00234305 1000 0 0 0 50.0258 0
27 5.54583e+07 712843 0.999999 9.43436e-07 6.5e+07 0.0658243 0.0129696 3.76281 0.269039 0.000219161 2.16712e-05 0 0 2.05396e+06 26395.5 5.54569e+07 712679 0.0243902 2.42861e-17 0.0231949 0.076754 62174.7 11216.7 44.0606 4.87172 138596 13841.3 200815 2629.2 0.0115156 0.00222443 1000 0 0 0 50.0264 0
28 5.56574e+07 720611 0.999999 8.97563e-07 6.5e+07 0.0694574 0.0155988 3.80231 0.295307 0.000238455 2.60761e-05 0 0 1.98772e+06 25725.6 5.5656e+07 720336 0.0243902 2.42861e-17 0.024531 0.071184 60093 11333.8 46.404 5.62627 134218 13898.3 194358 2569.69 0.0110922 0.00222856 1000 0 0 0 50.0285 0
29 5.57861e+07 605104 0.999998 1.14955e-06 6.5e+07 0.0725902 0.013656 3.8248 0.250664 0.000254953 2.42236e-05 0 0 1.92361e+06 20860.9 5.57848e+07 604977 0.0243902 2.42861e-17 0.025775 0.0544324 59065.9 9489.49 48 5.00707 128985 11570.8 188099 2085.94 0.0108699 0.00186842 1000 0 0 0 50.029 0
30 5.59327e+07 648538 0.999998 9.94988e-07 6.5e+07 0.0767176 0.0154873 3.86566 0.263809 0.000274235 2.78099e-05 0 0 1.86438e+06 21609.6 5.59313e+07 648293 0.0243902 2.42861e-17 0.0259259 0.0555668 57693.6 10196.2 50.0505 5.58926 124578 12353.5 182322 2162.4 0.0105938 0.00200317 1000 0 0 0 50.0311 0
31 5.61959e+07 611768 0.999998 9.86778e-07 6.5e+07 0.0825803 0.0142947 3.94656 0.245463 0.000298058 2.72973e-05 0 0 1.81273e+06 19727.4 5.61945e+07 611555 0.0243902 2.42861e-17 0.0309547 0.0614999 54431.1 9588.54 52.8889 5.33123 122810 11560.2 177294 1976.43 0.00994763 0.00186541 1000 0 0 0 50.0339 0
32 5.64165e+07 596151 0.999998 1.19529e-06 6.5e+07 0.0885886 0.0158014 4.01736 0.25115 0.00032092 3.16806e-05 0 0 1.76297e+06 18624.4 5.64151e+07 595990 0.0243902 2.42861e-17 0.0299874 0.0720209 51794.8 9352.25 55.3939 5.98452 120600 11221.8 172450 1875.06 0.00942979 0.00180226 1000 0 0 0 50.0361 0
33 5.64261e+07 559583 0.999998 1.21316e-06 6.5e+07 0.0900386 0.0167575 3.99663 0.249026 0.000335917 3.24449e-05 0 0 1.70983e+06 16949.3 5.64245e+07 559308 0.0243902 2.42861e-17 0.0232629 0.0483139 52431 8784.64 56.2323 5.94219 114766 10494.5 167254 1715.42 0.00954172 0.00169078 1000 0 0 0 50.0357 0
34 5.66208e+07 490214 0.999997 1.41394e-06 6.5e+07 0.0963129 0.0153996 4.06655 0.219444 0.000363949 3.06894e-05 0 0 1.66527e+06 14414 5.6619e+07 490061 0.0243902 2.42861e-17 0.0294118 0.0478469 50086.7 7693.8 59.3333 5.45875 112776 9141.99 162923 1453.24 0.00908141 0.00147275 1000 0 0 0 50.0396 0
35 5.66976e+07 475112 0.999997 1.08055e-06 6.5e+07 0.0989591 0.0151416 4.071 0.209892 0.00038084 3.20959e-05 0 0 1.61989e+06 13569.3 5.66961e+07 474924 0.0243902 2.42861e-17 0.0340548 0.0677922 49577.9 7458.63 60.3939 5.53012 108844 8826.87 158482 1373.27 0.00897739 0.00143018 1000 0 0 0 50.0394 0
36 5.68538e+07 459049 0.999997 1.17211e-06 6.5e+07 0.104828 0.0152785 4.12514 0.207621 0.000406606 3.49689e-05 0 0 1.57922e+06 12747.7 5.68521e+07 458925 0.0243902 2.42861e-17 0.0328283 0.0740071 47785.4 7201.21 62.8687 5.85972 106674 8488.84 154522 1293.07 0.0086297 0.00137096 1000 0 0 0 50.0415 0
37 5.69319e+07 379114 0.999997 1.18076e-06 6.5e+07 0.10755 0.0139954 4.13322 0.176759 0.000427226 3.22491e-05 0 0 1.53866e+06 10235.9 5.69303e+07 378740 0.0243902 2.42861e-17 0.033579 0.0576334 47170.8 5945.94 64.3535 5.21713 103334 6983.81 150569 1042.39 0.00850384 0.00112671 1000 0 0 0 50.0428 0
38 5.69872e+07 437397 0.999997 1.45441e-06 6.5e+07 0.110559 0.016471 4.14035 0.205004 0.000449313 3.91481e-05 0 0 1.49962e+06 11506.2 5.69854e+07 437235 0.0243902 2.42861e-17 0.0473153 0.095286 46897.3 6867.8 65.9798 6.21172 99791 8038.66 146754 1176.8 0.00844973 0.00130278 1000 0 0 0 50.0434 0
39 5.71211e+07 448136 0.999996 1.51515e-06 6.5e+07 0.117263 0.0158402 4.19555 0.201555 0.000477277 3.78626e-05 0 0 1.4646e+06 11487 5.71194e+07 447982 0.0243902 2.42861e-17 0.047138 0.0826019 45339.6 7022.14 68.4545 5.89517 97942.1 8183.09 143350 1166.31 0.00815158 0.00132673 1000 0 0 0 50.0465 0
40 5.72606e+07 399721 0.999996 2.76502e-06 6.5e+07 0.123003 0.0184962 4.24268 0.197243 0.000509129 4.58988e-05 0 0 1.43147e+06 9985.11 5.72589e+07 399398 0.0243902 2.42861e-17 0.05 0.100692 43665 6306.45 71.3838 6.88683 96391.7 7338.87 140128 1038.8 0.00783117 0.00118409 1000 0 0 0 50.0501 0
41 5.72857e+07 374545 0.999996 1.8628e-06 6.5e+07 0.125808 0.0172787 4.24021 0.1856 0.000529179 4.45383e-05 0 0 1.39717e+06 9129.17 5.7284e+07 374275 0.0243902 2.42861e-17 0.0310421 0.0749811 43766.3 5900.83 72.4141 6.50254 92936.8 6836.19 136776 941.249 0.00784507 0.00110815 1000 0 0 0 50.0506 0
42 5.73821e+07 387896 0.999996 1.79649e-06 6.5e+07 0.129981 0.0180184 4.26383 0.192975 0.000556035 4.25855e-05 0 0 1.36619e+06 9235.24 5.73802e+07 387856 0.0243902 2.42861e-17 0.0372776 0.059887 42748.2 6102.61 74.404 6.12153 90929.7 7047.31 133752 950.196 0.00765172 0.00114358 1000 0 0 0 50.0517 0
43 5.75011e+07 313304 0.999995 2.33393e-06 6.5e+07 0.136448 0.0172609 4.31078 0.159843 0.000595317 4.70696e-05 0 0 1.3372e+06 7285.23 5.74995e+07 313279 0.0243902 2.42861e-17 0.0512098 0.107565 41297.8 4958.19 77.9798 6.54276 89563.9 5712.48 130940 760.178 0.00737543 0.000922935 1000 0 0 0 50.056 0
44 5.75728e+07 343444 0.999995 2.32703e-06 6.5e+07 0.141029 0.0190143 4.33287 0.176499 0.000622477 5.35614e-05 0 0 1.30843e+06 7796.93 5.7571e+07 343079 0.0243902 2.42861e-17 0.0550964 0.0930135 40615.1 5433.79 79.798 7.29464 87439.5 6243.26 128134 816.199 0.00724656 0.00101325 1000 0 0 0 50.0577 0
45 5.75969e+07 323926 0.999995 2.07297e-06 6.5e+07 0.14338 0.0183397 4.32615 0.170438 0.000644609 5.35177e-05 0 0 1.27989e+06 7192.45 5.75951e+07 323678 0.0243902 2.42861e-17 0.0419753 0.0633195 40665.2 5129.88 80.8283 7.13087 84591 5883.86 125337 760.591 0.00725265 0.000953865 1000 0 0 0 50.0573 0
46 5.76876e+07 303166 0.999994 2.25291e-06 6.5e+07 0.149992 0.018418 4.36715 0.160045 0.00068604 5.20457e-05 0 0 1.25404e+06 6584.36 5.76858e+07 302875 0.0243902 2.42861e-17 0.062802 0.0751091 39592.2 4798.51 84.303 6.79342 83163.8 5483.65 122840 691.376 0.00705002 0.000888656 1000 0 0 0 50.0626 0
47 5.77963e+07 285483 0.999994 2.72669e-06 6.5e+07 0.155873 0.0185026 4.40555 0.149985 0.000719719 5.38367e-05 0 0 1.22967e+06 6071.85 5.77943e+07 285349 0.0243902 2.42861e-17 0.0651193 0.105447 38277.5 4540.99 86.7273 6.86054 82097.4 5178.15 120462 643.397 0.00680478 0.000839243 1000 0 0 0 50.0643 0
48 5.7813e+07 251252 0.999994 2.39463e-06 6.5e+07 0.158272 0.0171215 4.39773 0.135472 0.000747676 5.10297e-05 0 0 1.2044e+06 5230.9 5.78112e+07 251061 0.0243902 2.42861e-17 0.065867 0.0850881 38387.3 4009.71 88.2424 6.35497 79516.3 4563.65 117992 559.729 0.00682164 0.000739704 1000 0 0 0 50.0645 0
49 5.78744e+07 308785 0.999993 2.95983e-06 6.5e+07 0.163934 0.0204256 4.42486 0.164302 0.000783276 6.57315e-05 0 0 1.18107e+06 6297.65 5.78725e+07 308592 0.0243902 2.42861e-17 0.0791589 0.107961 37733.8 4925.31 90.6869 8.08371 77905.5 5589.45 115730 671.787 0.0067009 0.000905486 1000 0 0 0 50.0682 0
50 5.79652e+07 218720 0.999993 2.62009e-06 6.5e+07 0.17004 0.0162326 4.45899 0.120617 0.000817882 5.34133e-05 0 0 1.15926e+06 4369.91 5.79631e+07 218498 0.0243902 2.42861e-17 0.0610101 0.0609934 36651.8 3487.34 92.9293 6.36476 76854.1 3945.12 113599 463.576 0.00649805 0.00063978 1000 0 0 0 50.0701 0
51 5.79994e+07 248795 0.999992 3.05607e-06 6.5e+07 0.174909 0.0196941 4.47356 0.1379 0.000854866 6.48806e-05 0 0 1.13721e+06 4875.75 5.79976e+07 248661 0.0243902 2.42861e-17 0.0693206 0.0995648 36381.4 4000.62 95.3131 7.61398 74985.1 4524.97 111462 531.376 0.00644741 0.000733488 1000 0 0 0 50.0748 0
52 5.80216e+07 254141 0.999992 3.55781e-06 6.5e+07 0.178447 0.0205334 4.47552 0.139074 0.000886445 7.07599e-05 0 0 1.11576e+06 4886.57 5.80195e+07 254079 0.0243902 2.42861e-17 0.0736208 0.0983639 36344.6 4075 96.9798 8.13271 72927 4595.53 109369 527.933 0.00643893 0.000746344 1000 0 0 0 50.0752 0
53 5.80791e+07 247277 0.999991 3.71187e-06 6.5e+07 0.18284 0.0196988 4.49076 0.140467 0.000920352 6.49625e-05 0 0 1.09579e+06 4661.19 5.80771e+07 247026 0.0243902 2.42861e-17 0.0853821 0.120242 35750.6 3958.55 98.8889 7.36205 71568 4456.93 107417 505.155 0.00632868 0.000723757 1000 0 0 0 50.076 0
54 5.81711e+07 191311 0.999991 3.1257e-06 6.5e+07 0.190752 0.0184943 4.53535 0.109702 0.000966333 6.71673e-05 0 0 1.0772e+06 3542.97 5.8169e+07 191316 0.0243902 2.42861e-17 0.0667789 0.0762321 34562.2 3101.4 102.081 7.39598 70952.1 3484.5 105616 389.729 0.00610922 0.000564448 1000 0 0 0 50.0803 0
55 5.82073e+07 202692 0.999991 2.91198e-06 6.5e+07 0.194201 0.0179835 4.53921 0.119329 0.000995417 6.76874e-05 0 0 1.05828e+06 3683.91 5.82053e+07 202594 0.0243902 2.42861e-17 0.0661157 0.0693646 34265.5 3276.1 103.313 7.36446 69396.5 3678.03 103765 408.925 0.00605431 0.000597155 1000 0 0 0 50.0813 0
56 5.824e+07 232036 0.99999 3.53671e-06 6.5e+07 0.199611 0.0213029 4.55592 0.13594 0.00104048 7.57447e-05 0 0 1.03996e+06 4139.53 5.82379e+07 231825 0.0243902 2.42861e-17 0.0853175 0.117044 33957.4 3745.48 106.152 8.12822 67929.9 4194.21 101993 456.353 0.00599764 0.000681165 1000 0 0 0 50.086 0
57 5.82734e+07 203125 0.99999 4.48451e-06 6.5e+07 0.203198 0.0206118 4.56105 0.119976 0.00108238 7.57283e-05 0 0 1.0223e+06 3561.81 5.82713e+07 203002 0.0243902 2.42861e-17 0.0772639 0.0892797 33685.3 3289.89 108.556 7.94199 66476.8 3679.93 100271 397.536 0.0059465 0.00059794 1000 0 0 0 50.0876 0
58 5.83177e+07 231686 0.999989 4.00359e-06 6.5e+07 0.209166 0.0217535 4.58238 0.134639 0.00113557 8.41368e-05 0 0 1.00544e+06 3991.94 5.83156e+07 231528 0.0243902 2.42861e-17 0.0973528 0.113848 33178 3763.06 112.04 8.72697 65346.5 4197.75 98636.5 442.948 0.00585432 0.000683436 1000 0 0 0 50.0923 0
59 5.8371e+07 199388 0.999989 3.84336e-06 6.5e+07 0.214729 0.0211221 4.60161 0.120485 0.00116561 8.26604e-05 0 0 989305 3375.09 5.8369e+07 199131 0.0243902 2.42861e-17 0.0780688 0.0880479 32612.7 3270.93 113.162 8.40479 64334 3647.81 97059.9 384.946 0.00574997 0.000592975 1000 0 0 0 50.092 0
60 5.84041e+07 187256 0.999989 3.99093e-06 6.5e+07 0.219873 0.0206177 4.61448 0.113525 0.00120484 8.72846e-05 0 0 973366 3119.45 5.8402e+07 187160 0.0243902 2.42861e-17 0.0792929 0.0901455 32309.9 3045.18 115.091 8.69121 63077.7 3388.22 95502.7 351.23 0.00569433 0.000550469 1000 0 0 0 50.094 0
61 5.8427e+07 191198 0.999987 5.12187e-06 6.5e+07 0.223917 0.0217989 4.62063 0.115497 0.00124589 8.87702e-05 0 0 957784 3132.81 5.84248e+07 191104 0.0243902 2.42861e-17 0.109124 0.122725 32109.5 3142.11 117.131 8.69999 61767.2 3495.11 93993.8 360.868 0.00565733 0.000568603 1000 0 0 0 50.0987 0
62 5.85171e+07 140164 0.999987 4.55076e-06 6.5e+07 0.232041 0.0190075 4.66325 0.0854475 0.00130189 8.62662e-05 0 0 943788 2260.04 5.85149e+07 140121 0.0243902 2.42861e-17 0.0941674 0.103052 30883.7 2342.36 120.626 8.26772 61637.1 2598.91 92641.4 264.283 0.00543457 0.000421105 1000 0 0 0 50.1027 0
63 5.85205e+07 169030 0.999986 4.8932e-06 6.5e+07 0.235496 0.0205225 4.66009 0.102894 0.00134261 9.34201e-05 0 0 928862 2680.52 5.85183e+07 168874 0.0243902 2.42861e-17 0.112233 0.118574 31014.3 2773.93 122.444 8.85486 60044.6 3073.8 91181.3 308.456 0.00545825 0.000499976 1000 0 0 0 50.1043 0
64 5.85646e+07 170528 0.999985 4.66127e-06 6.5e+07 0.242554 0.0222164 4.68545 0.103683 0.00141148 0.00010192 0 0 915036 2663.18 5.85623e+07 170447 0.0243902 2.42861e-17 0.111269 0.121342 30430.9 2817.61 126.859 9.50493 59300.5 3117.17 89858.3 308.243 0.00535252 0.000506538 1000 0 0 0 50.1109 0
65 5.85603e+07 162134 0.999985 5.832e-06 6.5e+07 0.244633 0.0219425 4.67242 0.100022 0.00142767 0.000102676 0 0 900896 2492.16 5.85582e+07 161988 0.0243902 2.42861e-17 0.116084 0.124971 30738.1 2683.75 126.313 9.40948 57594.4 2966.86 88458.8 291.697 0.00540708 0.00048279 1000 0 0 0 50.1086 0
66 5.85675e+07 163427 0.999984 5.79299e-06 6.5e+07 0.248107 0.0238732 4.6708 0.104393 0.00147341 0.000109682 0 0 887354 2473.77 5.85653e+07 163276 0.0243902 2.42861e-17 0.123661 0.109317 30783.1 2754.48 128.424 9.9159 56231.6 3040.33 87143.2 295.478 0.00541456 0.000495204 1000 0 0 0 50.1109 0
67 5.86306e+07 128358 0.999983 6.06795e-06 6.5e+07 0.255587 0.0210607 4.7021 0.0845888 0.00152836 0.000100664 0 0 875049 1914.67 5.86283e+07 128280 0.0243902 2.42861e-17 0.124378 0.119177 29937.2 2198.97 131.384 8.95861 55882.3 2427.22 85950.9 237.43 0.00526181 0.000393946 1000 0 0 0 50.1155 0
68 5.86665e+07 131641 0.999983 5.103e-06 6.5e+07 0.261751 0.0231798 4.72029 0.0873893 0.00158355 0.000117803 0 0 862710 1933.54 5.86643e+07 131480 0.0243902 2.42861e-17 0.142157 0.139481 29499.4 2241.92 134.242 10.2947 55125 2474.01 84758.7 241.991 0.00518297 0.000401507 1000 0 0 0 50.1194 0
69 5.86856e+07 115620 0.999981 6.10786e-06 6.5e+07 0.266493 0.0209619 4.72713 0.0727424 0.00163194 0.000103838 0 0 850482 1675.29 5.86833e+07 115596 0.0243902 2.42861e-17 0.122237 0.0988577 29330.6 1949.83 136.404 8.93401 54107.1 2150 83574 208.415 0.00515199 0.000348838 1000 0 0 0 50.1228 0
70 5.87012e+07 111156 0.999981 6.45888e-06 6.5e+07 0.26977 0.0216676 4.7254 0.0757712 0.00166032 0.000108607 0 0 838556 1587.83 5.86989e+07 111148 0.0243902 2.42861e-17 0.123088 0.11226 29269 1914.24 136.828 9.22561 52994 2108.41 82399.8 203.548 0.00514069 0.000342306 1000 0 0 0 50.1223 0
