#1-sta 2-avgThroughput 3-stdThroughput 4-JFI 5-stdJFI 6-Bandwidth 7-avgDelay 8-stdDelay 9-avgBackoffStage 10-stdBackoffStage 11-totalFractionOfCollisionSlots 12.stdCollidingSlots 13.avgThroughputDCF 14. stdThroughputDCF 15.avgThroughputECA 16.stdThroughputECA 17.Sum of 15 and 16 18. std of 17 19. AvgBlockingProb 20. StdBlockingProb 21. AvgDroppedPackets 22.StdDropped 23.SxSlots 24.stdSxSlots 25.ColSlots 26.StdColSlots 27.EmptySlots 28.stdEmpty 29.totalSlots 30.stdTotalSlots 31.averageTAU 32.stdTAU 33.avgQSize 34.stdQSize 35.avgQEmpty 36.stdQEmpty 37. avgQDelay 38. stdQDelay
2 2.69473e+07 49.977 1 0 6.5e+07 0.000607999 6.20205e-05 0 0 7.67666e-09 7.5995e-08 0 0 1.34737e+07 39.381 2.69473e+07 9.99949 0.0243902 2.42861e-17 0 0 328947 0.519196 0.010101 0.0999949 986847 3.03212 1.3158e+06 4.98749 0.124999 5.19196e-07 1000 0 0 0 50.0001 0
3 2.89811e+07 134.84 1 0 6.5e+07 0.000847999 0.000185864 0 0 3.6403e-07 7.70577e-07 0 0 9.66034e+06 38.8819 2.8981e+07 127.689 0.0243902 2.42861e-17 0 0 353773 1.44702 0.343434 0.726992 589631 10.2401 943405 9.5531 0.124999 1.32157e-06 1000 0 0 0 50.0002 0
4 3.01175e+07 177.111 1 0 6.5e+07 0.001088 0.00033057 0 0 1.29125e-06 1.80674e-06 0 0 7.52936e+06 44.336 3.01175e+07 196.993 0.0243902 2.42861e-17 0 0 367646 2.23905 0.949495 1.32858 367661 16.2147 735308 15.2819 0.124998 2.48337e-06 1000 0 0 0 50.0003 0
5 3.08429e+07 655.103 1 1.01323e-07 6.5e+07 0.00132801 0.00104269 0 0 5.09642e-06 6.36042e-06 0 0 6.16857e+06 129.734 3.08429e+07 645.959 0.0243902 2.42861e-17 0.00606061 0.034284 376501 7.9475 3.07071 3.83301 225946 68.3664 602450 64.0735 0.124992 1.35466e-05 1000 0 0 0 50.0008 0
6 3.13458e+07 1128.52 1 2.21893e-07 6.5e+07 0.00156805 0.00176752 0 0 1.49816e-05 1.37728e-05 0 0 5.22429e+06 187.991 3.13458e+07 1129.36 0.0243902 2.42861e-17 0.0185185 0.0665356 382640 13.7113 7.64646 7.03141 127653 110.035 510300 103.181 0.124977 2.52384e-05 1000 0 0 0 50.0019 0
7 3.17134e+07 3400.11 1 6.25452e-07 6.5e+07 0.00180818 0.00525498 0 0 5.21876e-05 5.00569e-05 0 0 4.53047e+06 485.351 3.17133e+07 3392.72 0.0243902 2.42861e-17 0.073593 0.113714 387126 41.4715 23.1212 22.2103 55616.4 311.445 442766 291.962 0.12492 8.14582e-05 1000 0 0 0 50.0055 0
8 3.19767e+07 21406.1 0.999997 4.08714e-06 6.5e+07 0.00204946 0.0317887 0 0 0.000408513 0.000365539 0 0 3.99708e+06 2676.67 3.19766e+07 21411.7 0.0243902 2.42861e-17 0.67298 0.762254 390341 261.371 160.97 145.348 1982.27 1859.48 392484 1743.23 0.124424 0.00053825 1000 0 0 0 50.0355 0
9 2.9082e+07 42864.6 0.999508 0.000224947 6.5e+07 0.00253047 0.0364354 1.41526 0.506987 0.0380216 0.000408757 0 0 3.23133e+06 4763.23 2.9082e+07 42866.7 0.0243902 2.42861e-17 84.9877 2.27364 355005 523.293 22395.5 337.926 211595 3172.49 588995 2974.22 0.0755515 0.000360084 1000 0 0 0 50.1212 0
10 2.84173e+07 31821.9 0.99942 0.000303801 6.5e+07 0.00287559 0.0320671 1.63737 0.487953 0.0484944 0.000351883 0 0 2.84172e+06 3182.51 2.84172e+07 31825.1 0.0243902 2.42861e-17 98.3838 2.15869 346891 388.465 29383 277.642 229624 2123.15 605898 1990.47 0.0671392 0.00020799 1000 0 0 0 50.1472 0
11 2.78572e+07 32589 0.999404 0.000230488 6.5e+07 0.00322474 0.0318873 1.80624 0.45144 0.0579957 0.000345544 0 0 2.53246e+06 2962.4 2.78571e+07 32587.4 0.0243902 2.42861e-17 107.043 2.12843 340053 397.833 35642.7 289.083 238873 2041.65 614569 1914.04 0.061092 0.000175043 1000 0 0 0 50.1782 0
12 2.7369e+07 28217.4 0.999302 0.000284891 6.5e+07 0.00357859 0.0326843 2.00758 0.483321 0.0667193 0.000315886 0 0 2.28075e+06 2351.88 2.7369e+07 28219.8 0.0243902 2.42861e-17 114.668 2.09743 334095 344.508 41302.7 257.515 243652 1763.13 619050 1652.89 0.0563977 0.000142391 1000 0 0 0 50.211 0
13 2.69203e+07 27819.5 0.999261 0.000229028 6.5e+07 0.00393887 0.0311015 2.08547 0.402444 0.0750182 0.000331999 0 0 2.07079e+06 2139.66 2.69203e+07 27816.8 0.0243902 2.42861e-17 121.524 2.3281 328617 339.573 46620 263.477 246210 1629.14 621447 1527.32 0.0525787 0.000121445 1000 0 0 0 50.2492 0
14 2.65193e+07 24142.2 0.999269 0.000263953 6.5e+07 0.00430302 0.032625 2.27345 0.425075 0.082829 0.000305865 0 0 1.89423e+06 1724.29 2.65193e+07 24141.5 0.0243902 2.42861e-17 126.566 1.82891 323722 294.613 51496.8 233.61 246505 1410.31 621724 1322.19 0.0494406 0.000100391 1000 0 0 0 50.2749 0
15 2.61451e+07 27925.4 0.999296 0.000283796 6.5e+07 0.00467272 0.0319867 2.30303 0.378937 0.0903113 0.000366566 0 0 1.743e+06 1862.06 2.6145e+07 27925 0.0243902 2.42861e-17 132.293 2.01157 319154 340.902 56100.7 278.026 245938 1478.68 621192 1386.22 0.0467623 9.91314e-05 1000 0 0 0 50.3139 0
16 2.57968e+07 27539.4 0.999243 0.000293883 6.5e+07 0.00504796 0.0312707 2.31187 0.35137 0.097432 0.000365875 0 0 1.6123e+06 1721.2 2.57968e+07 27539.6 0.0243902 2.42861e-17 137.093 1.99268 314903 336.161 60421.7 279.189 244817 1328.85 620142 1245.81 0.0444379 8.23754e-05 1000 0 0 0 50.3521 0
17 2.54664e+07 24920.4 0.999198 0.000303859 6.5e+07 0.00542914 0.0311799 2.41533 0.366145 0.104371 0.000413335 0 0 1.49802e+06 1466.66 2.54663e+07 24925.9 0.0243902 2.42861e-17 141.457 2.23857 310869 304.199 64560.7 272.499 243139 1121.46 618568 1051.35 0.0424125 7.51112e-05 1000 0 0 0 50.3925 0
18 2.51554e+07 25450 0.999166 0.000287627 6.5e+07 0.00581469 0.02989 2.50898 0.361053 0.111064 0.000366135 0 0 1.39752e+06 1414.01 2.51553e+07 25447.5 0.0243902 2.42861e-17 146.555 1.87779 307073 310.623 68485.7 261.809 241076 1291.89 616635 1211.12 0.0406238 7.73132e-05 1000 0 0 0 50.4313 0
19 2.48621e+07 22802 0.999133 0.000256901 6.5e+07 0.00620519 0.0289619 2.54811 0.343382 0.117492 0.000348699 0 0 1.30853e+06 1199.55 2.4862e+07 22799.4 0.0243902 2.42861e-17 150.358 2.12273 303492 278.356 72205.1 240.81 238857 1082.26 614554 1014.6 0.0390227 6.33243e-05 1000 0 0 0 50.4763 0
20 2.45851e+07 21287.5 0.999093 0.000318546 6.5e+07 0.00660002 0.0313338 2.59091 0.323207 0.123693 0.000326571 0 0 1.22925e+06 1063.64 2.4585e+07 21281.7 0.0243902 2.42861e-17 154.066 1.89873 300111 259.828 75736.9 215.759 236449 1249.69 612296 1171.58 0.0375837 7.21603e-05 1000 0 0 0 50.5142 0
21 2.43154e+07 22981 0.999098 0.00028097 6.5e+07 0.00700039 0.0280287 2.63155 0.348128 0.12984 0.00035641 0 0 1.15787e+06 1095.16 2.43153e+07 22983.9 0.0243902 2.42861e-17 158.139 1.7516 296819 280.538 79188.6 241.816 233886 1120.85 609894 1050.81 0.0362911 6.20703e-05 1000 0 0 0 50.5631 0
22 2.40615e+07 23342.9 0.999094 0.000280002 6.5e+07 0.00740434 0.0281039 2.73324 0.321843 0.135741 0.00036453 0 0 1.0937e+06 1061.29 2.40615e+07 23352.1 0.0243902 2.42861e-17 161.582 1.91934 293720 284.963 82452.4 241.522 231253 1241.93 607425 1164.3 0.0351099 6.56058e-05 1000 0 0 0 50.6036 0
23 2.38108e+07 23231.7 0.999053 0.00027313 6.5e+07 0.00781514 0.0319391 2.66315 0.329174 0.141573 0.000359058 0 0 1.03525e+06 1010.08 2.38108e+07 23243.6 0.0243902 2.42861e-17 165.379 1.72017 290660 283.595 85666.9 246.702 228782 1037.62 605108 972.807 0.0340237 5.30727e-05 1000 0 0 0 50.6541 0
24 2.35752e+07 24041.2 0.999052 0.000268182 6.5e+07 0.00822841 0.0276713 2.68981 0.295354 0.147158 0.00040101 0 0 982297 1001.67 2.35751e+07 24037.9 0.0243902 2.42861e-17 168.594 1.9274 287783 293.447 88700.4 259.094 226273 1094.87 602756 1026.41 0.0330224 5.65583e-05 1000 0 0 0 50.701 0
25 2.33479e+07 24165.1 0.999015 0.000287048 6.5e+07 0.00864635 0.0293513 2.75636 0.289568 0.152751 0.000336104 0 0 933914 966.401 2.33478e+07 24162.6 0.0243902 2.42861e-17 171.715 1.66427 285009 294.997 91656.1 247.119 223374 1151.22 600038 1079.23 0.0321209 5.32773e-05 1000 0 0 0 50.7534 0
26 2.31265e+07 23777.3 0.999082 0.000252634 6.5e+07 0.00906824 0.0289444 2.82673 0.291963 0.15806 0.000371684 0 0 889479 914.452 2.31264e+07 23775.7 0.0243902 2.42861e-17 174.875 1.74145 282306 290.235 94502.1 253.848 221079 1010.9 597887 947.75 0.0312545 4.94439e-05 1000 0 0 0 50.8012 0
27 2.29196e+07 21139.1 0.999007 0.000307755 6.5e+07 0.00949238 0.0310544 2.80546 0.303656 0.163282 0.000414109 0 0 848872 783.425 2.29195e+07 21147 0.0243902 2.42861e-17 178.186 1.95365 279780 258.079 97200.6 237.039 218314 955.715 595295 896.031 0.0304728 4.71329e-05 1000 0 0 0 50.8531 0
28 2.27163e+07 23393.7 0.998996 0.000273265 6.5e+07 0.00992144 0.031179 2.89033 0.309076 0.168374 0.000417408 0 0 811293 835.349 2.27162e+07 23392.7 0.0243902 2.42861e-17 181.089 1.493 277298 285.545 99838.5 259.27 215820 932.208 592956 873.908 0.0297279 4.56782e-05 1000 0 0 0 50.9049 0
29 2.25151e+07 18885.4 0.998966 0.000296964 6.5e+07 0.0103565 0.031221 2.85963 0.316771 0.173452 0.000316164 0 0 776382 651.2 2.25151e+07 18888.2 0.0243902 2.42861e-17 183.839 1.60953 274843 230.544 102448 197.368 213351 946.71 590642 887.496 0.0290401 4.33799e-05 1000 0 0 0 50.9624 0
30 2.23212e+07 21563.8 0.99891 0.000285923 6.5e+07 0.0107951 0.0306722 2.94815 0.267768 0.178365 0.000384818 0 0 744039 718.522 2.23212e+07 21555.3 0.0243902 2.42861e-17 186.545 1.79988 272476 263.25 104961 231.099 211024 1025.99 588460 961.88 0.0283863 4.66954e-05 1000 0 0 0 51.0161 0
31 2.21351e+07 19084.2 0.998933 0.00022842 6.5e+07 0.0112353 0.0292613 2.913 0.26551 0.183166 0.000361371 0 0 714034 615.687 2.2135e+07 19086.5 0.0243902 2.42861e-17 189.369 1.46072 270204 232.966 107380 208.981 208663 867.35 586247 813.111 0.0277736 3.82528e-05 1000 0 0 0 51.0733 0
32 2.19523e+07 19407.1 0.998888 0.000295004 6.5e+07 0.0116814 0.0256149 2.96496 0.246274 0.187967 0.000345738 0 0 686008 606.389 2.19523e+07 19406.2 0.0243902 2.42861e-17 191.662 1.58397 267973 236.886 109764 204.591 206220 963.722 583956 903.464 0.0272058 4.17652e-05 1000 0 0 0 51.1218 0
33 2.17771e+07 20233.1 0.998902 0.000314828 6.5e+07 0.0121278 0.0281902 2.96633 0.230374 0.192566 0.000391831 0 0 659912 613.073 2.17771e+07 20223.7 0.0243902 2.42861e-17 194.734 1.59962 265834 247.01 112043 226.419 203965 812.605 581843 761.83 0.0266578 3.62556e-05 1000 0 0 0 51.1921 0
34 2.16087e+07 20175.9 0.998865 0.000266946 6.5e+07 0.012579 0.0310742 2.94236 0.258913 0.197071 0.000354277 0 0 635549 593.364 2.16087e+07 20176 0.0243902 2.42861e-17 196.427 1.71499 263778 246.3 114242 217.487 201680 867.629 579700 813.403 0.026144 3.64783e-05 1000 0 0 0 51.2407 0
35 2.14405e+07 21688.3 0.998888 0.000264264 6.5e+07 0.0130336 0.0304189 3.0127 0.247727 0.201641 0.000359613 0 0 612585 619.707 2.14405e+07 21688.3 0.0243902 2.42861e-17 199.019 1.47359 261725 264.711 116443 229.514 199310 952.793 577478 893.308 0.0256636 3.70521e-05 1000 0 0 0 51.3049 0
36 2.12789e+07 19991.2 0.99889 0.000275575 6.5e+07 0.0134905 0.0313074 3.00898 0.254674 0.206001 0.00037233 0 0 591078 555.206 2.12788e+07 19990 0.0243902 2.42861e-17 201.501 1.41433 259752 244.063 118550 218.305 197181 841.042 575482 788.469 0.0251997 3.43578e-05 1000 0 0 0 51.3692 0
37 2.1118e+07 21321.2 0.998836 0.000258696 6.5e+07 0.0139536 0.0291726 3.05214 0.272777 0.210304 0.000405416 0 0 570756 576.425 2.1118e+07 21328.6 0.0243902 2.42861e-17 203.724 1.42061 257788 260.275 120637 239.01 195205 771.505 573630 723.259 0.0247527 3.18244e-05 1000 0 0 0 51.4275 0
38 2.09601e+07 21381.6 0.998799 0.000255827 6.5e+07 0.0144197 0.0301256 3.02233 0.255343 0.214611 0.000391259 0 0 551581 562.77 2.09601e+07 21390.8 0.0243902 2.42861e-17 206.153 1.54974 255861 261.002 122693 232.726 193145 876.731 571698 821.924 0.0243356 3.40866e-05 1000 0 0 0 51.4915 0
39 2.08107e+07 18508.6 0.99882 0.000253529 6.5e+07 0.0148856 0.0330708 3.02642 0.228105 0.218807 0.00038834 0 0 533606 474.548 2.08106e+07 18511.5 0.0243902 2.42861e-17 208.193 1.51966 254037 225.916 124651 210.678 191000 693.658 569688 650.335 0.0239394 2.90165e-05 1000 0 0 0 51.5587 0
40 2.06637e+07 21800.2 0.998794 0.000237976 6.5e+07 0.0153558 0.0311917 3.11641 0.236322 0.223018 0.000392801 0 0 516592 545.012 2.06637e+07 21801.5 0.0243902 2.42861e-17 210.085 1.70002 252243 266.086 126584 240.952 188771 777.68 567598 729.079 0.0235665 2.83079e-05 1000 0 0 0 51.6205 0
41 2.05163e+07 20899.2 0.998764 0.000281682 6.5e+07 0.015831 0.0270665 3.11037 0.234105 0.226976 0.000390589 0 0 500398 509.669 2.05163e+07 20899.6 0.0243902 2.42861e-17 212.352 1.36451 250444 255.081 128485 227.34 187146 853.602 566075 800.219 0.0231882 3.36978e-05 1000 0 0 0 51.6903 0
42 2.03766e+07 22401.6 0.998768 0.000284096 6.5e+07 0.0163061 0.0270552 3.09355 0.239683 0.231034 0.000435866 0 0 485155 533.182 2.03765e+07 22390.1 0.0243902 2.42861e-17 214.166 1.38274 248737 273.518 130324 253.507 185029 736.677 564090 690.653 0.022845 2.86758e-05 1000 0 0 0 51.7581 0
43 2.02412e+07 20917.7 0.998702 0.000262647 6.5e+07 0.0167834 0.0349257 3.09279 0.267077 0.234998 0.000404252 0 0 470725 486.409 2.02412e+07 20908.9 0.0243902 2.42861e-17 216.199 1.36039 247085 255.313 132105 236.578 182964 672.039 562154 630.053 0.022516 2.63312e-05 1000 0 0 0 51.8235 0
44 2.01023e+07 19956.1 0.998738 0.000265697 6.5e+07 0.0172668 0.0319143 3.13361 0.260221 0.238881 0.000368021 0 0 456870 453.677 2.01023e+07 19961.3 0.0243902 2.42861e-17 218.069 1.40888 245390 243.607 133907 216.729 181262 788.941 560559 739.608 0.0221913 2.97474e-05 1000 0 0 0 51.8965 0
45 1.99701e+07 20920.4 0.998747 0.000260032 6.5e+07 0.0177503 0.0293055 3.12727 0.23545 0.24277 0.000412311 0 0 443779 464.674 1.99701e+07 20913.2 0.0243902 2.42861e-17 219.912 1.09542 243776 255.316 135643 236.469 179311 683.214 558730 640.52 0.0218884 2.52372e-05 1000 0 0 0 51.9654 0
46 1.98341e+07 18819.7 0.998766 0.000260871 6.5e+07 0.018241 0.0301678 3.10957 0.261671 0.246593 0.000414056 0 0 431176 409.215 1.98341e+07 18819.2 0.0243902 2.42861e-17 222.015 1.32883 242116 229.762 137404 215.931 177689 658.385 557209 617.245 0.0215881 2.60476e-05 1000 0 0 0 52.0371 0
47 1.9713e+07 21654.2 0.99868 0.000261964 6.5e+07 0.0187258 0.0300871 3.16162 0.26607 0.25032 0.00040132 0 0 419424 460.81 1.97129e+07 21658.1 0.0243902 2.42861e-17 223.781 1.36798 240637 264.305 139008 240.726 175678 724.535 555324 679.251 0.0213091 2.53716e-05 1000 0 0 0 52.1102 0
48 1.95873e+07 22750.8 0.998704 0.000272043 6.5e+07 0.0192182 0.0330398 3.14352 0.219081 0.25403 0.000495249 0 0 408068 474.002 1.95873e+07 22753.8 0.0243902 2.42861e-17 225.353 1.28486 239103 277.652 140652 262.028 173927 734.747 553682 688.828 0.0210368 2.77084e-05 1000 0 0 0 52.1721 0
49 1.94644e+07 19305.8 0.998624 0.000276239 6.5e+07 0.0197135 0.0283455 3.12348 0.231881 0.257595 0.000342863 0 0 397231 393.921 1.94643e+07 19303.8 0.0243902 2.42861e-17 227.112 1.2776 237602 235.639 142250 214.012 172372 614.101 552224 575.762 0.020767 2.14618e-05 1000 0 0 0 52.2496 0
50 1.93377e+07 20605.5 0.998661 0.000287664 6.5e+07 0.0202152 0.0305579 3.17333 0.20548 0.261275 0.000426614 0 0 386753 411.899 1.93377e+07 20599 0.0243902 2.42861e-17 228.869 1.24182 236056 251.485 143895 233.386 170791 683.033 550743 640.363 0.0205122 2.31609e-05 1000 0 0 0 52.3298 0
51 1.92163e+07 19719.9 0.998606 0.000255707 6.5e+07 0.020718 0.0326629 3.15865 0.214124 0.264876 0.000389587 0 0 376790 386.612 1.92163e+07 19711.1 0.0243902 2.42861e-17 230.475 1.21262 234574 240.698 145478 220.64 169178 663.397 549230 621.963 0.0202656 2.27205e-05 1000 0 0 0 52.4012 0
52 1.91008e+07 18216.7 0.998607 0.000245087 6.5e+07 0.0212185 0.0287553 3.16434 0.216595 0.268368 0.000392602 0 0 367322 350.374 1.91008e+07 18224.8 0.0243902 2.42861e-17 232.098 1.25735 233164 222.356 146989 203.772 167560 680.643 547713 638.136 0.0200276 2.44549e-05 1000 0 0 0 52.4785 0
53 1.89924e+07 18346.1 0.998599 0.000264147 6.5e+07 0.0217155 0.0314192 3.20564 0.202212 0.271841 0.000402145 0 0 358347 346.076 1.89924e+07 18344.9 0.0243902 2.42861e-17 233.704 1.30878 231841 223.957 148426 204.802 165736 701.241 546003 657.41 0.0198049 2.38788e-05 1000 0 0 0 52.5466 0
54 1.8873e+07 19540.9 0.998614 0.000266997 6.5e+07 0.0222291 0.0322947 3.17321 0.20869 0.275324 0.000427415 0 0 349499 361.872 1.88729e+07 19539 0.0243902 2.42861e-17 235.158 1.37206 230383 238.51 149970 223.136 164352 638.711 544705 598.798 0.0195777 2.24913e-05 1000 0 0 0 52.6278 0
55 1.87648e+07 17986.9 0.998599 0.000255109 6.5e+07 0.0227346 0.0321257 3.18751 0.223214 0.278752 0.000441541 0 0 341177 327.066 1.87648e+07 17991.4 0.0243902 2.42861e-17 236.687 1.25535 229063 219.497 151396 209.476 162664 610.503 543123 572.333 0.0193686 2.2137e-05 1000 0 0 0 52.6969 0
56 1.86543e+07 18655.6 0.998568 0.000249782 6.5e+07 0.0232464 0.0342628 3.22222 0.227117 0.28208 0.000390851 0 0 333111 333.247 1.86542e+07 18660.2 0.0243902 2.42861e-17 238.274 1.29993 227713 227.736 152833 210.668 161262 610.201 541808 572.04 0.0191571 2.01912e-05 1000 0 0 0 52.783 0
57 1.8544e+07 16831.7 0.9986 0.000249272 6.5e+07 0.0237607 0.0361531 3.20486 0.204091 0.285471 0.000428337 0 0 325333 295.275 1.8544e+07 16838 0.0243902 2.42861e-17 239.982 1.27616 226368 205.446 154272 189.658 159773 708.199 540412 663.955 0.018957 2.47052e-05 1000 0 0 0 52.8631 0
58 1.84431e+07 17554.2 0.998539 0.000241927 6.5e+07 0.0242711 0.0337806 3.22483 0.216054 0.288725 0.00039416 0 0 317984 302.637 1.84431e+07 17550.4 0.0243902 2.42861e-17 241.251 1.12019 225136 214.281 155603 198.923 158192 605.498 538930 567.672 0.0187637 2.12178e-05 1000 0 0 0 52.9423 0
59 1.83329e+07 17723.6 0.998507 0.000285845 6.5e+07 0.0247958 0.0368186 3.23832 0.247497 0.292045 0.000405851 0 0 310726 300.464 1.83328e+07 17728.2 0.0243902 2.42861e-17 242.694 1.27166 223790 216.331 157031 200.151 156874 635.148 537695 595.435 0.0185717 2.07067e-05 1000 0 0 0 53.0217 0
60 1.82314e+07 19368 0.998528 0.000262943 6.5e+07 0.0253113 0.0346367 3.22475 0.216056 0.295268 0.000450089 0 0 303856 322.896 1.82314e+07 19375 0.0243902 2.42861e-17 244.228 1.06273 222551 236.451 158361 224.764 155417 580.503 536329 544.235 0.0183893 2.12314e-05 1000 0 0 0 53.1052 0
61 1.81268e+07 18732.3 0.99851 0.000322018 6.5e+07 0.0258373 0.0347226 3.28167 0.237442 0.298551 0.000417504 0 0 297160 307.129 1.81267e+07 18733.1 0.0243902 2.42861e-17 245.547 1.15478 221274 228.662 159726 216.801 154004 525.696 535005 492.78 0.0182125 1.77038e-05 1000 0 0 0 53.1882 0
62 1.80332e+07 16986.2 0.998516 0.000283613 6.5e+07 0.026353 0.0352847 3.21245 0.210821 0.301642 0.00041344 0 0 290858 273.958 1.80332e+07 16988.4 0.0243902 2.42861e-17 246.626 1.19412 220132 207.351 160961 195.296 152523 577.201 533616 541.126 0.0180398 2.00021e-05 1000 0 0 0 53.2657 0
63 1.79302e+07 19175.4 0.998493 0.00023433 6.5e+07 0.0268825 0.0355807 3.25237 0.19591 0.304802 0.000433651 0 0 284605 304.364 1.79301e+07 19174.5 0.0243902 2.42861e-17 248.147 1.14538 218874 234.059 162295 219.261 151292 600.263 532462 562.761 0.0178707 2.11369e-05 1000 0 0 0 53.3514 0
64 1.7832e+07 20487.3 0.998467 0.000290624 6.5e+07 0.0274111 0.0342251 3.24163 0.182965 0.307953 0.000373013 0 0 278625 320.095 1.7832e+07 20491.2 0.0243902 2.42861e-17 249.425 1.19139 217676 250.104 163579 226.708 149927 622.201 531182 583.267 0.0177067 1.95788e-05 1000 0 0 0 53.4333 0
65 1.77383e+07 17448.3 0.998498 0.000269572 6.5e+07 0.0279355 0.0331025 3.26123 0.212367 0.310967 0.000421398 0 0 272897 268.404 1.77383e+07 17441.3 0.0243902 2.42861e-17 250.662 1.16175 216533 213.005 164803 199.501 148635 591.396 529971 554.469 0.0175464 1.98952e-05 1000 0 0 0 53.5115 0
66 1.76423e+07 16670.6 0.998429 0.000257301 6.5e+07 0.0284689 0.0353927 3.23691 0.205293 0.314019 0.000446847 0 0 267307 252.638 1.76422e+07 16671.9 0.0243902 2.42861e-17 251.995 1.18693 215360 203.541 166054 192.758 147388 608.096 528802 570.07 0.0173911 2.05448e-05 1000 0 0 0 53.6049 0
67 1.75501e+07 19724.9 0.998462 0.000288989 6.5e+07 0.0289966 0.036553 3.27996 0.171389 0.316978 0.000457197 0 0 261942 294.417 1.75501e+07 19726.2 0.0243902 2.42861e-17 253.395 1.26397 214235 240.767 167255 224.048 146166 647.388 527656 606.921 0.017237 2.03978e-05 1000 0 0 0 53.6851 0
68 1.74554e+07 18774 0.998461 0.000254599 6.5e+07 0.0295354 0.0378365 3.25371 0.18832 0.320037 0.000349378 0 0 256696 275.921 1.74554e+07 18769.9 0.0243902 2.42861e-17 254.458 1.25763 213079 229.136 168491 202.384 144903 665.518 526472 623.888 0.0170912 1.9051e-05 1000 0 0 0 53.7746 0
69 1.73646e+07 18496.4 0.998335 0.000256438 6.5e+07 0.030072 0.0349437 3.29659 0.188133 0.322998 0.000433974 0 0 251661 268.072 1.73646e+07 18492.2 0.0243902 2.42861e-17 255.766 1.11762 211970 225.818 169676 213.419 143669 544.011 525316 509.998 0.0169473 1.76883e-05 1000 0 0 0 53.8655 0
70 1.7273e+07 18053.5 0.998366 0.000259943 6.5e+07 0.0306105 0.0382069 3.27446 0.204034 0.325989 0.000459054 0 0 246756 257.976 1.72729e+07 18052.2 0.0243902 2.42861e-17 257.002 1.23268 210852 220.437 170871 207.931 142440 602.361 524163 564.705 0.0168096 1.84294e-05 1000 0 0 0 53.9491 0
