#1-sta 2-avgThroughput 3-stdThroughput 4-JFI 5-stdJFI 6-Bandwidth 7-avgDelay 8-stdDelay 9-avgBackoffStage 10-stdBackoffStage 11-totalFractionOfCollisionSlots 12.stdCollidingSlots 13.avgThroughputDCF 14. stdThroughputDCF 15.avgThroughputECA 16.stdThroughputECA 17.Sum of 15 and 16 18. std of 17 19. AvgBlockingProb 20. StdBlockingProb 21. AvgDroppedPackets 22.StdDropped 23.SxSlots 24.stdSxSlots 25.ColSlots 26.StdColSlots 27.EmptySlots 28.stdEmpty 29.totalSlots 30.stdTotalSlots 31.averageTAU 32.stdTAU 33.avgQSize 34.stdQSize 35.avgQEmpty 36.stdQEmpty
2 2.00181e+06 10222.8 0.999968 4.38759e-05 1e+06 0.000278169 5.2206e-07 0 0 4.57573e-06 9.18019e-07 1.0009e+06 5110.25 0 0 2.0018e+06 10219.5 0 0 0 0 24436.2 124.798 26.9192 5.40048 5.85859e+06 1999.04 5.88305e+06 1874.71 0.0020814 1.13209e-05 0.0555556 0.157135 23621.8 116.552
3 3.0006e+06 12222.2 0.999937 6.13081e-05 1e+06 0.000285575 6.61611e-07 0 0 2.00804e-05 1.81785e-06 1.0002e+06 4075.29 0 0 3.00059e+06 12225.6 0 0 0 0 36628.4 149.195 114.434 10.3477 5.66212e+06 2428.7 5.69886e+06 2276.47 0.00215584 9.92041e-06 0.026936 0.0908466 35375.4 138.707
4 4.00011e+06 14888.3 0.999935 4.5779e-05 1e+06 0.000294749 7.17657e-07 0 0 5.38281e-05 3.26978e-06 1.00002e+06 3721.77 0 0 4.0001e+06 14888.5 0 0 0 0 48829.4 181.739 296.758 17.9804 5.46398e+06 2979.33 5.51311e+06 2793.21 0.00224126 9.86506e-06 0.0378788 0.108733 47109.4 169.967
5 5.00132e+06 19025.9 0.999937 4.66515e-05 1e+06 0.000305963 9.18601e-07 0 0 0.000113799 5.30814e-06 1.00026e+06 3805.64 0 0 5.00131e+06 19026.6 0 0 0 0 61051.3 232.255 605.99 28.1287 5.26348e+06 3839.55 5.32514e+06 3600.08 0.0023388 1.09912e-05 0.0383838 0.105128 58822 217.726
6 6.00007e+06 21796.6 0.999928 4.39028e-05 1e+06 0.000319376 1.01469e-06 0.006734 0.0468969 0.000208315 7.00996e-06 1.00001e+06 3633.04 0 0 6.00006e+06 21797.4 0 0 0 0 73243.1 266.073 1069.75 35.6357 5.061e+06 4454.34 5.13531e+06 4176.47 0.00244738 1.15524e-05 0.0437711 0.0873152 70453.5 252.194
7 7.00094e+06 22602.7 0.99993 4.02656e-05 1e+06 0.000335359 1.26771e-06 0.004329 0.0428549 0.000348675 1.02313e-05 1.00013e+06 3228.67 0 0 7.00093e+06 22602.5 0 0 0 0 85460.7 275.911 1723.21 49.8149 4.85506e+06 4742.98 4.94224e+06 4445.96 0.00257153 1.1669e-05 0.02886 0.0641446 82062.6 259.772
8 8.00032e+06 25146 0.999932 3.56351e-05 1e+06 0.000354884 1.4916e-06 0.00378788 0.0278351 0.000550614 1.29491e-05 1.00004e+06 3142.79 0 0 8.0003e+06 25141.5 0 0 0 0 97660.2 306.956 2613.12 59.8895 4.64563e+06 5377.74 4.7459e+06 5041.97 0.00271282 1.27417e-05 0.0441919 0.0800748 93567.8 282.534
9 9.00101e+06 27964.5 0.99993 3.14601e-05 1e+06 0.00037808 1.82232e-06 0.00561167 0.0330279 0.000825241 1.77404e-05 1.00011e+06 3106.21 0 0 9.00099e+06 27956.9 0 0 0 0 109876 341.357 3751.16 78.2217 4.43197e+06 5977 4.5456e+06 5604.09 0.00287397 1.37215e-05 0.047138 0.0742269 105001 306.695
10 1.00015e+07 29489.7 0.999929 3.11172e-05 1e+06 0.000406206 2.13141e-06 0.0111111 0.0529701 0.00119791 2.27112e-05 1.00015e+06 2948.85 0 0 1.00015e+07 29488.5 0 0 0 0 122089 359.993 5199.63 94.0899 4.21338e+06 6515.9 4.34067e+06 6109.7 0.00305978 1.51876e-05 0.0464646 0.0782551 116305 330.291
11 1.10012e+07 30224.2 0.999929 3.01761e-05 1e+06 0.000440046 2.53645e-06 0.0220386 0.0684837 0.0016857 2.68382e-05 1.00011e+06 2747.31 0 0 1.10012e+07 30222.4 0 0 0 0 134292 368.936 6963.81 103.781 3.98991e+06 6803.19 4.13117e+06 6377.53 0.00327308 1.61258e-05 0.0633608 0.0899439 127456 322.013
12 1.20021e+07 30379.5 0.999928 3.30277e-05 1e+06 0.000482136 3.2108e-06 0.0218855 0.0781968 0.0023369 3.85016e-05 1.00017e+06 2531.69 0 0 1.2002e+07 30379.9 0 0 0 0 146510 370.843 9149.03 137.648 3.75947e+06 7473.6 3.91512e+06 7006.63 0.00352444 1.87879e-05 0.0614478 0.0808432 138427 317.328
13 1.30015e+07 30359.4 0.999923 3.03729e-05 1e+06 0.00053477 3.88692e-06 0.02331 0.0572876 0.00318814 4.08338e-05 1.00011e+06 2334.87 0 0 1.30015e+07 30356.6 0 0 0.000777001 0.00769192 158709 370.562 11772.8 133.315 3.52229e+06 7389.59 3.69277e+06 6927.7 0.00382019 1.92504e-05 0.073038 0.105649 149129 308.741
14 1.40014e+07 31292.8 0.999927 2.88891e-05 1e+06 0.000601229 5.04478e-06 0.0454545 0.109559 0.00430811 5.89214e-05 1.0001e+06 2234.36 0 0 1.40014e+07 31289.5 0 0 0 0 170916 381.952 14916.5 175.091 3.27668e+06 8270.65 3.46252e+06 7754.11 0.00417421 2.36255e-05 0.0865801 0.103172 159499 303.85
15 1.50018e+07 33338.6 0.999925 2.62759e-05 1e+06 0.000688927 6.76563e-06 0.026936 0.0695789 0.00578834 7.02422e-05 1.00012e+06 2222.5 0 0 1.50018e+07 33333.5 0 0 0.0020202 0.011428 183128 406.958 18656.7 187.757 3.02145e+06 8600.31 3.22323e+06 8062.62 0.00460561 2.63644e-05 0.0565656 0.0748293 169427 327.986
16 1.60002e+07 35120 0.999926 2.62567e-05 1e+06 0.000808109 1.05617e-05 0.0498737 0.135301 0.00777649 0.00011089 1.00001e+06 2194.68 0 0 1.60002e+07 35112.6 0 0 0.00883838 0.0235201 195315 428.702 23122 263.627 2.75501e+06 10144.6 2.97345e+06 9510.31 0.00514149 3.54793e-05 0.0909091 0.121891 178680 323.044
17 1.69982e+07 35138.1 0.999925 2.81324e-05 1e+06 0.000975762 1.34409e-05 0.0742722 0.154299 0.0104754 0.000138465 999892 2066.77 0 0 1.69982e+07 35135.2 0 0 0.0190137 0.034298 207498 428.935 28402.7 279.373 2.4756e+06 10550.6 2.7115e+06 9891.82 0.00582278 4.21462e-05 0.10814 0.145945 187031 317.788
18 1.79994e+07 35511.4 0.999926 2.45152e-05 1e+06 0.00123919 1.99866e-05 0.115039 0.174481 0.014383 0.000183626 999963 1972.94 0 0 1.79993e+07 35513 0 0 0.0611672 0.0514747 219719 433.504 34948.8 309.057 2.17532e+06 10948.7 2.42999e+06 10263.9 0.00674695 5.18915e-05 0.150954 0.162219 193890 318.873
19 1.89999e+07 36263.8 0.999928 2.4619e-05 1e+06 0.0016949 3.87611e-05 0.0855927 0.138259 0.0202474 0.000305643 999994 1908.31 0 0 1.89999e+07 36262.3 0 0 0.212121 0.131808 231933 442.671 43032.8 414.556 1.85056e+06 12869.4 2.12552e+06 12065.4 0.00805718 7.78594e-05 0.145136 0.163055 198268 350.459
20 1.99982e+07 36882.5 0.999922 2.63072e-05 1e+06 0.00263093 8.45954e-05 0.256061 0.298165 0.0299213 0.000507654 999910 1843.87 0 0 1.99982e+07 36880.3 0 0 0.910101 0.203005 244119 450.187 53447.7 515.514 1.48894e+06 14372.6 1.7865e+06 13473.9 0.0101028 0.00011873 0.309596 0.319618 197879 610.669
21 2.0991e+07 36801.3 0.999918 2.86567e-05 1e+06 0.00580453 0.00045301 0.482444 0.436575 0.0499188 0.00136781 999571 1752.49 0 0 2.0991e+07 36800.9 0 0 4.92208 0.788714 256238 449.24 68676.3 915.711 1.05137e+06 20696.3 1.37629e+06 19402.6 0.0141016 0.000284229 0.74988 0.815019 184215 1881.31
22 2.07502e+07 21147.6 0.999579 0.000121507 1e+06 2.26706 0.132702 2.6607 0.313078 0.165443 0.00155326 943187 961.26 0 0 2.07501e+07 21146.4 0.000583856 0.000554621 112.484 2.47101 253298 258.177 116444 447.657 334129 4481.49 703872 4201.4 0.0332679 0.000252539 573.618 23.1925 8041.29 2156.08
23 2.05688e+07 14406.6 0.999423 0.000150995 1e+06 4.57745 0.0981295 2.65657 0.326211 0.173524 0.00049825 894294 626.893 0 0 2.05688e+07 14418.2 0.0192894 0.00168634 120.774 1.83263 251084 175.913 119624 186.044 318677 1422.77 689385 1333.84 0.032858 7.91057e-05 932.776 16.0941 2489.05 514.955
24 2.04267e+07 15846.7 0.99937 0.000160762 1e+06 6.05606 0.06548 2.7016 0.321862 0.178892 0.000384221 851111 660.221 0 0 2.04267e+07 15847.2 0.0582782 0.00171015 126.374 1.93368 249350 193.387 121893 180.091 310134 1130.3 681377 1059.67 0.032111 5.78661e-05 978.674 3.42592 1379.7 249.329
25 2.02936e+07 16327.4 0.999356 0.000189697 1e+06 7.02214 0.047569 2.74303 0.300092 0.183746 0.000334301 811742 653.268 0 0 2.02935e+07 16329.7 0.096856 0.00160639 130.752 1.96451 247725 199.321 123966 175.172 302969 1055.64 674659 989.631 0.0313601 5.26975e-05 984.38 2.61071 942.576 168.331
26 2.01625e+07 14140.4 0.999326 0.000174563 1e+06 7.76198 0.0319943 2.75175 0.30561 0.188456 0.000325956 775478 543.757 0 0 2.01624e+07 14135.8 0.132462 0.00146475 134.941 1.52918 246124 172.579 125978 150.859 296375 1027.88 668477 963.694 0.0306442 5.13109e-05 987.926 1.80061 715.404 127.955
27 2.00412e+07 15342.5 0.999271 0.000187191 1e+06 8.37178 0.0262412 2.80995 0.267319 0.19296 0.000357697 742266 568.234 0 0 2.00412e+07 15339.5 0.16511 0.00145637 139.314 1.67533 244644 187.313 127851 173.341 290086 960.717 662581 900.633 0.0299679 4.86066e-05 990.125 1.78517 565 97.8103
28 1.99167e+07 14790.7 0.999296 0.00016295 1e+06 8.92776 0.0256163 2.83009 0.263429 0.197315 0.00034957 711307 528.786 0 0 1.99166e+07 14803.4 0.195592 0.00152885 143.523 1.56702 243123 180.63 129717 170.98 284571 856.762 657411 803.21 0.0293102 4.23673e-05 991.906 1.33161 472.172 78.1963
29 1.97985e+07 13913.1 0.999215 0.000222221 1e+06 9.43972 0.021572 2.8464 0.268102 0.201697 0.00033218 682706 479.486 0 0 1.97985e+07 13905.7 0.223792 0.0013688 147.367 1.85671 241681 169.807 131516 151.32 278852 938.782 652050 880.115 0.028712 4.46696e-05 993.125 1.12631 393.02 76.878
30 1.9682e+07 14445.1 0.999255 0.000218808 1e+06 9.92538 0.0185626 2.8505 0.277287 0.205954 0.000321864 656065 481.39 0 0 1.96819e+07 14440.3 0.250079 0.00135928 150.937 1.56696 240259 176.37 133270 157.435 273556 879.421 647085 824.429 0.0281377 4.07631e-05 993.837 1.0631 338.848 52.7047
31 1.95708e+07 14582.3 0.999232 0.00020982 1e+06 10.3902 0.0196676 2.92408 0.282462 0.210067 0.000376781 631315 470.438 0 0 1.95708e+07 14583 0.274462 0.00125304 154.615 1.66248 238901 178.042 134941 161.787 268530 986.419 642372 924.763 0.0275898 4.34127e-05 994.57 1.03378 309.384 55.7825
32 1.94568e+07 16002.7 0.999235 0.000197167 1e+06 10.8425 0.0181847 2.8971 0.272838 0.21417 0.000313673 608022 500.101 0 0 1.94567e+07 16000.8 0.297355 0.00132561 158.016 1.48156 237509 195.32 136628 172.555 263807 839.113 637944 786.702 0.0270687 3.75338e-05 995.252 0.866169 260.475 44.0549
33 1.93492e+07 15320 0.999215 0.000200305 1e+06 11.2839 0.0159565 2.89776 0.270408 0.218155 0.000293479 586338 464.191 0 0 1.93492e+07 15320 0.31871 0.0012395 161.491 1.58529 236196 186.961 138229 167.486 259202 729.847 633627 684.226 0.0265732 3.18239e-05 995.738 0.739087 241.343 42.851
34 1.92445e+07 15564.3 0.999191 0.000196259 1e+06 11.714 0.0155018 2.92484 0.245978 0.222014 0.00035637 566014 457.592 0 0 1.92445e+07 15558.5 0.338737 0.00106448 164.826 1.45625 234918 189.958 139777 174.17 254889 834.548 629584 782.411 0.0260969 3.75913e-05 996.084 0.718986 226.919 38.58
35 1.91401e+07 15478.5 0.999175 0.000208124 1e+06 12.1408 0.0160743 2.97489 0.267601 0.225952 0.000366426 546858 442.056 0 0 1.914e+07 15470.6 0.357594 0.00112156 167.863 1.59207 233643 188.956 141326 173.877 250500 838.832 625469 786.427 0.0256566 3.77483e-05 996.701 0.617188 206.838 35.8219
36 1.90369e+07 15498.4 0.999098 0.000223603 1e+06 12.561 0.0160476 3.00337 0.273858 0.229733 0.000412978 528801 430.358 0 0 1.90368e+07 15494.5 0.37537 0.000977644 171.183 1.62085 232384 189.145 142834 185.175 246521 783.973 621739 735.014 0.0252233 3.68976e-05 996.845 0.562556 186.798 32.2744
37 1.89356e+07 14441.2 0.999132 0.000217329 1e+06 12.9782 0.0156377 3.00273 0.256184 0.233531 0.000383569 511773 390.263 0 0 1.89356e+07 14438.3 0.392171 0.000978195 173.878 1.54445 231148 176.297 144320 166.192 242524 812.37 617992 761.548 0.0248151 3.52191e-05 997.059 0.481048 179.99 32.3283
38 1.88346e+07 16974.2 0.999111 0.000180107 1e+06 13.3911 0.0155575 3.03296 0.242153 0.237157 0.000370792 495645 446.657 0 0 1.88345e+07 16975.6 0.408036 0.000905505 176.906 1.23928 229914 207.185 145775 191.276 238987 773.133 614676 724.768 0.0244157 3.25597e-05 997.372 0.450176 159.01 27.7385
39 1.87349e+07 15464.6 0.999103 0.000209498 1e+06 13.8013 0.0149345 3.0272 0.282271 0.240857 0.000383608 480381 396.627 0 0 1.87349e+07 15472.7 0.423067 0.000835173 179.741 1.62158 228698 188.816 147220 178.437 235318 753.283 611236 706.197 0.0240409 3.08746e-05 997.488 0.477569 151.111 27.1017
40 1.86419e+07 15301.7 0.999076 0.000179079 1e+06 14.205 0.0165771 3.03333 0.248506 0.244355 0.000398045 466045 382.545 0 0 1.86418e+07 15299.8 0.437151 0.000872614 182.764 1.40053 227562 186.782 148571 175.996 231882 792.305 608015 742.767 0.0236773 3.23508e-05 997.74 0.437711 147.374 28.7994
41 1.85461e+07 14978.9 0.999072 0.00020211 1e+06 14.6079 0.0150352 3.08475 0.263291 0.247954 0.000371864 452342 365.248 0 0 1.8546e+07 14973.7 0.450626 0.000788273 185.49 1.47196 226392 182.848 149957 170.383 228427 743.406 604775 696.891 0.0233329 2.92555e-05 997.855 0.426809 136.96 24.7035
42 1.84549e+07 14517.7 0.998981 0.000209949 1e+06 15.0094 0.0145196 3.0558 0.214303 0.251408 0.000397952 439402 345.588 0 0 1.84549e+07 14515.4 0.463353 0.000785524 188.013 1.34999 225280 177.233 151274 169.055 225151 748.761 601705 701.91 0.0229993 3.03932e-05 998.074 0.37718 132.535 23.835
43 1.83619e+07 14502.9 0.998998 0.00021681 1e+06 15.4077 0.0164838 3.09443 0.231918 0.254985 0.000387214 427021 337.288 0 0 1.83619e+07 14506.4 0.475542 0.000791654 190.395 1.42474 224145 176.995 152620 170.37 221779 682.689 598544 640.043 0.0226873 2.75093e-05 998.167 0.37101 122.323 22.4116
44 1.8273e+07 12678.6 0.998981 0.000226786 1e+06 15.8035 0.0148274 3.05073 0.213807 0.25833 0.00037976 415294 287.986 0 0 1.82729e+07 12671.4 0.487049 0.000682579 193.059 1.55807 223059 154.751 153893 151.08 218773 666.117 595725 624.438 0.022376 2.82085e-05 998.232 0.335465 116.717 22.4702
45 1.81842e+07 13942.4 0.998998 0.000206992 1e+06 16.1956 0.0159745 3.12121 0.220719 0.261663 0.000303117 404093 309.854 0 0 1.81842e+07 13941.5 0.498029 0.000707454 195.585 1.36564 221976 170.221 155160 150.17 215841 680.262 592977 637.74 0.022077 2.67892e-05 998.336 0.328685 110.293 19.5129
46 1.80944e+07 14615.8 0.998961 0.000201691 1e+06 16.5904 0.0163445 3.09881 0.215677 0.264973 0.000367382 393355 317.626 0 0 1.80943e+07 14610.9 0.508568 0.000635274 198.054 1.34948 220879 178.406 156431 168.159 213057 652.111 590366 611.333 0.0217865 2.64485e-05 998.466 0.293414 104.525 21.9114
47 1.80049e+07 15583.3 0.998974 0.000226961 1e+06 16.9809 0.0167448 3.11605 0.223832 0.268357 0.00039503 383081 331.646 0 0 1.80048e+07 15590 0.518635 0.000652907 200.413 1.35469 219786 190.256 157704 177.068 210175 729.249 587664 683.677 0.0215123 2.75127e-05 998.54 0.280306 100.01 19.3012
48 1.79195e+07 16067 0.998951 0.000199601 1e+06 17.37 0.0168581 3.10837 0.226463 0.271612 0.000387376 373322 334.745 0 0 1.79195e+07 16062.5 0.528223 0.000601985 202.45 1.37562 218744 196.169 158917 183.14 207429 685.883 585090 643.018 0.0212484 2.52415e-05 998.554 0.284035 96.6061 21.2607
49 1.78347e+07 13025.8 0.998919 0.000215144 1e+06 17.7583 0.0143257 3.14389 0.23385 0.274851 0.00034765 363973 265.84 0 0 1.78347e+07 13018 0.537387 0.000639305 204.56 1.24619 217709 159.066 160120 150.001 204741 603.739 582570 565.989 0.0209904 2.44712e-05 998.644 0.27406 91.1212 19.127
50 1.77527e+07 15852.6 0.998959 0.000203928 1e+06 18.1396 0.0172186 3.13354 0.215572 0.278041 0.000364072 355054 316.987 0 0 1.77527e+07 15851.2 0.546121 0.000597624 206.894 1.13796 216708 193.498 161287 172.406 202088 747.737 580083 700.987 0.0207462 2.67542e-05 998.7 0.232335 90.1212 18.0763
51 1.76688e+07 15359.4 0.998929 0.000210274 1e+06 18.5237 0.0164916 3.16894 0.220568 0.281149 0.000411156 346445 301.112 0 0 1.76687e+07 15360.6 0.554553 0.000613426 208.989 1.26263 215683 187.501 162461 176.347 199704 703.239 577848 659.27 0.0204986 2.63184e-05 998.791 0.218593 83.0303 15.3053
52 1.75878e+07 16331.8 0.998881 0.000238119 1e+06 18.9055 0.0208978 3.20338 0.236115 0.284244 0.000415109 338226 314.08 0 0 1.75877e+07 16338.2 0.562606 0.000647105 210.971 1.12812 214695 199.327 163601 189.513 197271 653.32 575567 612.46 0.0202637 2.26487e-05 998.864 0.232654 81.6768 16.7633
53 1.75019e+07 14860.3 0.99888 0.000206922 1e+06 19.2876 0.0169134 3.15418 0.209899 0.287336 0.000401252 330224 280.508 0 0 1.75019e+07 14870.7 0.570407 0.00061265 213.451 1.19512 213646 181.424 164787 170.632 195066 670.639 573500 628.745 0.0200322 2.60314e-05 998.92 0.225533 79.0909 16.4925
54 1.74266e+07 16607.1 0.998872 0.000224051 1e+06 19.6611 0.0174835 3.18818 0.220951 0.290399 0.000416128 322714 307.658 0 0 1.74266e+07 16616.1 0.577784 0.000612711 215.016 1.27785 212727 202.705 165863 189.712 192566 685.132 571156 642.312 0.0198214 2.50394e-05 998.951 0.206275 74.0404 14.3548
55 1.7348e+07 14927.9 0.998861 0.000209234 1e+06 20.035 0.0177923 3.20808 0.2273 0.293417 0.000377479 315418 271.685 0 0 1.7348e+07 14935.1 0.584898 0.000566498 217.237 1.23362 211768 182.317 166964 173.136 190302 573.74 569033 537.917 0.0196075 2.10037e-05 998.996 0.206125 72.2626 14.2245
56 1.72689e+07 15194.3 0.99887 0.000209426 1e+06 20.4103 0.0195071 3.17857 0.203888 0.296462 0.000407697 308372 271.501 0 0 1.72688e+07 15196.3 0.591791 0.000560371 219.072 1.18381 210802 185.523 168071 172.649 188050 682.974 566922 640.304 0.0194017 2.49564e-05 999.005 0.17927 70.4747 15.8709
57 1.71921e+07 15840.9 0.99884 0.000209672 1e+06 20.7829 0.0211989 3.16038 0.230086 0.29943 0.00040373 301614 278.054 0 0 1.7192e+07 15849.5 0.598407 0.000572833 220.665 1.11504 209864 193.386 169144 180.165 185879 658.002 564887 616.891 0.0192023 2.3283e-05 999.047 0.172954 69.0202 14.7326
58 1.71151e+07 15771.4 0.998848 0.000250591 1e+06 21.153 0.0168176 3.19714 0.193893 0.302397 0.000396128 295088 271.881 0 0 1.71151e+07 15770.8 0.604781 0.00050697 222.533 1.22765 208925 192.519 170216 180.486 183750 618.383 562891 579.748 0.0190082 2.43268e-05 999.081 0.177791 65.7576 14.8502
59 1.70388e+07 14851.1 0.998802 0.000178543 1e+06 21.5204 0.0181538 3.20904 0.206392 0.305256 0.000391487 288792 251.653 0 0 1.70387e+07 14849.4 0.610899 0.000516396 224.654 1.27041 207993 181.269 171270 166.513 181807 664.01 561070 622.538 0.018815 2.40425e-05 999.122 0.179202 63.4444 14.8455
60 1.69656e+07 15951 0.998783 0.000227678 1e+06 21.8836 0.0173646 3.2032 0.201101 0.30821 0.000355418 282760 265.848 0 0 1.69656e+07 15948.6 0.616787 0.000483342 226.43 1.22043 207100 194.688 172299 174.929 179632 647.961 559031 607.479 0.0186358 2.2796e-05 999.166 0.161436 61.0808 12.8162
61 1.68906e+07 15578.2 0.998787 0.000218273 1e+06 22.248 0.0189565 3.21957 0.190622 0.311022 0.000424157 276895 255.304 0 0 1.68906e+07 15570.3 0.622517 0.000450262 228.038 1.2171 206184 190.147 173330 179.764 177777 633.782 557292 594.212 0.0184541 2.31421e-05 999.217 0.15972 59.9798 14.0547
62 1.682e+07 13281.1 0.99874 0.000223824 1e+06 22.6073 0.0184185 3.22108 0.22801 0.31385 0.000408523 271290 214.313 0 0 1.682e+07 13287.8 0.627991 0.000408064 229.578 1.18949 205322 162.162 174317 158.993 175777 543.313 555416 509.348 0.0182808 2.13453e-05 999.208 0.158296 58.798 12.735
63 1.67447e+07 15283.7 0.998779 0.000201495 1e+06 22.9691 0.0185755 3.23264 0.223252 0.316748 0.000453002 265788 242.66 0 0 1.67446e+07 15289.6 0.633335 0.000457504 231.493 1.12892 204403 186.531 175357 174.946 173857 699.502 553616 655.818 0.0181152 2.41705e-05 999.255 0.13826 55.596 11.016
64 1.66727e+07 15921 0.998659 0.000253354 1e+06 23.3265 0.0213042 3.25284 0.173955 0.319522 0.000374259 260510 248.827 0 0 1.66726e+07 15929.6 0.638483 0.000447622 233.142 1.16598 203524 194.364 176349 181.815 172043 544.931 551916 510.865 0.0179482 1.91498e-05 999.241 0.151355 54.4343 13.7011
65 1.66023e+07 13661.2 0.998743 0.000217903 1e+06 23.6798 0.0205213 3.24289 0.197907 0.322268 0.00038142 255419 210.155 0 0 1.66022e+07 13661.6 0.643431 0.000425376 234.722 1.3504 202664 166.741 177321 153.28 170244 612.737 550229 574.449 0.0177894 2.1546e-05 999.322 0.135425 54.3838 12.4768
66 1.65314e+07 13060.1 0.998706 0.000226526 1e+06 24.0324 0.0200005 3.23232 0.219619 0.325039 0.000397749 250476 197.936 0 0 1.65314e+07 13062.5 0.648239 0.00045622 236.404 1.32342 201800 159.462 178298 151.315 168445 575.758 548543 539.813 0.0176337 1.91313e-05 999.331 0.137461 52.101 11.684
67 1.64582e+07 16198.2 0.998696 0.000246833 1e+06 24.3905 0.023581 3.2183 0.194783 0.327803 0.000471547 245645 241.776 0 0 1.64582e+07 16203.3 0.652949 0.000462662 237.92 1.20933 200906 197.715 179297 191.728 166762 601.174 546965 563.593 0.0174794 1.97917e-05 999.335 0.118954 50.8283 11.9317
68 1.63916e+07 13374 0.998657 0.000238581 1e+06 24.7364 0.0197525 3.26144 0.195191 0.330533 0.000392923 241053 196.63 0 0 1.63916e+07 13375.4 0.657419 0.00040468 239.363 0.970535 200093 163.245 180224 153.635 164936 569.256 545253 533.646 0.0173334 1.90905e-05 999.379 0.118969 50 9.83398
69 1.63232e+07 14571.5 0.998652 0.000199602 1e+06 25.0815 0.0207452 3.2291 0.214564 0.333189 0.000422848 236568 211.203 0 0 1.63232e+07 14577.7 0.661792 0.000395137 240.719 1.16766 199258 177.907 181161 166.895 163300 612.747 543719 574.416 0.0171887 2.06261e-05 999.374 0.134396 47.1818 10.3829
70 1.62526e+07 15017.5 0.998682 0.000221166 1e+06 25.429 0.0211078 3.2531 0.166327 0.335945 0.000334845 232179 214.57 0 0 1.62526e+07 15019.5 0.666044 0.000406322 242.42 1.15235 198396 183.352 182129 164.749 161614 568.602 542139 533.062 0.0170473 1.82367e-05 999.422 0.130231 48.1616 10.2629
