#1-sta 2-avgThroughput 3-stdThroughput 4-JFI 5-stdJFI 6-Bandwidth 7-avgDelay 8-stdDelay 9-avgBackoffStage 10-stdBackoffStage 11-totalFractionOfCollisionSlots 12.stdCollidingSlots 13.avgThroughputDCF 14. stdThroughputDCF 15.avgThroughputECA 16.stdThroughputECA 17.Sum of 15 and 16 18. std of 17 19. AvgBlockingProb 20. StdBlockingProb 21. AvgDroppedPackets 22.StdDropped 23.SxSlots 24.stdSxSlots 25.ColSlots 26.StdColSlots 27.EmptySlots 28.stdEmpty 29.totalSlots 30.stdTotalSlots 31.averageTAU 32.stdTAU 33.avgQSize 34.stdQSize 35.avgQEmpty 36.stdQEmpty
2 2.00168e+06 10211.7 0.999968 4.38759e-05 1e+06 0.000277714 5.15205e-07 0 0 4.35762e-06 9.87656e-07 0 0 1.0009e+06 5110.25 2.0018e+06 10219.5 0 0 0 0 24430.6 124.808 25.6364 5.81092 5.85867e+06 1996.22 5.88312e+06 1871.86 0.00208069 1.12984e-05 0.0555556 0.157135 23623.4 116.427
3 3.00011e+06 12180 0.999937 6.13081e-05 1e+06 0.00028484 6.22778e-07 0 0 1.91648e-05 1.95237e-06 0 0 1.0002e+06 4075.29 3.00059e+06 12225.6 0 0 0 0 36604.3 148.247 109.222 11.1161 5.66243e+06 2412.39 5.69915e+06 2261.78 0.00215371 9.82291e-06 0.026936 0.0908466 35378 138.125
4 3.99887e+06 14931.9 0.999935 4.5779e-05 1e+06 0.000293742 7.04189e-07 0 0 5.21414e-05 3.27353e-06 0 0 1.00002e+06 3721.77 4.0001e+06 14888.5 0 0 0 0 48762 180.759 287.495 17.9996 5.46477e+06 2985.52 5.51382e+06 2799.98 0.00223706 9.85315e-06 0.0378788 0.108733 47115 169.302
5 4.99871e+06 18919.3 0.999937 4.66515e-05 1e+06 0.000304222 9.20186e-07 0 0 0.000109376 5.4921e-06 0 0 1.00026e+06 3805.64 5.00131e+06 19026.6 0 0 0 0 60911.1 229.786 582.606 29.1492 5.26519e+06 3781.33 5.32669e+06 3546.62 0.00233107 1.07252e-05 0.0383838 0.105128 58835.1 215.381
6 5.99544e+06 21757.5 0.999928 4.38945e-05 1e+06 0.000316984 9.90487e-07 0.003367 0.0333316 0.000201255 6.84383e-06 0 0 1.00001e+06 3633.17 6.00006e+06 21798 0 0 0 0 72982.5 261.382 1034.04 34.8289 5.06401e+06 4403.39 5.13803e+06 4130.52 0.00243524 1.13069e-05 0.0420876 0.083227 70475.8 251.07
7 6.9934e+06 22466 0.99993 4.02656e-05 1e+06 0.000331983 1.13437e-06 0 0 0.000337258 9.50592e-06 0 0 1.00013e+06 3228.49 7.00093e+06 22601.2 0 0 0 0 85028.2 269.973 1668.28 46.3186 4.85997e+06 4653.84 4.94667e+06 4366.06 0.00255345 1.12857e-05 0.024531 0.0575755 82095.9 259.046
8 7.98895e+06 25043.6 0.999932 3.56186e-05 1e+06 0.000350075 1.37614e-06 0.00378788 0.0278351 0.000531068 1.27093e-05 0 0 1.00004e+06 3142.71 8.0003e+06 25140.9 0 0 0 0 96977.3 299.846 2524.05 58.7641 4.65335e+06 5344.25 4.75285e+06 5014.39 0.00268605 1.25763e-05 0.0429293 0.077772 93623.4 283.019
9 8.98492e+06 27521.7 0.99993 3.14601e-05 1e+06 0.000371181 1.59526e-06 0.00897867 0.0516029 0.000794433 1.71449e-05 0 0 1.00011e+06 3106.34 9.00098e+06 27958 0 0 0 0 108860 322.914 3619.25 75.8213 4.44335e+06 5785.41 4.55583e+06 5432.59 0.00283606 1.30024e-05 0.050505 0.0728393 105088 306.537
10 9.97928e+06 29496.1 0.999929 3.11172e-05 1e+06 0.000396301 1.84592e-06 0.00808081 0.0338648 0.00114746 2.12468e-05 0 0 1.00015e+06 2948.73 1.00015e+07 29487.3 0 0 0 0 120631 343.314 4997.57 88.2126 4.22978e+06 6365.43 4.35541e+06 5978.58 0.00300633 1.4407e-05 0.0444444 0.075508 116440 327.754
11 1.0972e+07 30062.9 0.99993 3.01693e-05 1e+06 0.000426018 2.11834e-06 0.0137741 0.0489707 0.00160678 2.39702e-05 0 0 1.00011e+06 2747.53 1.10012e+07 30224.2 0 0 0 0 132269 356.317 6670.53 93.9017 4.01261e+06 6441.07 4.15155e+06 6046.45 0.00319929 1.45954e-05 0.0569329 0.0823174 127676 329.155
12 1.1964e+07 29680.6 0.999928 3.30277e-05 1e+06 0.000462082 2.63292e-06 0.0159933 0.0588384 0.00221085 3.54721e-05 0 0 1.00017e+06 2531.8 1.2002e+07 30384.5 0 0 0 0 143737 337.304 8717.64 129.15 3.79074e+06 6898.28 3.9432e+06 6485.13 0.00342175 1.65782e-05 0.0555556 0.0776695 138740 317.274
13 1.29534e+07 30318.2 0.999922 3.03615e-05 1e+06 0.000505558 2.98063e-06 0.030303 0.0838513 0.00298362 3.4831e-05 0 0 1.00011e+06 2334.97 1.30015e+07 30355.3 0 0 0 0 154996 329.067 11131.3 115.881 3.56471e+06 6760.26 3.73084e+06 6366.16 0.00367697 1.63464e-05 0.069153 0.106282 149609 306.962
14 1.39409e+07 31038.2 0.999927 2.88515e-05 1e+06 0.000558492 3.72792e-06 0.040404 0.0903289 0.00398417 4.78389e-05 0 0 1.0001e+06 2235.16 1.40014e+07 31296 0 0 0 0 165991 332.579 13997.8 146.475 3.33345e+06 7284.57 3.51344e+06 6863.31 0.00397465 1.91983e-05 0.0808081 0.0922957 160226 306.06
15 1.49275e+07 33086.9 0.999925 2.62533e-05 1e+06 0.000624394 4.81691e-06 0.0249158 0.0706461 0.00526376 6.54434e-05 0 0 1.00012e+06 2222.66 1.50018e+07 33339.4 0 0 0 0 176671 354.448 17322.8 181.146 3.09705e+06 8172.62 3.29104e+06 7701.32 0.00432315 2.31703e-05 0.0531986 0.0739944 170530 336.928
16 1.59099e+07 34290.2 0.999926 2.62648e-05 1e+06 0.000705255 4.9709e-06 0.0315657 0.0684502 0.00689429 7.78418e-05 0 0 1.00001e+06 2195.03 1.60002e+07 35117.4 0 0 0.00315657 0.0136865 186931 338.515 21125 193.685 2.85615e+06 8211.38 3.0642e+06 7749.91 0.00473227 2.52663e-05 0.0789141 0.0890935 180426 320.756
17 1.68901e+07 34416.8 0.999925 2.81415e-05 1e+06 0.00081021 6.56141e-06 0.0510992 0.116046 0.00901197 0.000100571 0 0 999895 2065.69 1.69982e+07 35114.1 0 0 0.00534759 0.0169106 196635 341.245 25519 219.995 2.6096e+06 8670.72 2.83176e+06 8187.49 0.00522308 2.99505e-05 0.083779 0.104791 189785 323.356
18 1.78708e+07 34644.9 0.999926 2.44285e-05 1e+06 0.000947408 9.42825e-06 0.0796858 0.127119 0.0117735 0.000126418 0 0 999969 1973.42 1.79994e+07 35526.4 0 0 0.0117845 0.0240452 205646 331.534 30532.3 240.347 2.35722e+06 8856.73 2.5934e+06 8384.27 0.00581924 3.42823e-05 0.121212 0.139111 198456 300.88
19 1.88495e+07 35285.4 0.999928 2.46579e-05 1e+06 0.00112965 1.25664e-05 0.0733652 0.131034 0.0153798 0.000195583 0 0 1.00001e+06 1910.18 1.90002e+07 36292.5 0 0 0.0334928 0.050435 213775 285.292 36151.3 323.084 2.10075e+06 9952.31 2.35068e+06 9461.9 0.00654888 4.52712e-05 0.115364 0.119616 206247 268.066
20 1.98238e+07 36041 0.999922 2.62931e-05 1e+06 0.0013831 1.62173e-05 0.163636 0.209234 0.0201829 0.00021022 0 0 999987 1847.42 1.99997e+07 36942.5 0 0 0.0888889 0.0750608 220577 300.764 42468.6 280.066 1.84123e+06 9215.08 2.10427e+06 8772.76 0.00745532 4.90071e-05 0.183333 0.187218 212755 287.199
21 2.07957e+07 35969.9 0.999919 2.8502e-05 1e+06 0.00174107 2.21143e-05 0.174603 0.210035 0.0265832 0.000297372 0 0 1e+06 1785.94 2.1e+07 37502.8 0 0 0.240981 0.14466 225721 283.305 49359.4 322.958 1.5818e+06 9524.42 1.85689e+06 9118.23 0.00858798 6.27502e-05 0.191919 0.175383 217593 285.795
22 2.17645e+07 36688.3 0.99992 2.35126e-05 1e+06 0.00227229 3.01369e-05 0.233242 0.243939 0.0351815 0.000402259 0 0 999905 1728.81 2.19979e+07 38039.1 0 0 0.688246 0.228875 228577 309.117 56725.4 350.14 1.32716e+06 9430.38 1.61247e+06 9062.1 0.0100129 7.84139e-05 0.250689 0.243143 220174 279.082
23 2.27298e+07 35733.7 0.999917 2.5557e-05 1e+06 0.00306009 4.66798e-05 0.357488 0.276612 0.0465696 0.000518387 0 0 999769 1630.03 2.29947e+07 37487.2 0 0 1.7365 0.466184 228673 327.54 64167 329.653 1.08513e+06 8815.92 1.37797e+06 8586.17 0.0117812 9.35939e-05 0.385156 0.254648 220019 339.296
24 2.36949e+07 37725.1 0.999918 2.46973e-05 1e+06 0.0042628 6.20856e-05 0.444024 0.343856 0.0610786 0.000694673 0 0 999594 1649.57 2.39902e+07 39593.8 0 0 4.22601 0.80082 225339 365.319 71053 323.341 867005 8470.92 1.1634e+06 8323.72 0.0138768 0.000119094 0.488216 0.366703 216451 379.981
25 2.46531e+07 40219.1 0.99992 2.13794e-05 1e+06 0.00606677 0.000109614 0.652525 0.362289 0.078492 0.00087494 0 0 999179 1662.6 2.49795e+07 41572.1 0 0 9.59838 1.17278 218419 557.662 76720.9 298.421 682379 7332.27 977519 7499.31 0.0161958 0.000134172 0.755152 0.461189 209304 584.289
26 2.56032e+07 40232.6 0.999924 2.29277e-05 1e+06 0.00868374 0.000162929 0.843046 0.357166 0.0970284 0.000844852 0 0 998309 1583.06 2.5956e+07 41156.7 0 0 19.4017 1.98812 208208 675.933 80378.4 219.139 539862 5308.19 828449 5652.75 0.0184198 0.000121617 1.10218 0.537689 198832 701.271
27 2.65456e+07 43858.2 0.999918 2.31518e-05 1e+06 0.0122808 0.000182703 1.02993 0.358186 0.114122 0.000772555 0 0 997035 1650.38 2.69199e+07 44562.7 0 0 34.2746 2.5173 195775 636.094 81633.3 191.949 437939 3952.09 715347 4401.12 0.0202021 0.000107742 1.50131 0.619375 186064 673.653
28 2.74842e+07 45317.1 0.999917 2.32144e-05 1e+06 0.0169906 0.000309116 1.28824 0.422189 0.128631 0.000652694 0 0 995523 1636.43 2.78746e+07 45827.5 0 0 52.1645 3.3814 182070 803.773 80812.1 261.514 365382 2938.15 628264 3725.57 0.0214519 8.54107e-05 2.171 0.868822 171904 850.686
29 2.8424e+07 47022.2 0.999917 2.31122e-05 1e+06 0.0228871 0.000436985 1.52839 0.343111 0.140316 0.000586074 0 0 993936 1627.65 2.88241e+07 47199.3 0 0 71.0766 3.829 168110 925.85 78431.1 318.142 312428 2334.87 558970 3298.8 0.0222225 7.2156e-05 2.83804 0.98564 157312 989.333
30 2.93752e+07 48623.7 0.999919 2.12857e-05 1e+06 0.0300681 0.000545906 1.76061 0.362507 0.149403 0.000603642 0 0 992579 1661.52 2.97774e+07 49843.8 0 0 86.6424 3.97976 154677 899.446 74879.2 397.62 271640 2034.08 501196 3054.6 0.0226327 6.63757e-05 3.69832 1.20829 143019 967.426
31 3.03403e+07 54699 0.999917 2.18426e-05 1e+06 0.0389556 0.000734311 2.02867 0.373974 0.156466 0.000558251 0 0 991501 1765.75 3.07365e+07 54748.4 0 0 98.4347 4.35178 141550 983.012 70505.1 443.774 238560 2086.11 450615 3312.43 0.0227719 6.60873e-05 4.86087 1.32217 128791 1089.83
32 3.1316e+07 52500.2 0.999913 2.24464e-05 1e+06 0.0497421 0.00127462 2.22159 0.32661 0.161308 0.000567584 0 0 990695 1642.19 3.17022e+07 52549.4 0 0 105.686 5.50331 129398 1104 65732.8 596.127 212368 1792.27 407499 3322.68 0.0226395 5.6229e-05 6.24527 1.48257 115388 1269.91
33 3.23173e+07 58356.5 0.999911 2.29155e-05 1e+06 0.0635279 0.00153041 2.42026 0.301946 0.164225 0.00070488 0 0 990457 1707.42 3.26851e+07 56344.3 0 0 107.061 5.34012 117648 1052.5 60428.2 603.556 189881 1460.41 367957 2883.69 0.0222993 7.13594e-05 7.66881 1.86309 102123 1188.71
34 3.33366e+07 57944.9 0.999909 2.3345e-05 1e+06 0.0802224 0.0023394 2.61557 0.289816 0.164947 0.000682949 0 0 990578 1686.82 3.36797e+07 57352.4 0 0 103.392 5.61263 107268 994.983 55136.5 612.36 171859 1565.77 334263 2995.62 0.0217542 6.83205e-05 9.9082 2.27285 90109.2 1150.92
35 3.43655e+07 57934.5 0.999912 2.24904e-05 1e+06 0.100881 0.00277515 2.84387 0.314176 0.163642 0.000831281 0 0 990890 1638.43 3.46812e+07 57343.1 0 0 96.9316 4.57698 97836.1 974.467 49891.2 631.704 157144 1286.82 304872 2730.62 0.0210173 7.97163e-05 12.4017 2.65871 78968.2 1140.48
36 3.54031e+07 57807.1 0.999909 2.3008e-05 1e+06 0.125537 0.00384205 3.00561 0.270844 0.160673 0.00100104 0 0 991359 1555.19 3.56889e+07 55986.8 0 0 87.8617 4.66644 89544.4 1057.45 44936.4 660.397 145183 1179.25 279664 2732.01 0.0201582 0.000101865 15.7368 3.24991 69055.1 1207.6
37 3.64467e+07 61006.8 0.999909 2.09393e-05 1e+06 0.154544 0.00519665 3.22604 0.26875 0.156358 0.00121938 0 0 992001 1606.97 3.6704e+07 59459 0 0 76.6025 5.58261 82334.4 907.804 40368.6 650.252 135463 1127.54 258166 2481.82 0.019208 0.000113217 19.3617 3.72758 60312.9 1082.18
38 3.74879e+07 58389.1 0.999907 2.02181e-05 1e+06 0.190305 0.00670828 3.41653 0.252551 0.15052 0.00146432 0 0 992500 1519.3 3.7715e+07 57731.5 0 0 65.869 4.93698 75806.5 996.696 36030.8 688.653 127518 991.827 239355 2483.8 0.0181621 0.000138568 24.1475 4.1473 52382.3 1134.92
39 3.8525e+07 62571 0.999906 2.09357e-05 1e+06 0.232771 0.0106915 3.57912 0.214528 0.143715 0.00161817 0 0 992939 1556.49 3.87246e+07 60704.3 0 0 55.598 5.23073 70109 1008.09 32087.2 711.976 121048 1001.65 223244 2591.06 0.0170909 0.00014528 29.2391 5.18665 45514.9 1144.65
40 3.95527e+07 60948.9 0.999905 2.1605e-05 1e+06 0.280291 0.0138941 3.73157 0.207273 0.136628 0.00190768 0 0 993208 1460.5 3.97283e+07 58419.8 0 0 45.902 4.96774 65285.2 910.69 28624.9 686.545 115572 832.305 209482 2253.55 0.0160643 0.000161908 35.9025 5.32346 39688.4 1045.41
41 4.05707e+07 62524.4 0.999899 2.66505e-05 1e+06 0.343108 0.0193708 3.83789 0.201673 0.128506 0.00204752 0 0 993222 1485.53 4.07221e+07 60913.1 0 0 38.9244 5.06687 60778.8 911.4 25326.7 681.015 110948 885.718 197053 2299.31 0.0150077 0.000169363 42.799 7.01644 34388 1005.7
42 4.15796e+07 67262.9 0.999896 2.28399e-05 1e+06 0.408168 0.0238683 3.97763 0.18881 0.120512 0.00204178 0 0 993111 1583.23 4.17106e+07 66486.9 0 0 30.7326 4.14282 57008.9 837.937 22468.3 600.484 106933 744.495 186410 1967.69 0.0140419 0.000167677 52.5337 8.95248 29972.9 867.661
43 4.25773e+07 69656.8 0.999891 2.81917e-05 1e+06 0.480148 0.0273983 4.09936 0.175557 0.112496 0.0021343 0 0 992812 1600.65 4.26909e+07 68827.9 0 0 24.5967 3.64396 53686.9 727.067 19933.7 560.182 103544 680.445 177164 1746.4 0.0131267 0.0001609 62.5436 9.00893 26170.3 759.799
44 4.35705e+07 65593.7 0.999883 2.64157e-05 1e+06 0.565685 0.0353374 4.22934 0.147858 0.104143 0.00242589 0 0 992446 1493.92 4.36676e+07 65736.1 0 0 19.7723 3.30948 50579.5 838.297 17600.6 585.417 100787 591.397 168967 1790.64 0.0122332 0.000186477 71.7739 10.4854 22790.7 786.741
45 4.45452e+07 69770.8 0.999869 2.86362e-05 1e+06 0.650154 0.0477897 4.28283 0.169911 0.0962417 0.00238352 0 0 991731 1547.1 4.46279e+07 69625.9 2.19997e-06 1.95617e-05 15.767 3.48968 47902.9 757.455 15549.8 555.207 98074.7 698.547 161527 1833.49 0.0114338 0.000167314 84.4334 12.0124 19883.9 703.054
46 4.54995e+07 82801.3 0.999843 3.57156e-05 1e+06 0.759619 0.0496049 4.35661 0.156669 0.0883186 0.0023761 0 0 990658 1784.47 4.55702e+07 82084.9 0 0 12.5922 2.68422 45413.2 728.041 13692.7 497.779 95892.5 580.169 154998 1553.19 0.010668 0.000170886 100.998 13.4057 17373.9 647.833
47 4.64385e+07 77124.6 0.999825 4.78898e-05 1e+06 0.869793 0.0576505 4.43886 0.139161 0.0804645 0.00235067 0 0 989327 1640.97 4.64984e+07 77121.8 2.35395e-05 0.000115455 10.1322 2.49727 43023.6 690.003 11963.3 464.095 93650.5 559.037 148637 1488.29 0.00994852 0.000160657 119.249 13.4344 15070.9 584.667
48 4.73853e+07 93716.1 0.999812 5.37806e-05 1e+06 0.977093 0.0629913 4.51031 0.124063 0.0728504 0.00224812 0 0 988237 1943.43 4.74353e+07 93288.3 2.90822e-05 0.000108467 7.85838 2.30504 40838.9 611.418 10421.2 419.409 91748.4 586.515 143009 1423 0.00927518 0.000144046 134.571 17.4325 13000.7 500.546
49 4.83057e+07 79943.1 0.999785 5.83512e-05 1e+06 1.08177 0.0820014 4.60585 0.0944688 0.0664273 0.00227219 0 0 986696 1618.42 4.83481e+07 79301.1 2.10466e-05 9.31203e-05 6.16698 1.78116 39053.8 660.098 9180.04 397.834 89920.8 452.819 138155 1321 0.00871478 0.000152579 155.007 16.6791 11383.6 511.529
50 4.92325e+07 109418 0.999765 6.34814e-05 1e+06 1.19896 0.0772447 4.64242 0.106791 0.0595482 0.00214207 0 0 985366 2193.17 4.92683e+07 109659 4.15045e-05 0.000141536 4.92444 1.41974 37178.3 595.772 7937.92 357.147 88143.5 521.965 133260 1279.5 0.00814735 0.000136887 172.545 19.3446 9748.75 448.18
51 5.01468e+07 103756 0.99975 6.40651e-05 1e+06 1.30864 0.087453 4.69954 0.107824 0.0529996 0.00199967 0 0 983841 2029.71 5.01759e+07 103510 4.57814e-05 0.000104964 4.21331 1.53171 35384.7 573.105 6826.7 319.402 86551.9 543.034 128763 1231.19 0.00761303 0.00012639 191.868 20.302 8284.73 402.198
52 5.10651e+07 114084 0.999736 7.83127e-05 1e+06 1.41861 0.086681 4.7535 0.103194 0.0470236 0.00194454 0 0 982472 2197.59 5.10886e+07 114275 7.70654e-05 0.000181678 3.36888 1.28824 33858.8 573.759 5857.76 295.938 84807.2 527.334 124524 1211.03 0.00715544 0.000123373 208.955 23.1578 7059.79 382.869
53 5.19934e+07 105214 0.999724 6.64353e-05 1e+06 1.48774 0.0904375 4.79341 0.0834098 0.0412176 0.00168701 0 0 981362 1978.23 5.20122e+07 104848 8.33899e-05 0.000162205 2.48409 0.968918 32270.6 487.238 4972.65 237.838 83367.4 449.189 120611 903.163 0.00669703 0.000111612 223.514 19.998 5872.94 308.052
54 5.29206e+07 120484 0.999707 6.77132e-05 1e+06 1.55865 0.0923482 4.8281 0.0752821 0.0357726 0.00180723 0 0 980285 2221.43 5.29354e+07 119956 6.89455e-05 0.000161767 2.09764 0.94512 30901.7 517.321 4182.82 245.061 81796.4 406.271 116881 982.514 0.0062969 0.000112294 237.159 22.078 4856.54 302.152
55 5.38211e+07 128949 0.999706 6.54716e-05 1e+06 1.64377 0.104875 4.85197 0.0758732 0.0306497 0.00149217 0 0 978783 2340.68 5.3833e+07 128741 6.49543e-05 0.00013386 1.89293 0.823642 29521.6 439.807 3474.53 193.421 80327.8 409.196 113324 845.369 0.00591209 9.37987e-05 255.791 24.67 3889.16 266.919
56 5.4766e+07 142688 0.999723 6.05681e-05 1e+06 1.6947 0.115012 4.88077 0.0599458 0.0256417 0.00158054 0 0 978115 2538.21 5.47745e+07 142141 5.3485e-05 0.000119972 1.53986 0.748297 28341 438.557 2821.6 194.662 78829.1 407.482 109992 824.221 0.00556817 9.73439e-05 264.423 29.5772 3047.33 243.794
57 5.57235e+07 129727 0.999753 6.45625e-05 1e+06 1.72109 0.125356 4.90679 0.0494736 0.020243 0.00103281 0 0 977712 2274.21 5.57296e+07 129631 4.88875e-05 0.000108558 1.20858 0.590129 27077.5 344.556 2156.57 119.471 77276 384.743 106510 516.701 0.005213 7.33906e-05 269.432 26.3326 2216.36 161.796
58 5.66856e+07 149205 0.999805 4.9324e-05 1e+06 1.73838 0.11018 4.93434 0.0452324 0.0153749 0.00108792 0 0 977402 2565.12 5.66893e+07 148777 1.53876e-05 5.68139e-05 0.992163 0.463537 26090.1 364.259 1589.99 118.979 75706.2 347.154 103386 458.161 0.00491828 7.92524e-05 273.903 27.4629 1553.56 154.118
59 5.76367e+07 137556 0.999876 3.44839e-05 1e+06 1.76613 0.141349 4.94727 0.0387608 0.0103901 0.00094969 0 0 976919 2325.77 5.76382e+07 137219 4.9842e-06 2.88078e-05 0.846259 0.409384 25121.5 380.446 1042.18 99.0035 74110.4 425.265 100274 362.871 0.0046318 7.47139e-05 280.046 27.0778 961.343 114.418
60 5.8261e+07 111950 0.999936 2.02793e-05 1e+06 1.98972 0.137528 4.96027 0.0303089 0.00703459 0.000699595 0 0 971021 1862.58 5.82612e+07 111755 0 0 0.740067 0.366628 24664.7 851.917 687.303 69.9357 72328.5 977.909 97680.5 265.739 0.00447397 0.000150073 352.416 22.2077 594.172 75.6575
61 5.85053e+07 105252 0.999961 1.52881e-05 1e+06 2.47601 0.124083 4.95099 0.0352213 0.00564367 0.000549504 0 0 959099 1722.34 5.8505e+07 105068 6.16524e-07 6.10328e-06 0.645802 0.322929 24686.6 1339.66 540.333 53.5315 70499.4 1485.1 95726.3 220.298 0.0044422 0.000237096 498.029 23.391 443.192 59.8735
62 5.85805e+07 74521.1 0.999967 1.00745e-05 1e+06 3.14392 0.109032 4.93988 0.0352779 0.00521119 0.000439861 0 0 944839 1198.97 5.858e+07 74333.9 4.63102e-05 8.1494e-05 0.731997 0.336688 24726.2 1034.89 490.424 42.0894 68882.4 1152.85 94099.1 179.856 0.00443486 0.00018289 671.186 20.0064 388.778 45.7835
63 5.86268e+07 87299.1 0.999972 7.76414e-06 1e+06 3.80997 0.0969613 4.92785 0.0369527 0.00488313 0.000411681 0 0 930573 1386.01 5.86261e+07 87322 0.000776144 0.000406654 0.674363 0.340239 25079.3 1341.03 451.747 38.6801 66970.5 1479.37 92501.6 184.005 0.00448705 0.000235687 836.389 17.8319 347.768 42.8921
64 5.86649e+07 82943.2 0.999974 7.53013e-06 1e+06 4.46904 0.0868989 4.92156 0.0394151 0.00464289 0.000377543 0 0 916625 1295.34 5.8664e+07 82900.7 0.00549684 0.001064 0.537248 0.247818 25183.5 1227.65 422.586 34.879 65402.8 1363.3 91008.9 172.886 0.00449652 0.000216023 948.816 8.2671 316.313 37.2563
65 5.87117e+07 83848.6 0.999974 7.87536e-06 1e+06 5.06137 0.086148 4.92821 0.0378754 0.00455828 0.000396898 0 0 903243 1290.73 5.87108e+07 83902.7 0.016218 0.00148746 0.637296 0.289494 24913.1 1210.17 408.616 36.1002 64311 1341.54 89632.7 172.894 0.00444383 0.000212946 980.657 1.96033 294.737 35.2333
66 5.87369e+07 75987.5 0.999976 7.19404e-06 1e+06 5.55458 0.0661263 4.9195 0.0375265 0.00445086 0.00043325 0 0 889936 1148.94 5.87358e+07 75832.8 0.0292688 0.00152591 0.580502 0.313558 25126.9 1187.48 392.859 38.8543 62733.1 1322.12 88252.9 181.605 0.00447613 0.000208466 983.921 0.745029 279.162 38.9931
67 5.87732e+07 69849.3 0.999976 6.94171e-06 1e+06 5.96632 0.0547559 4.92733 0.0375097 0.00440736 0.000350448 0 0 877195 1041.7 5.8772e+07 69794 0.0419744 0.00130952 0.532791 0.25196 24831.7 1123.76 383.354 30.967 61756.4 1253.67 86971.5 164.345 0.00442048 0.000197432 984.436 0.766917 266.172 32.4486
68 5.87772e+07 72114.6 0.999977 6.29113e-06 1e+06 6.31508 0.045255 4.91191 0.040015 0.00424444 0.00035152 0 0 864354 1060.52 5.8776e+07 72120.1 0.0547694 0.00143312 0.505496 0.252159 25274.6 1302.18 363.444 30.6868 59979.3 1446.77 85617.4 175.078 0.00449317 0.000226464 985.068 0.664415 242.384 29.7303
69 5.88153e+07 69073.9 0.999976 6.10064e-06 1e+06 6.61595 0.0418124 4.92168 0.0392422 0.00425937 0.000319056 0 0 852377 1001.17 5.8814e+07 69077.8 0.066712 0.00142079 0.538135 0.260712 24896.2 1157.74 359.707 27.3692 59187.3 1277.09 84443.2 149.242 0.00442294 0.000203191 985.473 0.617529 232.717 27.8445
70 5.88309e+07 73461.9 0.999976 7.32859e-06 1e+06 6.88722 0.038356 4.92092 0.0410796 0.0042247 0.000339238 0 0 840423 1047.06 5.88296e+07 73295.7 0.0786544 0.00132895 0.498124 0.233078 24944.2 1191.5 351.687 28.6655 57941.4 1315.76 83237.3 153.235 0.00442911 0.000209579 985.788 0.618343 222.657 29.8272
