#DCF
#1-Clock drift the rest is as in multiAverage
0 16 2.1602e+07 32693.3 0.998338 0.000561207 6.5e+07 5.29424 0.00752126 2.28535 0.370146 0.137575 0.000636035 1.35011e+06 2041.81 0 0 2.16018e+07 32673.3 0.97408 3.6682e-05 21.2803 0.889773 65924 99.7806 25760.1 93.6704 95561.1 563.233 187245 528.037 0.0410079 0.000138731 999.984 0.0283802 0.10101 0.33318
1 16 2.16077e+07 34211.7 0.99825 0.000718561 6.5e+07 5.29377 0.00796794 2.33018 0.357443 0.137417 0.000586352 1.35047e+06 2137.24 0 0 2.16075e+07 34194.2 0.974074 3.70233e-05 21.2904 0.965974 65941.5 104.396 25738.7 91.9018 95625.1 592.78 187305 555.746 0.0409803 0.000137833 999.976 0.0314455 0.10101 0.33318
2 16 2.16094e+07 32776.5 0.998318 0.000633669 6.5e+07 5.29341 0.00797046 2.41856 0.321211 0.137505 0.000590813 1.35057e+06 2049.57 0 0 2.16092e+07 32790.3 0.974073 3.48799e-05 21.2645 0.901862 65946.6 100.032 25740.6 84.9479 95511.6 661.42 187199 620.088 0.0410077 0.000152589 999.981 0.0311681 0.10101 0.33318
3 16 2.16146e+07 30640.9 0.998186 0.000601016 6.5e+07 5.29277 0.00765881 2.31629 0.367327 0.13728 0.00066133 1.3509e+06 1915.95 0 0 2.16144e+07 30648.9 0.974068 3.38128e-05 21.322 0.954346 65962.4 93.524 25716.2 88.0368 95649.5 625.253 187328 586.191 0.0409656 0.000152001 999.978 0.032218 0.10101 0.33318
4 16 2.16113e+07 33810.8 0.998289 0.000543749 6.5e+07 5.29258 0.00746888 2.32576 0.354475 0.137487 0.000628067 1.3507e+06 2111.8 0 0 2.16111e+07 33780.6 0.974071 3.46256e-05 21.3643 0.945652 65952.6 103.188 25735.5 89.6078 95499.2 672.951 187187 630.892 0.0410079 0.000154868 999.977 0.0311326 0.10101 0.33318
5 16 2.16082e+07 31897.2 0.99831 0.000630913 6.5e+07 5.29321 0.0077952 2.39141 0.339733 0.137472 0.000579531 1.3505e+06 1993.04 0 0 2.16079e+07 31882.7 0.974073 3.37658e-05 21.4684 1.00697 65942.9 97.3529 25741.1 87.2628 95563.6 569.586 187248 534.002 0.0409947 0.000131164 999.982 0.0321806 0.10101 0.33318
6 16 2.16068e+07 33376.9 0.998251 0.000600805 6.5e+07 5.29375 0.00815053 2.36301 0.348232 0.137553 0.000619228 1.35041e+06 2086.04 0 0 2.16066e+07 33381.8 0.974076 3.83667e-05 21.1503 0.905272 65938.6 101.853 25749 88.4894 95506.9 662.842 187194 621.416 0.0410127 0.000158317 999.982 0.0293176 0.10101 0.33318
7 16 2.16048e+07 30746.5 0.998318 0.000591844 6.5e+07 5.29337 0.00744532 2.37247 0.376776 0.137491 0.000595188 1.35028e+06 1920.8 0 0 2.16045e+07 30737.4 0.974077 3.43933e-05 21.3775 0.966448 65932.6 93.8307 25749.2 83.4111 95599.6 613.361 187281 574.968 0.0409861 0.000148653 999.974 0.0353733 0.10101 0.33318
8 16 2.16122e+07 28658.3 0.998382 0.000579133 6.5e+07 5.29217 0.00766704 2.28662 0.333216 0.137545 0.000688167 1.35075e+06 1792.19 0 0 2.16119e+07 28670.3 0.974071 3.36674e-05 21.0669 1.02572 65955.1 87.4605 25737.3 85.8593 95429 629.413 187121 590.096 0.0410254 0.000158279 999.977 0.0349075 0.10101 0.33318
9 16 2.16055e+07 31133.4 0.998271 0.000577607 6.5e+07 5.2938 0.00740125 2.34091 0.339697 0.137506 0.000680755 1.35033e+06 1946.66 0 0 2.16053e+07 31147.4 0.974077 3.42193e-05 21.2203 1.06339 65934.8 95.0067 25748.6 87.1605 95572.7 684.244 187256 641.513 0.0409978 0.000164792 999.979 0.029441 0.10101 0.33318
10 16 2.16073e+07 35467.5 0.998261 0.000601864 6.5e+07 5.29388 0.0082728 2.36301 0.330561 0.137705 0.000666879 1.35044e+06 2216.21 0 0 2.16071e+07 35456.9 0.974074 3.67185e-05 21.3586 0.913501 65940.3 108.237 25757.1 91.0399 95350.9 762.523 187048 714.86 0.0410486 0.000172985 999.977 0.0325442 0.10101 0.33318
