#Full ECA
#1-Clock drift the rest is as in multiAverage
0 16 5.15373e+07 1.67347e+06 0.999996 4.31403e-06 6.5e+07 2.40914 0.0756318 2.95896 0.452107 0.000273797 4.30043e-05 0 0 3.22088e+06 104541 5.15341e+07 1.67266e+06 0.945406 0.00161573 0.121212 0.477213 26107.4 6800.04 21.6667 4.01512 52646.5 9389.8 78775.6 2593.71 0.0209558 0.00621335 999.699 0.41448 0.10101 0.33318
1 16 5.55611e+07 252409 0.999983 9.51008e-06 6.5e+07 2.24187 0.00993718 4.66288 0.163757 0.000468491 3.69533e-05 0 0 3.47205e+06 15774.5 5.55528e+07 252394 0.941544 0.000241944 0.121212 0.477213 9577.75 1052.23 39.9495 3.24543 75640.1 1471.14 85257.8 424.378 0.00708713 0.000804766 999.227 0.666408 0.10101 0.33318
2 16 5.57879e+07 223743 0.999979 1.0636e-05 6.5e+07 2.23307 0.00876654 4.80934 0.122569 0.000501356 3.96146e-05 0 0 3.4862e+06 13956.4 5.57792e+07 223297 0.941327 0.000220127 0.0808081 0.48569 8559.13 917.183 42.9697 3.46834 77093.3 1278.86 85695.4 367.724 0.00631146 0.000694419 999.119 0.688055 0.10101 0.33318
3 16 5.59629e+07 152271 0.999979 9.48944e-06 6.5e+07 2.2262 0.00597866 4.87563 0.0903726 0.000517482 3.55458e-05 0 0 3.49709e+06 9502 5.59535e+07 152030 0.941159 0.000156369 0.10101 0.522135 7804.44 606.831 44.5152 3.09566 78169 841.793 86017.9 241.904 0.00574001 0.00045606 999.186 0.632788 0.10101 0.33318
4 16 5.60391e+07 150340 0.999977 8.82237e-06 6.5e+07 2.22319 0.00587412 4.91351 0.077294 0.000536758 4.07576e-05 0 0 3.50183e+06 9360.72 5.60293e+07 149762 0.941087 0.000146421 0.020202 0.19999 7428.74 612.799 46.2525 3.57416 78686.4 868.545 86161.4 264.471 0.00546065 0.000460553 999.19 0.674588 0.10101 0.33318
5 16 5.61163e+07 122204 0.999978 1.11228e-05 6.5e+07 2.22018 0.00483809 4.93371 0.0639468 0.000546964 4.03724e-05 0 0 3.50669e+06 7618.54 5.6107e+07 121904 0.941012 0.000125087 0.0808081 0.39381 7089.91 495.298 47.2121 3.52559 79174.4 697.716 86311.5 213.79 0.00520677 0.00037011 999.109 0.656385 0.10101 0.33318
6 16 5.6133e+07 108297 0.999972 1.53948e-05 6.5e+07 2.21943 0.00430568 4.94003 0.0595379 0.000561354 4.10246e-05 0 0 3.50772e+06 6772.14 5.61236e+07 108354 0.940996 0.000102797 0.020202 0.19999 6952.93 424.292 48.4949 3.58271 79382.8 610.842 86384.2 197.534 0.00510495 0.000316887 999.155 0.747299 0.10101 0.33318
7 16 5.61572e+07 105510 0.99997 1.44937e-05 6.5e+07 2.21854 0.00414593 4.95644 0.0598916 0.000575814 4.77864e-05 0 0 3.50922e+06 6583.83 5.61476e+07 105342 0.940974 0.000105797 0.040404 0.281382 6817 441.788 49.7879 4.21463 79586.6 634.921 86453.4 210.203 0.00500454 0.000328298 999.022 0.673293 0.10101 0.33318
8 16 5.61882e+07 90676.1 0.99997 1.72208e-05 6.5e+07 2.21729 0.00352705 4.97664 0.0339268 0.000590109 5.16428e-05 0 0 3.51114e+06 5693.38 5.61783e+07 91083.9 0.940943 9.45716e-05 0.0606061 0.34284 6620.25 354.367 51.0808 4.52976 79881.8 519.334 86553.1 183.314 0.0048583 0.000263096 999.172 0.659224 0.10101 0.33318
9 16 5.61868e+07 105423 0.999969 1.35629e-05 6.5e+07 2.21725 0.00414055 4.97412 0.0366379 0.000603353 4.62306e-05 0 0 3.51107e+06 6581.37 5.61772e+07 105308 0.940945 0.000108901 0.0606061 0.34284 6576.05 405.298 52.2525 4.05603 79969.1 581.417 86597.4 194.133 0.00482563 0.000301178 999.148 0.637326 0.10101 0.33318
10 16 5.62062e+07 88385.1 0.999966 1.5873e-05 6.5e+07 2.21658 0.00348796 4.98043 0.0315909 0.000607983 5.6189e-05 0 0 3.51228e+06 5528.54 5.61964e+07 88447 0.940926 9.52434e-05 0 0 6482.16 351.452 52.6768 4.93356 80097.1 518.662 86631.9 185.082 0.00475656 0.000260595 999.177 0.616738 0.10101 0.33318