#Basic ECA
#1-Clock drift the rest is as in multiAverage
0 16 2.57881e+07 48166.2 0.996787 0.00113821 6.5e+07 4.52894 0.00912616 2.38573 0.387527 0.0975439 0.000660553 0 0 1.61174e+06 3010.29 2.57878e+07 48158.3 0.96999 5.05482e-05 34.0448 1.09439 78699 146.99 15128.6 119.337 61267.6 706.942 155095 662.708 0.0444283 0.000185909 999.968 0.0357522 0.10101 0.33318
1 16 2.55174e+07 53248.1 0.996959 0.00114372 6.5e+07 4.57321 0.0105458 2.35164 0.345948 0.100549 0.000728206 0 0 1.59482e+06 3327.41 2.55171e+07 53243.8 0.970255 5.72406e-05 33.2468 0.95571 77872.8 162.5 15811.2 135.524 63564.6 682.776 157249 640.065 0.0440906 0.000172544 999.969 0.03686 0.10101 0.33318
2 16 2.5283e+07 46118.1 0.997182 0.0010833 6.5e+07 4.60999 0.00939161 2.39015 0.327252 0.103157 0.000651573 0 0 1.58017e+06 2881.13 2.52827e+07 46095.8 0.970483 4.88345e-05 32.7431 1.10529 77157.5 140.726 16406.7 115.56 65481.5 691.709 159046 648.462 0.0438314 0.000179115 999.97 0.0346238 0.10101 0.33318
3 16 2.5075e+07 38449.6 0.997237 0.000952785 6.5e+07 4.64467 0.00800486 2.31376 0.349849 0.105284 0.000592388 0 0 1.56717e+06 2403.82 2.50747e+07 38458.6 0.970688 4.14789e-05 31.6414 0.933581 76522.7 117.337 16926.4 96.3908 67321.3 657.186 160770 616.119 0.0435659 0.000170954 999.977 0.0311326 0.10101 0.33318
4 16 2.48858e+07 46214.6 0.997348 0.00107067 6.5e+07 4.67526 0.00878129 2.36806 0.356873 0.107286 0.000702731 0 0 1.55534e+06 2889.26 2.48855e+07 46228.3 0.970872 4.95424e-05 31.2247 1.00272 75945.3 141.035 17405.9 116.568 68888.9 764.353 162240 716.591 0.0433595 0.000197495 999.974 0.0318169 0.10101 0.33318
5 16 2.47188e+07 45861.5 0.997321 0.000968859 6.5e+07 4.70369 0.00966252 2.44381 0.379341 0.109038 0.00061619 0 0 1.54491e+06 2865.5 2.47185e+07 45848.7 0.971036 5.1808e-05 30.5676 0.968192 75435.8 139.967 17830 114.033 70255.9 685.61 163522 642.704 0.0431932 0.000168596 999.97 0.0346238 0.10101 0.33318
6 16 2.45594e+07 42391.6 0.997285 0.000924084 6.5e+07 4.73024 0.0083188 2.42487 0.363999 0.110697 0.000671632 0 0 1.53495e+06 2649.36 2.45592e+07 42382.1 0.971192 4.267e-05 30.0152 1.05455 74949.5 129.367 18235.5 110.301 71549.5 667.636 164734 625.992 0.0430379 0.000169506 999.977 0.0298248 0.10101 0.33318
7 16 2.44136e+07 39430.1 0.997435 0.000853853 6.5e+07 4.75515 0.00820992 2.34912 0.321648 0.112236 0.000583157 0 0 1.52583e+06 2464.28 2.44133e+07 39417.1 0.971335 3.77778e-05 29.5448 0.895284 74504.3 120.34 18609.2 102.187 72691.6 569.538 165805 533.948 0.0429134 0.000140456 999.977 0.0311326 0.10101 0.33318
8 16 2.4287e+07 43004.6 0.997486 0.000994197 6.5e+07 4.77681 0.00884715 2.40909 0.375974 0.113547 0.000639431 0 0 1.51792e+06 2688.3 2.42868e+07 43007.3 0.971458 4.52129e-05 29.2468 1.09454 74118 131.252 18933.1 112.604 73691.6 599.417 166743 561.997 0.0428007 0.000150302 999.976 0.0326881 0.10101 0.33318
9 16 2.41602e+07 40059.5 0.997513 0.000831364 6.5e+07 4.79904 0.00888603 2.35417 0.350977 0.114716 0.00061676 0 0 1.50999e+06 2503.48 2.41599e+07 40057.5 0.971581 4.20408e-05 29.0499 0.888602 73731 122.241 19249.5 105.467 74820.8 580.424 167801 544.143 0.0426574 0.000144229 999.975 0.031706 0.10101 0.33318
10 16 2.40516e+07 36744.7 0.997572 0.000761069 6.5e+07 4.81941 0.00851651 2.33396 0.345215 0.115983 0.00054033 0 0 1.50321e+06 2294.89 2.40513e+07 36724.1 0.971688 3.97151e-05 28.5953 0.919046 73399.7 112.128 19537.4 92.7006 75514.7 594.988 168452 557.773 0.0426145 0.000148787 999.971 0.0357331 0.10101 0.33318