#1 Nodes,                 #2 AvgThroughput,               #4 totalBKThroughput, 
#6 totalBEThroughput,       #8 totalVIThroughput,           #10 totalVOThroughput,
#12 totalCollisions,        #14 totalBKCollisions,          #16 totalBECollisions,
#18 totalVICollisions,      #20 TotalVOCollisions,          #22 totalInternalCollisions,    
#24 totalBKIntCol,          #26 totalBEIntCol,              #28 totalVIIntCol,
#30 totalVOIntCol,          #32 overallFairness,            #34 BKFairness,
#36 BEFairness,             #38 VIFairness,                 #40 VOFairness,
#42 avgTimeBtSxTxBK,        #44 avgTimeBtSxTxBE,            #46 avgTimeBtSxTxVI,
#48 avgTimeBtSxTxVO,        #50 qEmptyBK,                   #52 qEmptyBE,
#54 qEmptyVI,               #56 qEmptyVO                    #58 totalDropped,
#60 droppedBK,              #62 droppedBE                   #64 droppedVI,
#66 droppedVO               #68 channelErrors               #70 stickiness
#72 totalThroughputUnsat    #74 totalThroughputSat          #76 totalThroughputEDCA
#78 totalBKthroughputEDCA   #80 totalBEthroughputEDCA       #82 totalVIthroughputEDCA
#84 totalVOthroughputEDCA   #86 totalThroughputECA          #88 totalBKthroughputECA
#90 totalBEthroughputECA    #92 totalVIthroughputECA        #94 totalVOthroughputECA
#96 avgTimeBtSxTxBkEDCA     #98 avgTimeBtSxTxBeEDCA         #100 avgTimeBtSxTxViEDCA
#102 avgTimeBtSxTxVoEDCA    #104 avgTimeBtSxTxBkECA         #106 avgTimeBtSxTxBeECA
#108 avgTimeBtSxTxViECA     #110 avgTimeBtSxTxVoECA         #112 BKCollisionsEDCA
#114 BECollisionsEDCA       #116 VICollisionsEDCA           #118 VOCollisionsEDCA
#120 BKCollisionsECA        #122 BECollisionsECA            #124 VICollisionsECA
#126 VOCollisionsEDCA       #128 lastCollision              #130 avgQueuingDelayBK
#132 avgQueuingDelayBE      #134 avgQueuingDelayVI          #136 avgQueuingDelayVO
2 23303770 87887.42856632 23303770 87887.42856632 0 0 0 0 0 0 8.25 0.698212002188447 0.00027358275 4.97608925380916e-05 0 0 0 0 0 0 0 0 0 0 0 0 0 0 0 0 0.9999969 2.07123151773104e-06 0.9999969 2.07123151773104e-06 0 0 0 0 0 0 0.0062836355 0.000752050455491352 0 0 0 0 0 0 0 0 0 0 0 0 0 0 0 0 0 0 0 0 0 0 0 0 0.5 0 1 0 0 0 23303770 87887.42856632 0 0 0 0 0 0 0 0 0 0 23303770 87887.42856632 23303770 87887.42856632 0 0 0 0 0 0 0 0 0 0 0 0 0 0 0.0062836355 0.000752050455491352 0 0 0 0 0 0 0 0 0 0 0 0 0 0 0.00027358275 4.97608925380916e-05 nan nan nan nan nan nan 23.1001564 26.4681932015354 0 0 0 0 0 0 0 0 
4 25946805 95246.724221886 25946805 95246.724221886 0 0 0 0 0 0 14.35 0.963068014212911 0.0004904023 8.32488203574681e-05 0 0 0 0 0 0 0 0 0 0 0 0 0 0 0 0 0.99999625 2.3637893307297e-06 0.99999625 2.3637893307297e-06 0 0 0 0 0 0 0.011382319 0.00133094443756642 0 0 0 0 0 0 0 0 0 0 0 0 0 0 0 0 0 0 0 0 0 0 0 0 0.5 0 1 0 0 0 25946805 95246.724221886 0 0 0 0 0 0 0 0 0 0 25946805 95246.724221886 25946805 95246.724221886 0 0 0 0 0 0 0 0 0 0 0 0 0 0 0.011382319 0.00133094443756642 0 0 0 0 0 0 0 0 0 0 0 0 0 0 0.0004904023 8.32488203574681e-05 nan nan nan nan nan nan 15.672316 15.8528935082083 0 0 0 0 0 0 0 0 
6 26977155 96401.522161219 26977155 96401.522161219 0 0 0 0 0 0 21.35 1.68151717208002 0.0007192858 0.000123508191586064 0 0 0 0 0 0 0 0 0 0 0 0 0 0 0 0 0.99999195 5.01472830770002e-06 0.99999195 5.01472830770002e-06 0 0 0 0 0 0 0.01653042 0.00182354158236109 0 0 0 0 0 0 0 0 0 0 0 0 0 0 0 0 0 0 0 0 0 0 0 0 0.5 0 1 0 0 0 26977155 96401.522161219 0 0 0 0 0 0 0 0 0 0 26977155 96401.522161219 26977155 96401.522161219 0 0 0 0 0 0 0 0 0 0 0 0 0 0 0.01653042 0.00182354158236109 0 0 0 0 0 0 0 0 0 0 0 0 0 0 0.0007192858 0.000123508191586064 nan nan nan nan nan nan 26.979607 22.5372443821837 0 0 0 0 0 0 0 0 
8 27530145 86835.7096763768 27530145 86835.7096763768 0 0 0 0 0 0 26.4 1.93390796058137 0.0009818843 0.000148892532973316 0 0 0 0 0 0 0 0 0 0 0 0 0 0 0 0 0.99998925 6.27594614381859e-06 0.99998925 6.27594614381859e-06 0 0 0 0 0 0 0.02232305 0.00224577164589368 0 0 0 0 0 0 0 0 0 0 0 0 0 0 0 0 0 0 0 0 0 0 0 0 0.5 0 1 0 0 0 27530145 86835.7096763768 0 0 0 0 0 0 0 0 0 0 27530145 86835.7096763768 27530145 86835.7096763768 0 0 0 0 0 0 0 0 0 0 0 0 0 0 0.02232305 0.00224577164589368 0 0 0 0 0 0 0 0 0 0 0 0 0 0 0.0009818843 0.000148892532973316 nan nan nan nan nan nan 12.827183 7.74201017848989 0 0 0 0 0 0 0 0 
10 27896250 106718.655819871 27896250 106718.655819871 0 0 0 0 0 0 31 1.84390889145858 0.00127747835 0.000197249278824353 0 0 0 0 0 0 0 0 0 0 0 0 0 0 0 0 0.99998875 6.44107910215784e-06 0.99998875 6.44107910215784e-06 0 0 0 0 0 0 0.028717815 0.00313143722151267 0 0 0 0 0 0 0 0 0 0 0 0 0 0 0.05 0.217944947177034 0.05 0.217944947177034 0 0 0 0 0 0 0.5 0 1 0 0 0 27896250 106718.655819871 0 0 0 0 0 0 0 0 0 0 27896250 106718.655819871 27896250 106718.655819871 0 0 0 0 0 0 0 0 0 0 0 0 0 0 0.028717815 0.00313143722151267 0 0 0 0 0 0 0 0 0 0 0 0 0 0 0.00127747835 0.000197249278824353 nan nan nan nan nan nan 14.059033 8.93514052605223 0 0 0 0 0 0 0 0 
12 28072945 65072.4863133414 28072945 65072.4863133414 0 0 0 0 0 0 35.55 2.87184609615488 0.0013958635 0.000137338778401259 0 0 0 0 0 0 0 0 0 0 0 0 0 0 0 0 0.9999785 9.11866218258177e-06 0.9999785 9.11866218258177e-06 0 0 0 0 0 0 0.03225253 0.00220251763809056 0 0 0 0 0 0 0 0 0 0 0 0 0 0 0 0 0 0 0 0 0 0 0 0 0.5 0 1 0 0 0 28072945 65072.4863133414 0 0 0 0 0 0 0 0 0 0 28072945 65072.4863133414 28072945 65072.4863133414 0 0 0 0 0 0 0 0 0 0 0 0 0 0 0.03225253 0.00220251763809056 0 0 0 0 0 0 0 0 0 0 0 0 0 0 0.0013958635 0.000137338778401259 nan nan nan nan nan nan 18.4191655 16.6436812294208 0 0 0 0 0 0 0 0 
14 28272070 81916.5251948592 28272070 81916.5251948592 0 0 0 0 0 0 39.95 2.2466641938661 0.0017498195 0.000209393442673714 0 0 0 0 0 0 0 0 0 0 0 0 0 0 0 0 0.9999795 7.99687438941356e-06 0.9999795 7.99687438941356e-06 0 0 0 0 0 0 0.03911805 0.00320813561114551 0 0 0 0 0 0 0 0 0 0 0 0 0 0 0 0 0 0 0 0 0 0 0 0 0.5 0 1 0 0 0 28272070 81916.5251948592 0 0 0 0 0 0 0 0 0 0 28272070 81916.5251948592 28272070 81916.5251948592 0 0 0 0 0 0 0 0 0 0 0 0 0 0 0.03911805 0.00320813561114551 0 0 0 0 0 0 0 0 0 0 0 0 0 0 0.0017498195 0.000209393442673714 nan nan nan nan nan nan 13.6077705 8.83530349647281 0 0 0 0 0 0 0 0 
16 28391640 57955.6675399395 28391640 57955.6675399395 0 0 0 0 0 0 43.75 2.21076909694341 0.001993101 0.000182316033411766 0 0 0 0 0 0 0 0 0 0 0 0 0 0 0 0 0.9999766 7.49266307797302e-06 0.9999766 7.49266307797302e-06 0 0 0 0 0 0 0.04456116 0.00271154977501797 0 0 0 0 0 0 0 0 0 0 0 0 0 0 0.05 0.217944947177034 0.05 0.217944947177034 0 0 0 0 0 0 0.5 0 1 0 0 0 28391640 57955.6675399395 0 0 0 0 0 0 0 0 0 0 28391640 57955.6675399395 28391640 57955.6675399395 0 0 0 0 0 0 0 0 0 0 0 0 0 0 0.04456116 0.00271154977501797 0 0 0 0 0 0 0 0 0 0 0 0 0 0 0.001993101 0.000182316033411766 nan nan nan nan nan nan 17.6554475 10.7337433650022 0 0 0 0 0 0 0 0 
18 28524640 89537.3966563692 28524640 89537.3966563692 0 0 0 0 0 0 48.4 2.7459060435492 0.002386694 0.000286457518881945 0 0 0 0 0 0 0 0 0 0 0 0 0 0 0 0 0.9999738 6.71267457873108e-06 0.9999738 6.71267457873108e-06 0 0 0 0 0 0 0.05185717 0.00446858054230871 0 0 0 0 0 0 0 0 0 0 0 0 0 0 0.2 0.509901951359279 0.2 0.509901951359279 0 0 0 0 0 0 0.5 0 1 0 0 0 28524640 89537.3966563692 0 0 0 0 0 0 0 0 0 0 28524640 89537.3966563692 28524640 89537.3966563692 0 0 0 0 0 0 0 0 0 0 0 0 0 0 0.05185717 0.00446858054230871 0 0 0 0 0 0 0 0 0 0 0 0 0 0 0.002386694 0.000286457518881945 nan nan nan nan nan nan 21.7789055 12.7452892879697 0 0 0 0 0 0 0 0 
20 28632125 96205.3006595791 28632125 96205.3006595791 0 0 0 0 0 0 51.3 3.08382878902186 0.0028015935 0.000402921153555817 0 0 0 0 0 0 0 0 0 0 0 0 0 0 0 0 0.99997415 6.16664414409315e-06 0.99997415 6.16664414409315e-06 0 0 0 0 0 0 0.05941908 0.00571632150246992 0 0 0 0 0 0 0 0 0 0 0 0 0 0 1.15 3.46806862677197 1.15 3.46806862677197 0 0 0 0 0 0 0.5 0 1 0 0 0 28632125 96205.3006595791 0 0 0 0 0 0 0 0 0 0 28632125 96205.3006595791 28632125 96205.3006595791 0 0 0 0 0 0 0 0 0 0 0 0 0 0 0.05941908 0.00571632150246992 0 0 0 0 0 0 0 0 0 0 0 0 0 0 0.0028015935 0.000402921153555817 nan nan nan nan nan nan 19.7626475 12.9484597419225 0 0 0 0 0 0 0 0 
22 28713345 94974.0305294031 28713345 94974.0305294031 0 0 0 0 0 0 56.1 3.53411940941446 0.003151025 0.00039428196562232 0 0 0 0 0 0 0 0 0 0 0 0 0 0 0 0 0.99997195 9.3459884442487e-06 0.99997195 9.3459884442487e-06 0 0 0 0 0 0 0.06629765 0.00566137236158337 0 0 0 0 0 0 0 0 0 0 0 0 0 0 0.45 0.973396116696589 0.45 0.973396116696589 0 0 0 0 0 0 0.5 0 1 0 0 0 28713345 94974.0305294031 0 0 0 0 0 0 0 0 0 0 28713345 94974.0305294031 28713345 94974.0305294031 0 0 0 0 0 0 0 0 0 0 0 0 0 0 0.06629765 0.00566137236158337 0 0 0 0 0 0 0 0 0 0 0 0 0 0 0.003151025 0.00039428196562232 nan nan nan nan nan nan 22.3545525 11.1919872802987 0 0 0 0 0 0 0 0 
24 28756590 96125.703638517 28756590 96125.703638517 0 0 0 0 0 0 59.55 2.95761728423405 0.0034102625 0.000432705496323712 0 0 0 0 0 0 0 0 0 0 0 0 0 0 0 0 0.99997015 1.16502145902827e-05 0.99997015 1.16502145902827e-05 0 0 0 0 0 0 0.071923255 0.00623992896942545 0 0 0 0 0 0 0 0 0 0 0 0 0 0 0.7 1.76351920885484 0.7 1.76351920885484 0 0 0 0 0 0 0.5 0 1 0 0 0 28756590 96125.703638517 0 0 0 0 0 0 0 0 0 0 28756590 96125.703638517 28756590 96125.703638517 0 0 0 0 0 0 0 0 0 0 0 0 0 0 0.071923255 0.00623992896942545 0 0 0 0 0 0 0 0 0 0 0 0 0 0 0.0034102625 0.000432705496323712 nan nan nan nan nan nan 28.4129215 20.9257890800128 0 0 0 0 0 0 0 0 
26 28806670 84543.3385903348 28806670 84543.3385903348 0 0 0 0 0 0 63.05 3.89197893108377 0.003724502 0.000449247882572639 0 0 0 0 0 0 0 0 0 0 0 0 0 0 0 0 0.9999644 1.25992063242028e-05 0.9999644 1.25992063242028e-05 0 0 0 0 0 0 0.07813088 0.00590074559429569 0 0 0 0 0 0 0 0 0 0 0 0 0 0 0.35 0.726291952316698 0.35 0.726291952316698 0 0 0 0 0 0 0.5 0 1 0 0 0 28806670 84543.3385903348 0 0 0 0 0 0 0 0 0 0 28806670 84543.3385903348 28806670 84543.3385903348 0 0 0 0 0 0 0 0 0 0 0 0 0 0 0.07813088 0.00590074559429569 0 0 0 0 0 0 0 0 0 0 0 0 0 0 0.003724502 0.000449247882572639 nan nan nan nan nan nan 24.616783 18.7581611766317 0 0 0 0 0 0 0 0 
28 28878765 102339.773670846 28878765 102339.773670846 0 0 0 0 0 0 66.6 3.62491379207837 0.004237026 0.000617451551025665 0 0 0 0 0 0 0 0 0 0 0 0 0 0 0 0 0.99996175 9.68439466357064e-06 0.99996175 9.68439466357064e-06 0 0 0 0 0 0 0.086981675 0.00774891261428821 0 0 0 0 0 0 0 0 0 0 0 0 0 0 1.45 2.45916652547159 1.45 2.45916652547159 0 0 0 0 0 0 0.5 0 1 0 0 0 28878765 102339.773670846 0 0 0 0 0 0 0 0 0 0 28878765 102339.773670846 28878765 102339.773670846 0 0 0 0 0 0 0 0 0 0 0 0 0 0 0.086981675 0.00774891261428821 0 0 0 0 0 0 0 0 0 0 0 0 0 0 0.004237026 0.000617451551025665 nan nan nan nan nan nan 32.615274 24.4536553159736 0 0 0 0 0 0 0 0 
30 28938810 76158.1440162508 28938810 76158.1440162508 0 0 0 0 0 0 70.95 3.86619968444466 0.004683534 0.00050678887290863 0 0 0 0 0 0 0 0 0 0 0 0 0 0 0 0 0.99995855 9.96230395038934e-06 0.99995855 9.96230395038934e-06 0 0 0 0 0 0 0.095492785 0.00635349402394265 0 0 0 0 0 0 0 0 0 0 0 0 0 0 0.7 0.9 0.7 0.9 0 0 0 0 0 0 0.5 0 1 0 0 0 28938810 76158.1440162508 0 0 0 0 0 0 0 0 0 0 28938810 76158.1440162508 28938810 76158.1440162508 0 0 0 0 0 0 0 0 0 0 0 0 0 0 0.095492785 0.00635349402394265 0 0 0 0 0 0 0 0 0 0 0 0 0 0 0.004683534 0.00050678887290863 nan nan nan nan nan nan 40.3138125 30.2492501871241 0 0 0 0 0 0 0 0 
32 28989100 81952.0164486512 28989100 81952.0164486512 0 0 0 0 0 0 73.55 3.6121323342314 0.005095628 0.000539589463505358 0 0 0 0 0 0 0 0 0 0 0 0 0 0 0 0 0.9999448 1.49217961385293e-05 0.9999448 1.49217961385293e-05 0 0 0 0 0 0 0.103285725 0.00692637740668779 0 0 0 0 0 0 0 0 0 0 0 0 0 0 1.95 2.67348087705897 1.95 2.67348087705897 0 0 0 0 0 0 0.5 0 1 0 0 0 28989100 81952.0164486512 0 0 0 0 0 0 0 0 0 0 28989100 81952.0164486512 28989100 81952.0164486512 0 0 0 0 0 0 0 0 0 0 0 0 0 0 0.103285725 0.00692637740668779 0 0 0 0 0 0 0 0 0 0 0 0 0 0 0.005095628 0.000539589463505358 nan nan nan nan nan nan 28.71698 13.0921762695359 0 0 0 0 0 0 0 0 
34 29036310 66793.6741016692 29036310 66793.6741016692 0 0 0 0 0 0 76.3 3.76961536499415 0.0055876595 0.000479655840092404 0 0 0 0 0 0 0 0 0 0 0 0 0 0 0 0 0.999953 9.71596624120147e-06 0.999953 9.71596624120147e-06 0 0 0 0 0 0 0.111657455 0.00603389723259147 0 0 0 0 0 0 0 0 0 0 0 0 0 0 1.95 2.33398800339676 1.95 2.33398800339676 0 0 0 0 0 0 0.5 0 1 0 0 0 29036310 66793.6741016692 0 0 0 0 0 0 0 0 0 0 29036310 66793.6741016692 29036310 66793.6741016692 0 0 0 0 0 0 0 0 0 0 0 0 0 0 0.111657455 0.00603389723259147 0 0 0 0 0 0 0 0 0 0 0 0 0 0 0.0055876595 0.000479655840092404 nan nan nan nan nan nan 25.03529 12.0578409205338 0 0 0 0 0 0 0 0 
36 29052640 77842.5616228038 29052640 77842.5616228038 0 0 0 0 0 0 80.35 4.73576815310885 0.005862246 0.000548930268553302 0 0 0 0 0 0 0 0 0 0 0 0 0 0 0 0 0.99994465 1.50541522511324e-05 0.99994465 1.50541522511324e-05 0 0 0 0 0 0 0.1172716 0.00725629361588959 0 0 0 0 0 0 0 0 0 0 0 0 0 0 2.4 3.46987031457949 2.4 3.46987031457949 0 0 0 0 0 0 0.5 0 1 0 0 0 29052640 77842.5616228038 0 0 0 0 0 0 0 0 0 0 29052640 77842.5616228038 29052640 77842.5616228038 0 0 0 0 0 0 0 0 0 0 0 0 0 0 0.1172716 0.00725629361588959 0 0 0 0 0 0 0 0 0 0 0 0 0 0 0.005862246 0.000548930268553302 nan nan nan nan nan nan 31.6629595 15.099797025787 0 0 0 0 0 0 0 0 
38 29093945 92545.7858305823 29093945 92545.7858305823 0 0 0 0 0 0 83.15 5.597097462078 0.0063158635 0.000798215542853401 0 0 0 0 0 0 0 0 0 0 0 0 0 0 0 0 0.99994075 1.15839328382005e-05 0.99994075 1.15839328382005e-05 0 0 0 0 0 0 0.1256616 0.0100960113430998 0 0 0 0 0 0 0 0 0 0 0 0 0 0 2.15 1.93067345763078 2.15 1.93067345763078 0 0 0 0 0 0 0.5 0 1 0 0 0 29093945 92545.7858305823 0 0 0 0 0 0 0 0 0 0 29093945 92545.7858305823 29093945 92545.7858305823 0 0 0 0 0 0 0 0 0 0 0 0 0 0 0.1256616 0.0100960113430998 0 0 0 0 0 0 0 0 0 0 0 0 0 0 0.0063158635 0.000798215542853401 nan nan nan nan nan nan 28.3447125 19.7907511357949 0 0 0 0 0 0 0 0 
40 29151915 60931.4801641976 29151915 60931.4801641976 0 0 0 0 0 0 87.25 4.12158949921023 0.007021592 0.000492093283266496 0 0 0 0 0 0 0 0 0 0 0 0 0 0 0 0 0.99994615 9.19932062708753e-06 0.99994615 9.19932062708753e-06 0 0 0 0 0 0 0.13734455 0.00624909533832698 0 0 0 0 0 0 0 0 0 0 0 0 0 0 3.3 3.33316666249979 3.3 3.33316666249979 0 0 0 0 0 0 0.5 0 1 0 0 0 29151915 60931.4801641976 0 0 0 0 0 0 0 0 0 0 29151915 60931.4801641976 29151915 60931.4801641976 0 0 0 0 0 0 0 0 0 0 0 0 0 0 0.13734455 0.00624909533832698 0 0 0 0 0 0 0 0 0 0 0 0 0 0 0.007021592 0.000492093283266496 nan nan nan nan nan nan 33.3826485 20.031556377074 0 0 0 0 0 0 0 0 
42 29198940 75246.5972652584 29198940 75246.5972652584 0 0 0 0 0 0 92.9 4.2414620120897 0.007680318 0.000558787537795896 0 0 0 0 0 0 0 0 0 0 0 0 0 0 0 0 0.99994345 1.21715857635715e-05 0.99994345 1.21715857635715e-05 0 0 0 0 0 0 0.1477296 0.00838190533470762 0 0 0 0 0 0 0 0 0 0 0 0 0 0 4.35 4.0034360242172 4.35 4.0034360242172 0 0 0 0 0 0 0.5 0 1 0 0 0 29198940 75246.5972652584 0 0 0 0 0 0 0 0 0 0 29198940 75246.5972652584 29198940 75246.5972652584 0 0 0 0 0 0 0 0 0 0 0 0 0 0 0.1477296 0.00838190533470762 0 0 0 0 0 0 0 0 0 0 0 0 0 0 0.007680318 0.000558787537795896 nan nan nan nan nan nan 31.305085 15.3589971412614 0 0 0 0 0 0 0 0 
44 29164775 85459.5452538802 29164775 85459.5452538802 0 0 0 0 0 0 95.8 4.72863616701476 0.0076679995 0.00081225840014416 0 0 0 0 0 0 0 0 0 0 0 0 0 0 0 0 0.99993055 1.59011792015536e-05 0.99993055 1.59011792015536e-05 0 0 0 0 0 0 0.1490556 0.00995946562020272 0 0 0 0 0 0 0 0 0 0 0 0 0 0 3.45 3.93033077488397 3.45 3.93033077488397 0 0 0 0 0 0 0.5 0 1 0 0 0 29164775 85459.5452538802 0 0 0 0 0 0 0 0 0 0 29164775 85459.5452538802 29164775 85459.5452538802 0 0 0 0 0 0 0 0 0 0 0 0 0 0 0.1490556 0.00995946562020272 0 0 0 0 0 0 0 0 0 0 0 0 0 0 0.0076679995 0.00081225840014416 nan nan nan nan nan nan 40.3223355 26.5592449817563 0 0 0 0 0 0 0 0 
46 29211030 59439.0873079323 29211030 59439.0873079323 0 0 0 0 0 0 97.95 4.16503301307445 0.0080968505 0.000442896917820332 0 0 0 0 0 0 0 0 0 0 0 0 0 0 0 0 0.99993225 1.02560957483846e-05 0.99993225 1.02560957483846e-05 0 0 0 0 0 0 0.1592045 0.0070134567760841 0 0 0 0 0 0 0 0 0 0 0 0 0 0 3.4 2.92232783924049 3.4 2.92232783924049 0 0 0 0 0 0 0.5 0 1 0 0 0 29211030 59439.0873079323 0 0 0 0 0 0 0 0 0 0 29211030 59439.0873079323 29211030 59439.0873079323 0 0 0 0 0 0 0 0 0 0 0 0 0 0 0.1592045 0.0070134567760841 0 0 0 0 0 0 0 0 0 0 0 0 0 0 0.0080968505 0.000442896917820332 nan nan nan nan nan nan 24.84037 14.064203560645 0 0 0 0 0 0 0 0 
48 29208940 79331.7237931964 29208940 79331.7237931964 0 0 0 0 0 0 100.6 7.93347338811948 0.008611271 0.00095471203569401 0 0 0 0 0 0 0 0 0 0 0 0 0 0 0 0 0.99992925 1.25891818638087e-05 0.99992925 1.25891818638087e-05 0 0 0 0 0 0 0.16566905 0.0104415291144305 0 0 0 0 0 0 0 0 0 0 0 0 0 0 5.6 9.09065454189081 5.6 9.09065454189081 0 0 0 0 0 0 0.5 0 1 0 0 0 29208940 79331.7237931964 0 0 0 0 0 0 0 0 0 0 29208940 79331.7237931964 29208940 79331.7237931964 0 0 0 0 0 0 0 0 0 0 0 0 0 0 0.16566905 0.0104415291144305 0 0 0 0 0 0 0 0 0 0 0 0 0 0 0.008611271 0.00095471203569401 nan nan nan nan nan nan 37.1791405 20.9500092512119 0 0 0 0 0 0 0 0 
50 29258615 72284.0734532857 29258615 72284.0734532857 0 0 0 0 0 0 106.35 7.12934078298969 0.0093424945 0.000820850415346639 0 0 0 0 0 0 0 0 0 0 0 0 0 0 0 0 0.99992405 1.36509157202087e-05 0.99992405 1.36509157202087e-05 0 0 0 0 0 0 0.1773671 0.00986424603251561 0 0 0 0 0 0 0 0 0 0 0 0 0 0 3.85 2.37223523285529 3.85 2.37223523285529 0 0 0 0 0 0 0.5 0 1 0 0 0 29258615 72284.0734532857 0 0 0 0 0 0 0 0 0 0 29258615 72284.0734532857 29258615 72284.0734532857 0 0 0 0 0 0 0 0 0 0 0 0 0 0 0.1773671 0.00986424603251561 0 0 0 0 0 0 0 0 0 0 0 0 0 0 0.0093424945 0.000820850415346639 nan nan nan nan nan nan 37.923216 22.145334719468 0 0 0 0 0 0 0 0 
