2 25421800 3700 0.0004425235 1.83135e-05 0.5317455 0.000226500000000018 200000000 0 0.00539747 3.67000000000002e-05 2.5 0 24638450 1850 782950.5 5529.5 25421400 3700 0.934353 1.6000000000016e-05 0 0 62065 9 242 10 484558 35 546865 34 0.0571887 1.3599999999999e-05 1000 0 0 0 4.00978 0.0270299999999999 
3 25501700 14700 0.0008605065 2.26749999999998e-06 0.3770365 0.00021549999999998 200000000 0 0.00716689 3.724e-05 3.33333 0 23952800 6800 774246.5 3993.5 25501250 14750 0.955416 1.50000000000428e-05 0 0 62260 36 461 2 473007.5 946.5 535728.5 912.5 0.03931235 8.68499999999994e-05 1000 0 0 0 5.271965 0.033255 
4 26701850 35650 0.01167835 5.40499999999999e-05 0.535832 1.6000000000016e-05 200000000 0 0.00916886 2.00399999999998e-05 2.5 0 12888300 17000 462438.5 819.5 26701400 35600 0.9645885 3.49999999998962e-06 0 0 65190 87 4171.5 35.5 287832 1439 357193.5 1387.5 0.0514883 0.0002126 999.875 0.125 0 0 5.167155 0.056095 
5 26706750 1250 0.0122089 3.07999999999992e-05 0.444321 6.99999999999867e-05 200000000 0 0.0108379 2.14000000000004e-05 3 0 12656850 1650 464213.5 682.5 26706350 1250 0.971225 1.30000000000408e-05 0 0 65202 3 4311 9 283590.5 159.5 353103.5 153.5 0.04184215 2.61499999999991e-05 1000 0 0 0 6.143565 0.0236749999999999 
6 26486150 1050 0.0254949 3.82000000000004e-05 0.541303 0.000364000000000031 200000000 0 0.012147 9.34000000000004e-05 2.666665 0.166665 8477625 2595 350958.5 2935.5 26485750 1050 0.975886 1.4000000000014e-05 0.0833335 0.0833335 64663.5 2.5 7313.5 5.5 214885 222 286862 214 0.0462351 4.11999999999982e-05 1000 0 0 0 5.41505 0.00541000000000036 
7 26495400 46300 0.0259875 9.57000000000006e-05 0.4760325 0.000102499999999978 200000000 0 0.0139046 1.10000000000041e-06 3.214285 0.0714250000000001 8369085 15565 346931.5 102.5 26495000 46300 0.979026 2.69999999999992e-05 0.142857 0 64686 113 7387.5 62.5 212192.5 1408.5 284266 1358 0.0400966 0.000181999999999998 1000 0 0 0 6.061105 0.00165499999999996 
8 26064250 7150 0.0391843 4.09999999999994e-05 0.546219 0.000583 200000000 0 0.0147974 0.0001908 3 0.5 6226480 5580 289485 3789 26063850 7150 0.9816625 4.99999999958867e-07 0.75 0.375 63633.5 17.5 9754 4 175539 376 248926.5 362.5 0.04209835 4.62499999999977e-05 1000 0 0 0 5.52139 0.0350699999999997 
9 26079000 29700 0.0394741 0.0002413 0.4961845 6.04999999999911e-05 200000000 0 0.0164617 2.19e-05 2.88889 0.11111 6161665 7115 286392.5 245.5 26078600 29700 0.9834405 1.55000000000016e-05 0.611111 0.166667 63669.5 72.5 9770.5 66.5 174075.5 177.5 247515.5 171.5 0.03766115 1.27500000000023e-05 999.9445 0.055499999999995 0 0 6.029075 0.0235449999999999 
10 25628300 34000 0.0516975 0.000363200000000001 0.5505325 0.000904499999999975 200000000 0 0.0173323 0.000331900000000001 3.05 0.05 4877395 2005 248176.5 4792.5 25627850 33950 0.9851315 1.75000000000036e-05 1.05 0.15 62569 83 11676.5 82.5 151616.5 9.5 225862 9 0.03850825 2.56500000000021e-05 1000 0 0 0 5.74997 0.00265000000000004 
11 25617200 32800 0.05176675 2.25000000000225e-06 0.5105085 0.000732499999999969 200000000 0 0.0187853 0.0002173 2.90909 0 4826190 10200 247705.5 3037.5 25617200 32800 0.9863065 1.95000000000056e-05 1.09091 0.09091 62542 80 11698.5 46.5 151744.5 941.5 225985 908 0.03499825 0.000140049999999999 999.909 0 0 0 6.111125 0.019755 
12 25193450 15350 0.06306585 0.000320750000000002 0.5550725 0.000603499999999979 200000000 0 0.01955105 0.000148550000000001 2.958335 0.0416650000000001 3978140 4610 220740 2082 25193250 15150 0.987452 1.2000000000012e-05 2.041665 0.0416650000000001 61507.5 37.5 13296.5 1.5 136036.5 1087.5 210840.5 1048.5 0.03538135 0.000182450000000001 1000 0 0 0 5.9335 0.00894000000000039 
13 25200000 12500 0.0630581 0.000122199999999996 0.5213805 0.000310499999999991 200000000 0 0.02103895 0.000112050000000001 3.269235 0.115385 3943865 715 219487 1170 25199600 12500 0.988246 7.00000000003476e-06 1.807695 0.115385 61523.5 30.5 13286 29 135885 53 210694.5 51.5 0.0327293 2.24999999999982e-05 1000 0 0 0 6.243655 0.0152050000000004 
14 24857200 33400 0.0728469 0.0003569 0.5606035 3.55000000000216e-05 200000000 0 0.02117115 9.36500000000007e-05 3.14286 0.0714300000000001 3346020 3980 204946 790 24856800 33400 0.9890715 1.34999999999996e-05 2.285715 0.0714250000000001 60686.5 81.5 14537 78 124331.5 96.5 199555 93 0.032767 2.63999999999993e-05 1000 0 0 0 6.118635 0.00371500000000013 
15 24796150 35850 0.0743046 0.000258999999999995 0.530626 0.000319999999999987 200000000 0 0.0229621 3.53000000000003e-05 3.4 0.13333 3313605 5385 200064 230 24795750 35850 0.9896785 1.34999999999996e-05 2.366665 0.433335 60537.5 87.5 14733.5 75.5 123013 337 198284 325 0.03088705 3.95499999999993e-05 1000 0 0 0 6.40754 0.03369 
16 24542400 18000 0.0829563 0.000333399999999998 0.565492 0.000770999999999966 200000000 0 0.0229773 0.0001711 3 0.375 2877875 3865 189875 1613 24542000 18000 0.9902715 8.50000000002238e-06 3.59375 0.59375 59918 44 15692 50 113550.5 163.5 189160.5 157.5 0.03090445 1.665e-05 1000 0 0 0 6.284415 0.0502149999999997 
17 24510050 6950 0.08363705 1.21500000000024e-05 0.539152 0.000379000000000018 200000000 0 0.0246114 0.0001168 3.411765 0.176475 2854550 410 185913 1138 24509650 6950 0.9907365 3.49999999998962e-06 3.794115 0.558825 59839 17 15786.5 12.5 113124.5 126.5 188750 122 0.0291581 2.28999999999993e-05 1000 0 0 0 6.53722 0.0199000000000003 
18 24108450 14950 0.0932159 0.000204599999999999 0.5692815 0.000187500000000007 200000000 0 0.0249061 2.33999999999998e-05 3.38889 0.27778 2503295 2045 175377 387 24108050 14950 0.9912485 5.49999999999162e-06 4.277775 0.555555 58858.5 36.5 17003 37 106543 4 182404.5 3.5 0.0290633 1.93999999999993e-05 1000 0 0 0 6.448975 0.0104150000000001 
19 24108850 2650 0.0928909 0.0001197 0.5480365 0.000322500000000003 200000000 0 0.02592635 2.53500000000004e-05 3.31579 0.10526 2482720 680 176394 348 24108450 2650 0.9915995 1.49999999998762e-06 4.71053 0.13158 58859.5 6.5 16985.5 1.5 107009.5 227.5 182854.5 219.5 0.0274662 3.27000000000001e-05 1000 0 0 0 6.68367 0.0417700000000001 
20 23847750 28250 0.101073 0.000147000000000001 0.5732445 0.000494500000000009 200000000 0 0.02667425 0.00019725 3.475 0.0249999999999999 2220425 4075 164331.5 1228.5 23847550 28450 0.9919765 7.49999999999362e-06 6.35 0.2 58222 69 17853.5 43.5 100565 713 176640.5 687.5 0.0274129 0.0001186 1000 0 0 0 6.646145 0.0257049999999999 
21 23827450 2250 0.101414 6.50000000000026e-05 0.554099 0.00129800000000002 200000000 0 0.02773515 0.000377550000000001 3.42857 0.04762 2201355 3115 164882.5 2606.5 23827250 2450 0.992269 3.00000000003076e-06 6.40476 0.0714299999999999 58172.5 5.5 17906 1 100485 128 176563.5 123.5 0.0261487 1.72000000000002e-05 1000 0 0 0 6.830875 0.00208500000000011 
22 23529100 9000 0.109562 1.79999999999972e-05 0.575719 0.00118400000000002 200000000 0 0.0286333 0.000275899999999999 3.59091 0.13636 1985390 2550 153581.5 1731.5 23528650 9050 0.9925925 4.99999999958867e-07 6.84091 0.15909 57444 22 18814.5 15.5 95466 176 171724.5 169.5 0.0260285 2.20000000000012e-05 1000 0 0 0 6.85187 0.0323700000000002 
23 23542400 30500 0.1097625 0.000646499999999994 0.561018 6.40000000000085e-05 200000000 0 0.0289755 9.87000000000002e-05 3.608695 0.0869550000000001 1968145 1995 157696 717 23541950 30550 0.992822 2.99999999997524e-06 6.847825 0.369565 57476.5 74.5 18799 84 94996 253 171271.5 243.5 0.0249556 5.11999999999995e-05 1000 0 0 0 6.999375 0.060095 
24 23284750 3050 0.1171395 6.55000000000031e-05 0.581538 0.00118600000000002 200000000 0 0.0297559 0.000361100000000001 3.3125 0.10417 1791795 1945 148565.5 2201.5 23284350 3050 0.9930855 5.00000000014378e-07 8 0.58333 56847.5 7.5 19581 3 90731.5 123.5 167160 119 0.02481625 5.94999999999936e-06 1000 0 0 0 7.011915 0.052505 
25 23306650 15950 0.1176595 0.000439499999999995 0.564999 0.000352999999999992 200000000 0 0.0307527 7.15000000000004e-05 3.52 0 1781350 680 148480 583 23306450 15750 0.9932755 5.00000000014378e-07 8.12 0.4 56901 39 19561 12 89792 750 166254 723 0.02399265 0.000122250000000001 1000 0 0 0 7.13052 0.00105999999999984 
26 23033250 23950 0.124318 0.000134999999999996 0.585203 0.000690000000000024 200000000 0 0.03130595 0.000248249999999998 3.76923 0.19231 1630285 615 141485.5 1244.5 23033050 24150 0.9935055 4.50000000001838e-06 9.326925 0.403845 56233.5 58.5 20330 50 86968 233 163531.5 224.5 0.02372765 1.55499999999996e-05 1000 0 0 0 7.193165 0.00661499999999959 
27 23039400 10000 0.1248295 3.65000000000018e-05 0.570202 6.30000000000353e-05 200000000 0 0.0324274 8.18999999999993e-05 3.38889 0.09259 1620645 555 140785.5 204.5 23039400 10000 0.993668 1.00000000002876e-06 8.666665 0.222225 56248.5 24.5 20337.5 17.5 86336 195 162922 188 0.0229368 1.7699999999999e-05 1000 0 0 0 7.29007 0.0259200000000002 
28 22815100 43400 0.1311135 0.000409500000000007 0.5886405 0.00104950000000004 200000000 0 0.03280525 0.00019895 3.48214 0.125 1494485 3745 135153.5 658.5 22814900 43200 0.993854 4.000000000004e-06 10.71425 0.39285 55701 106 20990 97 83398.5 248.5 160089.5 239.5 0.0227411 1.7699999999999e-05 1000 0 0 0 7.364295 0.0388350000000002 
29 22781300 12900 0.132705 0.000303999999999999 0.5759045 0.00040049999999997 200000000 0 0.0335891 0.0001139 3.672415 0.017245 1481420 630 136082.5 259.5 22781100 12700 0.994003 9.99999999973245e-07 10.01726 0.0517400000000006 55618.5 31.5 21110.5 35.5 82349.5 100.5 159078.5 96.5 0.02214185 2.395e-05 1000 0 0 0 7.446115 0.00511499999999998 
30 22537650 27650 0.1391075 0.000419500000000003 0.5920715 0.000683500000000004 200000000 0 0.0343522 0.0002477 3.8 0.06667 1373170 3060 129311 1215 22537250 27650 0.9941735 2.49999999996087e-06 11.13335 0.566649999999999 55023.5 67.5 21794.5 39.5 79858.5 784.5 156676.5 756.5 0.0219918 0.0001046 1000 0 0 0 7.55546 0.000750000000000028 
31 22544400 4500 0.138505 0.000225000000000003 0.580549 0.000831999999999999 200000000 0 0.0351786 0.000271499999999997 3.69355 0.17742 1364320 1610 129945.5 1228.5 22544000 4500 0.9942935 5.00000000014378e-07 11.1774 0.1774 55040 11 21762 1 80319.5 272.5 157121.5 262.5 0.0212144 4.55000000000004e-05 999.984 0.0160000000000196 0 0 7.651945 0.014195 
32 22334250 1250 0.145973 0.000305 0.596307 0.000745999999999969 200000000 0 0.03561595 0.000217250000000002 3.78125 0.15625 1270505 845 125363 768 22333850 1250 0.994438 9.99999999973245e-07 11.8125 0.1875 54527 3 22409 7 76579 283 153515 273 0.02122545 4.36499999999992e-05 1000 0 0 0 7.713645 0.00577499999999986 
33 22335450 18850 0.1457385 0.000293500000000002 0.5865555 0.00219150000000001 200000000 0 0.03613275 0.000666549999999998 3.60606 0.0606100000000001 1261095 1495 126916 2518 22335050 18850 0.994544 2.000000000002e-06 11.48485 0.0606499999999999 54530 46 22399 46 76764 6 153693 6 0.02055885 1.65500000000006e-05 1000 0 0 0 7.782445 0.0259849999999999 
34 22106500 8600 0.152055 0.000195000000000001 0.600076 0.000641999999999976 200000000 0 0.0369757 0.000277300000000001 3.88235 0 1179325 1795 121037 1289 22106100 8600 0.994677 9.99999999973245e-07 13 0.470599999999999 53971 21 23039 11 74508 277 151518 267 0.02045435 2.93500000000009e-05 1000 0 0 0 7.87418 0.00952000000000019 
35 22086900 29900 0.15254 0.000171999999999992 0.5892575 0.000487499999999974 200000000 0 0.03804615 0.00024445 3.7 0.0999999999999999 1171850 830 120285.5 887.5 22086700 30100 0.994772 2.000000000002e-06 12.17145 0.05715 53923 73 23092 64 74368 258 151383 249 0.0199023 9.79999999999905e-06 1000 0 0 0 7.95785 0.00925999999999982 
36 21943900 12700 0.158377 0.000224000000000002 0.603945 0.000423000000000007 200000000 0 0.03813925 8.98500000000024e-05 3.847225 0.0416650000000001 1101485 955 117612 262 21943700 12500 0.994875 9.99999999973245e-07 14.1389 0.0833000000000004 53574 31 23542.5 31.5 71532 12 148648.5 11.5 0.0198518 1.10000000000041e-06 1000 0 0 0 8.03956 0.0130499999999998 
37 21900900 21700 0.1589875 0.00042049999999999 0.5939535 0.000829499999999983 200000000 0 0.03918775 0.000251050000000003 3.81081 0.0270299999999999 1093120 380 117070 787 21900500 21700 0.994962 1.00000000002876e-06 13.93245 0.77025 53469 53 23645 31 71610 610 148724 588 0.0193381 7.39e-05 1000 0 0 0 8.1746 0.0065299999999997 
38 21700200 4100 0.1649285 0.0005415 0.607314 0.000975999999999977 200000000 0 0.03961125 0.00010845 3.907895 0.118425 1028635 475 113459.5 258.5 21699800 4100 0.995067 9.99999999973245e-07 14.4079 0.0658000000000003 52979 10 24207.5 22.5 69590 358 146776.5 345.5 0.0192375 5.60999999999999e-05 1000 0 0 0 8.227115 0.00700500000000037 
39 21700850 1850 0.1657335 0.000109499999999998 0.5984665 0.000378500000000004 200000000 0 0.04030235 0.000272349999999998 3.846155 0.128205 1022165 925 113971 799 21700600 1600 0.9951405 5.00000000014378e-07 13.8846 0.4487 52980.5 4.5 24228 7 68978 57 146186.5 54.5 0.01884325 3.75000000000028e-06 999.987 0.0129999999999768 0 0 8.294305 0.00978499999999993 
40 21553950 31150 0.1702305 0.000217499999999995 0.6126315 0.000582500000000041 200000000 0 0.04055555 0.00022105 3.775 0.175 966267 799 111421 768 21553750 31350 0.995227 9.99999999973245e-07 15.0125 0.962499999999999 52622 76 24640 68 67482.5 222.5 144744.5 214.5 0.0186892 2.3200000000001e-05 1000 0 0 0 8.411175 0.0197249999999993 
